CHARACTER_NAME: A
STROKE_COUNT: 3
  X           Y   STYLUS_STATE STROKE
PEN_DOWN
1138        1561        1        1
1164        1561        1        1
1191        1561        1        1
1217        1561        1        1
1244        1561        1        1
1270        1561        1        1
1296        1561        1        1
1323        1561        1        1
1349        1561        1        1
1376        1561        1        1
1402        1561        1        1
1429        1561        1        1
1455        1561        1        1
1482        1561        1        1
1508        1561        1        1
1535        1561        1        1
1561        1561        1        1
1588        1561        1        1
1614        1561        1        1
1640        1535        1        1
1667        1535        1        1
1720        1535        1        1
1746        1535        1        1
1773        1535        1        1
1799        1535        1        1
1826        1535        1        1
1852        1535        1        1
1879        1535        1        1
1905        1535        1        1
1931        1535        1        1
1958        1535        1        1
1984        1535        1        1
2011        1535        1        1
2037        1535        1        1
2064        1535        1        1
2090        1535        1        1
2117        1535        1        1
2143        1535        1        1
2170        1535        1        1
2196        1535        1        1
2223        1535        1        1
2249        1535        1        1
2275        1535        1        1
2302        1535        1        1
2328        1535        1        1
2355        1535        1        1
2381        1535        1        1
2408        1508        1        1
2434        1508        1        1
2461        1508        1        1
2487        1508        1        1
2514        1508        1        1
2566        1508        1        1
2593        1508        1        1
2619        1508        1        1
2646        1508        1        1
2672        1508        1        1
2725        1508        1        1
2752        1508        1        1
2778        1508        1        1
2831        1508        1        1
2858        1508        1        1
2884        1508        1        1
2910        1508        1        1
2963        1508        1        1
2990        1508        1        1
3016        1508        1        1
3043        1508        1        1
3069        1508        1        1
3096        1482        1        1
3122        1482        1        1
3149        1482        1        1
3175        1482        1        1
3201        1482        1        1
3228        1482        1        1
3254        1482        1        1
3281        1482        1        1
3307        1482        1        1
3334        1482        1        1
3360        1482        1        1
3387        1482        1        1
3413        1482        1        1
3440        1482        1        1
3466        1482        1        1
3493        1482        1        1
3519        1482        1        1
3545        1482        1        1
3519        1482        1        1
3493        1482        1        1
3466        1482        1        1
PEN_UP                  0
PEN_DOWN
1561        1667        1        2
1561        1693        1        2
1535        1693        1        2
1561        1720        1        2
1561        1746        1        2
1561        1773        1        2
1561        1799        1        2
1561        1826        1        2
1561        1852        1        2
1561        1879        1        2
1561        1905        1        2
1535        1905        1        2
1535        1931        1        2
1508        1931        1        2
1508        1958        1        2
1482        1958        1        2
1455        1958        1        2
1429        1958        1        2
1429        1931        1        2
1402        1931        1        2
1402        1905        1        2
1376        1905        1        2
1376        1879        1        2
1402        1879        1        2
1402        1852        1        2
1429        1852        1        2
1455        1826        1        2
1482        1826        1        2
1508        1826        1        2
1535        1826        1        2
1561        1826        1        2
1588        1826        1        2
1614        1826        1        2
1614        1852        1        2
1640        1852        1        2
1667        1852        1        2
1667        1879        1        2
1693        1879        1        2
1693        1905        1        2
1720        1905        1        2
1720        1931        1        2
1746        1931        1        2
1746        1958        1        2
1773        1958        1        2
1773        1984        1        2
1799        2011        1        2
1799        2037        1        2
1826        2064        1        2
1826        2090        1        2
1826        2117        1        2
1826        2143        1        2
1799        2143        1        2
1799        2170        1        2
1799        2196        1        2
1773        2223        1        2
1773        2249        1        2
1773        2275        1        2
1746        2275        1        2
1746        2302        1        2
1720        2302        1        2
1720        2328        1        2
1693        2328        1        2
1693        2355        1        2
1667        2355        1        2
1640        2381        1        2
1614        2408        1        2
1588        2408        1        2
1588        2434        1        2
1561        2434        1        2
1535        2434        1        2
1508        2461        1        2
1482        2461        1        2
1455        2487        1        2
1429        2487        1        2
1402        2487        1        2
1376        2487        1        2
1349        2487        1        2
1323        2487        1        2
1296        2487        1        2
1270        2461        1        2
1244        2461        1        2
1217        2461        1        2
1191        2461        1        2
1164        2434        1        2
1138        2434        1        2
1111        2434        1        2
1085        2434        1        2
1058        2434        1        2
1032        2408        1        2
1005        2408        1        2
 979        2381        1        2
 953        2381        1        2
 953        2355        1        2
 926        2355        1        2
 926        2328        1        2
 900        2302        1        2
 900        2275        1        2
 873        2275        1        2
 873        2249        1        2
 873        2223        1        2
 847        2223        1        2
 847        2196        1        2
 847        2170        1        2
 820        2170        1        2
 847        2170        1        2
 820        2170        1        2
 820        2143        1        2
 820        2117        1        2
 820        2143        1        2
 847        2143        1        2
PEN_UP                  0
PEN_DOWN
1852        2434        1        3
1826        2434        1        3
1826        2408        1        3
1799        2408        1        3
1799        2381        1        3
1773        2381        1        3
1773        2355        1        3
1773        2381        1        3
1799        2381        1        3
1826        2381        1        3
1852        2408        1        3
1879        2408        1        3
1879        2434        1        3
1905        2434        1        3
1931        2434        1        3
1958        2461        1        3
1984        2487        1        3
2011        2487        1        3
2011        2514        1        3
2037        2540        1        3
2064        2566        1        3
2090        2593        1        3
2090        2619        1        3
2117        2646        1        3
2117        2672        1        3
2143        2699        1        3
2143        2725        1        3
2170        2752        1        3
2196        2778        1        3
2196        2805        1        3
2196        2831        1        3
2223        2858        1        3
2223        2884        1        3
2249        2884        1        3
2249        2910        1        3
2249        2937        1        3
2249        2963        1        3
2249        2937        1        3
2223        2937        1        3
2223        2910        1        3
2223        2884        1        3
2223        2858        1        3
2196        2831        1        3
2196        2805        1        3
2196        2778        1        3
2196        2752        1        3
2170        2725        1        3
2170        2699        1        3
2170        2672        1        3
2170        2646        1        3
2170        2619        1        3
2170        2593        1        3
2143        2566        1        3
2143        2540        1        3
2143        2514        1        3
2143        2487        1        3
2143        2461        1        3
2143        2434        1        3
2143        2408        1        3
2143        2381        1        3
2143        2355        1        3
2143        2328        1        3
2143        2302        1        3
2143        2275        1        3
2117        2249        1        3
2117        2223        1        3
2117        2196        1        3
2117        2170        1        3
2117        2143        1        3
2117        2117        1        3
2117        2090        1        3
2117        2064        1        3
2117        2037        1        3
2117        2011        1        3
2117        1984        1        3
2117        1958        1        3
2117        1931        1        3
2117        1905        1        3
2117        1879        1        3
2117        1852        1        3
2117        1826        1        3
2117        1799        1        3
2117        1773        1        3
2117        1746        1        3
2117        1720        1        3
2117        1693        1        3
2117        1667        1        3
2117        1640        1        3
2117        1614        1        3
2117        1640        1        3
PEN_UP                  0
END_CHARACTER: A
