CHARACTER_NAME: O
STROKE_COUNT: 1
  X           Y   STYLUS_STATE STROKE
PEN_DOWN
1905        1588        1        1
1879        1588        1        1
1879        1561        1        1
1905        1561        1        1
1905        1535        1        1
1931        1535        1        1
1958        1561        1        1
1931        1561        1        1
1931        1588        1        1
1931        1614        1        1
1905        1614        1        1
1879        1614        1        1
1879        1588        1        1
1879        1561        1        1
1905        1561        1        1
1905        1535        1        1
1931        1508        1        1
1931        1535        1        1
1958        1535        1        1
1958        1561        1        1
1931        1561        1        1
1931        1535        1        1
1931        1508        1        1
1931        1535        1        1
1905        1535        1        1
1905        1508        1        1
1931        1508        1        1
1931        1482        1        1
1958        1482        1        1
1958        1455        1        1
1984        1455        1        1
1984        1429        1        1
2011        1429        1        1
2037        1429        1        1
2037        1402        1        1
2064        1402        1        1
2090        1402        1        1
2117        1402        1        1
2143        1402        1        1
2170        1402        1        1
2196        1402        1        1
2223        1402        1        1
2223        1429        1        1
2249        1429        1        1
2275        1429        1        1
2302        1455        1        1
2328        1455        1        1
2355        1455        1        1
2381        1482        1        1
2408        1482        1        1
2434        1508        1        1
2461        1535        1        1
2487        1561        1        1
2514        1588        1        1
2514        1614        1        1
2540        1614        1        1
2540        1640        1        1
2566        1667        1        1
2566        1693        1        1
2540        1720        1        1
2540        1746        1        1
2540        1773        1        1
2540        1799        1        1
2514        1826        1        1
2514        1852        1        1
2514        1879        1        1
2487        1879        1        1
2487        1905        1        1
2487        1931        1        1
2461        1931        1        1
2461        1958        1        1
2434        1984        1        1
2434        2011        1        1
2408        2011        1        1
2408        2037        1        1
2381        2064        1        1
2355        2090        1        1
2355        2117        1        1
2328        2117        1        1
2302        2143        1        1
2275        2170        1        1
2249        2196        1        1
2223        2196        1        1
2196        2223        1        1
2170        2223        1        1
2170        2249        1        1
2143        2249        1        1
2117        2249        1        1
2117        2275        1        1
2090        2275        1        1
2064        2275        1        1
2037        2302        1        1
2011        2275        1        1
1984        2275        1        1
1984        2249        1        1
2011        2249        1        1
2011        2223        1        1
2037        2223        1        1
2064        2223        1        1
2090        2196        1        1
2117        2196        1        1
2143        2170        1        1
2170        2170        1        1
2196        2170        1        1
2223        2170        1        1
2249        2143        1        1
2249        2170        1        1
2275        2170        1        1
2302        2170        1        1
2328        2170        1        1
2355        2196        1        1
2381        2196        1        1
2408        2196        1        1
2408        2223        1        1
2434        2223        1        1
2434        2249        1        1
2461        2249        1        1
2461        2275        1        1
2487        2275        1        1
2487        2302        1        1
2487        2328        1        1
2514        2328        1        1
2514        2355        1        1
2540        2381        1        1
2540        2408        1        1
2540        2434        1        1
2540        2461        1        1
2566        2487        1        1
2566        2514        1        1
2566        2540        1        1
2540        2540        1        1
2540        2566        1        1
2540        2593        1        1
2540        2619        1        1
2514        2646        1        1
2514        2672        1        1
2514        2699        1        1
2487        2699        1        1
2487        2725        1        1
2461        2752        1        1
2461        2778        1        1
2434        2778        1        1
2434        2805        1        1
2408        2805        1        1
2408        2831        1        1
2381        2831        1        1
2355        2858        1        1
2328        2858        1        1
2328        2884        1        1
2302        2884        1        1
2275        2884        1        1
2249        2910        1        1
2223        2910        1        1
2196        2910        1        1
2170        2910        1        1
2143        2910        1        1
2117        2910        1        1
2090        2910        1        1
2064        2910        1        1
2037        2910        1        1
2011        2910        1        1
1984        2884        1        1
1958        2884        1        1
1931        2884        1        1
1905        2858        1        1
1879        2858        1        1
1852        2858        1        1
1826        2831        1        1
1799        2831        1        1
1773        2805        1        1
1746        2805        1        1
1720        2778        1        1
1693        2778        1        1
1667        2752        1        1
1640        2725        1        1
1614        2725        1        1
1588        2699        1        1
1561        2672        1        1
1535        2672        1        1
1535        2646        1        1
1508        2646        1        1
1482        2619        1        1
1455        2619        1        1
1455        2593        1        1
1429        2593        1        1
1402        2566        1        1
1376        2540        1        1
1376        2514        1        1
1349        2514        1        1
1323        2487        1        1
1323        2461        1        1
1296        2461        1        1
1296        2434        1        1
1270        2408        1        1
1244        2381        1        1
1244        2355        1        1
1217        2355        1        1
1217        2328        1        1
1191        2302        1        1
1191        2275        1        1
1164        2249        1        1
1164        2223        1        1
1138        2196        1        1
1111        2170        1        1
1111        2143        1        1
1085        2117        1        1
1085        2090        1        1
1058        2064        1        1
1058        2037        1        1
1032        2011        1        1
1032        1984        1        1
1005        1958        1        1
 979        1931        1        1
 979        1905        1        1
 979        1879        1        1
 953        1852        1        1
 953        1826        1        1
 926        1826        1        1
 926        1799        1        1
 900        1773        1        1
 900        1746        1        1
 873        1746        1        1
 873        1720        1        1
 847        1693        1        1
 847        1667        1        1
 820        1667        1        1
 847        1667        1        1
 873        1667        1        1
 900        1667        1        1
PEN_UP                  0
END_CHARACTER: O
