CHARACTER_NAME: MP
STROKE_COUNT: 7
  X           Y   STYLUS_STATE STROKE
PEN_DOWN
1826        1085        1        1
1826        1058        1        1
1799        1058        1        1
1799        1085        1        1
1773        1085        1        1
1773        1111        1        1
1746        1111        1        1
1746        1138        1        1
1746        1164        1        1
1746        1191        1        1
1746        1217        1        1
1746        1244        1        1
1746        1270        1        1
1746        1296        1        1
1746        1323        1        1
1720        1323        1        1
1720        1349        1        1
1720        1376        1        1
1720        1402        1        1
1720        1429        1        1
1720        1455        1        1
1693        1455        1        1
1693        1482        1        1
1693        1508        1        1
1693        1535        1        1
1667        1535        1        1
1667        1561        1        1
1640        1588        1        1
1614        1614        1        1
1614        1640        1        1
1588        1640        1        1
1561        1640        1        1
1535        1640        1        1
1508        1640        1        1
1508        1614        1        1
1482        1614        1        1
1455        1588        1        1
1455        1561        1        1
1455        1535        1        1
1482        1508        1        1
1482        1482        1        1
1508        1482        1        1
1508        1455        1        1
1535        1455        1        1
1561        1429        1        1
1588        1455        1        1
1614        1455        1        1
1640        1455        1        1
1667        1455        1        1
1693        1482        1        1
1720        1482        1        1
1720        1508        1        1
1746        1508        1        1
1773        1508        1        1
1773        1535        1        1
1799        1535        1        1
1799        1561        1        1
1826        1561        1        1
1852        1588        1        1
1879        1588        1        1
1879        1614        1        1
1905        1614        1        1
1905        1640        1        1
1931        1640        1        1
1931        1667        1        1
1958        1693        1        1
1984        1720        1        1
1984        1746        1        1
2011        1746        1        1
2011        1773        1        1
2037        1799        1        1
2037        1826        1        1
2037        1799        1        1
2011        1799        1        1
PEN_UP                  0
PEN_DOWN
2487        1217        1        2
2514        1217        1        2
PEN_UP                  0
PEN_DOWN
2037        1482        1        3
2037        1455        1        3
2064        1455        1        3
PEN_UP                  0
PEN_DOWN
2064        1402        1        4
2090        1376        1        4
2090        1402        1        4
2117        1402        1        4
2143        1402        1        4
2170        1429        1        4
2196        1429        1        4
2196        1455        1        4
2223        1455        1        4
2249        1482        1        4
2275        1482        1        4
2275        1508        1        4
2302        1508        1        4
2302        1535        1        4
2328        1535        1        4
2328        1561        1        4
2328        1588        1        4
2355        1588        1        4
2355        1614        1        4
2355        1640        1        4
2328        1667        1        4
2328        1693        1        4
2302        1720        1        4
2302        1746        1        4
2275        1746        1        4
2275        1773        1        4
2249        1799        1        4
2249        1826        1        4
2223        1826        1        4
2223        1852        1        4
2196        1879        1        4
2170        1905        1        4
2143        1931        1        4
2143        1958        1        4
2117        1958        1        4
2143        1958        1        4
2143        1931        1        4
2170        1931        1        4
2170        1905        1        4
2196        1905        1        4
2196        1879        1        4
2223        1852        1        4
2223        1826        1        4
2249        1826        1        4
2249        1799        1        4
2249        1773        1        4
2275        1773        1        4
2275        1746        1        4
2302        1746        1        4
2302        1720        1        4
2328        1720        1        4
2328        1693        1        4
2355        1693        1        4
2355        1667        1        4
2381        1667        1        4
2381        1640        1        4
2408        1614        1        4
2434        1588        1        4
2461        1561        1        4
2487        1561        1        4
2487        1535        1        4
2514        1535        1        4
2540        1535        1        4
2540        1508        1        4
2566        1508        1        4
2593        1482        1        4
2619        1482        1        4
2646        1482        1        4
2672        1482        1        4
2699        1482        1        4
2699        1455        1        4
2725        1455        1        4
2752        1455        1        4
2778        1455        1        4
2805        1455        1        4
2831        1455        1        4
2858        1455        1        4
2858        1482        1        4
2884        1482        1        4
2910        1482        1        4
2910        1508        1        4
2937        1508        1        4
2963        1508        1        4
2963        1535        1        4
2990        1535        1        4
2990        1561        1        4
3016        1561        1        4
3016        1588        1        4
3016        1614        1        4
3043        1614        1        4
3043        1640        1        4
3043        1667        1        4
3069        1667        1        4
3069        1693        1        4
3069        1720        1        4
3069        1746        1        4
3096        1773        1        4
3096        1799        1        4
3096        1826        1        4
3096        1852        1        4
3096        1826        1        4
3096        1799        1        4
3096        1773        1        4
3096        1746        1        4
3096        1720        1        4
3096        1693        1        4
3096        1667        1        4
3096        1640        1        4
3096        1614        1        4
3096        1588        1        4
3096        1561        1        4
3096        1535        1        4
3096        1508        1        4
3096        1482        1        4
3096        1455        1        4
3096        1429        1        4
3096        1402        1        4
3096        1376        1        4
3096        1349        1        4
3069        1323        1        4
3069        1296        1        4
3069        1244        1        4
3069        1217        1        4
3069        1191        1        4
3069        1164        1        4
3069        1138        1        4
3069        1111        1        4
3069        1085        1        4
3069        1058        1        4
3069        1085        1        4
3069        1111        1        4
3069        1138        1        4
3069        1164        1        4
3069        1191        1        4
3069        1217        1        4
3069        1244        1        4
3069        1296        1        4
3069        1323        1        4
3069        1349        1        4
3069        1402        1        4
3069        1455        1        4
3069        1482        1        4
3069        1535        1        4
3069        1588        1        4
3069        1640        1        4
3069        1693        1        4
3069        1746        1        4
3069        1826        1        4
3069        1905        1        4
3069        1984        1        4
3069        2090        1        4
3069        2170        1        4
3043        2249        1        4
3043        2355        1        4
3043        2434        1        4
3043        2514        1        4
3043        2593        1        4
3016        2672        1        4
3016        2725        1        4
3016        2805        1        4
3016        2858        1        4
3016        2910        1        4
3016        2963        1        4
3016        2990        1        4
3043        3016        1        4
3043        3043        1        4
3016        3069        1        4
3043        3096        1        4
3016        3096        1        4
3016        3069        1        4
3016        3043        1        4
3016        3016        1        4
2990        2990        1        4
PEN_UP                  0
PEN_DOWN
3201         979        1        5
3228         979        1        5
3254         979        1        5
3281         979        1        5
3334         979        1        5
3387         979        1        5
3440         979        1        5
3493         979        1        5
3545         953        1        5
3598         953        1        5
3625         953        1        5
3651         953        1        5
3678         953        1        5
3651         953        1        5
PEN_UP                  0
PEN_DOWN
2090        1376        1        6
2117        1376        1        6
2143        1349        1        6
2170        1349        1        6
2196        1349        1        6
2196        1323        1        6
2223        1323        1        6
2249        1323        1        6
2275        1323        1        6
2275        1296        1        6
2302        1296        1        6
2328        1296        1        6
2381        1296        1        6
2408        1296        1        6
2434        1270        1        6
2461        1270        1        6
2487        1270        1        6
2514        1270        1        6
2540        1270        1        6
2566        1270        1        6
2593        1270        1        6
2619        1296        1        6
2646        1296        1        6
2672        1296        1        6
2699        1323        1        6
2725        1323        1        6
2752        1349        1        6
2778        1349        1        6
2805        1376        1        6
2831        1402        1        6
2858        1402        1        6
2884        1429        1        6
2910        1429        1        6
2910        1455        1        6
2937        1482        1        6
2963        1482        1        6
2963        1508        1        6
2990        1508        1        6
2990        1535        1        6
3016        1535        1        6
3016        1561        1        6
3043        1561        1        6
3016        1561        1        6
3016        1535        1        6
2990        1535        1        6
PEN_UP                  0
PEN_DOWN
1323        1032        1        7
1349        1032        1        7
1349        1005        1        7
1376        1005        1        7
1402        1005        1        7
1429        1005        1        7
1482        1005        1        7
1508        1005        1        7
1535        1005        1        7
1588        1005        1        7
1640        1005        1        7
1693        1005        1        7
1773        1005        1        7
1826        1005        1        7
1879        1005        1        7
1931        1005        1        7
1984        1032        1        7
2037        1032        1        7
2090        1032        1        7
2143        1032        1        7
2196        1032        1        7
2223        1032        1        7
2275        1032        1        7
2302        1032        1        7
2355        1032        1        7
2381        1032        1        7
2408        1032        1        7
2434        1032        1        7
PEN_UP                  0
END_CHARACTER: MP
