CHARACTER_NAME: MN
STROKE_COUNT: 3
  X           Y   STYLUS_STATE STROKE
PEN_DOWN
2037        1244        1        1
2037        1217        1        1
2037        1244        1        1
2037        1270        1        1
2011        1296        1        1
2011        1323        1        1
2011        1349        1        1
2011        1376        1        1
1984        1402        1        1
1984        1429        1        1
1984        1455        1        1
1984        1482        1        1
1984        1508        1        1
1984        1535        1        1
1958        1561        1        1
1958        1588        1        1
1958        1614        1        1
1958        1640        1        1
1931        1667        1        1
1931        1693        1        1
1931        1720        1        1
1905        1746        1        1
1905        1773        1        1
1905        1799        1        1
1879        1826        1        1
1879        1852        1        1
1852        1879        1        1
1826        1905        1        1
1799        1931        1        1
1773        1931        1        1
1746        1931        1        1
1746        1905        1        1
1720        1905        1        1
1693        1905        1        1
1693        1879        1        1
1667        1852        1        1
1667        1826        1        1
1667        1799        1        1
1667        1773        1        1
1667        1746        1        1
1667        1720        1        1
1693        1720        1        1
1693        1693        1        1
1720        1693        1        1
1720        1667        1        1
1746        1667        1        1
1773        1667        1        1
1773        1640        1        1
1799        1640        1        1
1799        1667        1        1
1826        1667        1        1
1852        1667        1        1
1879        1667        1        1
1905        1667        1        1
1931        1693        1        1
1958        1693        1        1
1984        1693        1        1
2011        1720        1        1
2037        1746        1        1
2064        1746        1        1
2090        1773        1        1
2117        1773        1        1
2117        1799        1        1
2143        1799        1        1
2143        1826        1        1
2170        1852        1        1
2170        1879        1        1
2196        1879        1        1
2196        1905        1        1
2196        1931        1        1
2223        1958        1        1
2223        1984        1        1
2223        2011        1        1
2249        2037        1        1
2249        2064        1        1
2275        2090        1        1
2275        2117        1        1
2275        2143        1        1
2302        2170        1        1
2302        2196        1        1
2302        2223        1        1
2328        2249        1        1
2328        2275        1        1
2355        2302        1        1
2355        2328        1        1
2355        2355        1        1
2381        2381        1        1
2381        2408        1        1
2408        2434        1        1
2408        2461        1        1
2434        2461        1        1
2434        2434        1        1
2461        2408        1        1
2461        2381        1        1
2461        2355        1        1
2461        2328        1        1
2487        2302        1        1
2487        2275        1        1
2487        2249        1        1
2487        2223        1        1
2487        2196        1        1
2514        2143        1        1
2514        2117        1        1
2514        2090        1        1
2514        2064        1        1
2514        2011        1        1
2514        1984        1        1
2514        1958        1        1
2514        1931        1        1
2514        1905        1        1
2514        1879        1        1
2514        1852        1        1
2514        1826        1        1
2514        1799        1        1
2514        1773        1        1
2514        1746        1        1
2514        1720        1        1
2514        1693        1        1
2514        1667        1        1
2514        1640        1        1
2514        1614        1        1
2514        1588        1        1
2514        1561        1        1
2514        1535        1        1
2514        1508        1        1
2514        1482        1        1
2540        1455        1        1
2540        1429        1        1
2540        1402        1        1
2540        1376        1        1
2540        1349        1        1
2540        1323        1        1
2540        1296        1        1
2566        1270        1        1
PEN_UP                  0
PEN_DOWN
1799        1217        1        2
1826        1217        1        2
1852        1217        1        2
1879        1217        1        2
1905        1217        1        2
1931        1217        1        2
1931        1191        1        2
1958        1191        1        2
1984        1191        1        2
2011        1191        1        2
2037        1191        1        2
2064        1191        1        2
2117        1191        1        2
2143        1164        1        2
2196        1164        1        2
2223        1164        1        2
2275        1164        1        2
2328        1164        1        2
2381        1164        1        2
2461        1164        1        2
2514        1164        1        2
2593        1164        1        2
2672        1164        1        2
2752        1164        1        2
2805        1164        1        2
2884        1164        1        2
2963        1164        1        2
3043        1164        1        2
3122        1164        1        2
3175        1164        1        2
3254        1138        1        2
3307        1138        1        2
3360        1138        1        2
3413        1111        1        2
3466        1111        1        2
3493        1111        1        2
3519        1111        1        2
3545        1111        1        2
3572        1111        1        2
3545        1111        1        2
3519        1138        1        2
3493        1138        1        2
3440        1164        1        2
PEN_UP                  0
PEN_DOWN
2461        2434        1        3
2461        2408        1        3
2461        2381        1        3
2461        2408        1        3
2461        2434        1        3
2461        2461        1        3
2461        2487        1        3
2461        2514        1        3
2461        2540        1        3
2461        2566        1        3
2461        2593        1        3
2461        2619        1        3
2461        2646        1        3
2461        2699        1        3
2461        2725        1        3
2487        2752        1        3
2487        2778        1        3
2487        2831        1        3
2487        2884        1        3
2487        2937        1        3
2461        2963        1        3
2461        3016        1        3
2461        3069        1        3
2461        3122        1        3
2461        3175        1        3
2461        3228        1        3
2461        3281        1        3
2461        3307        1        3
2434        3360        1        3
2434        3387        1        3
2434        3413        1        3
2434        3466        1        3
2434        3493        1        3
2434        3519        1        3
2434        3545        1        3
2434        3519        1        3
2434        3493        1        3
2408        3466        1        3
2434        3440        1        3
2434        3413        1        3
2408        3387        1        3
2408        3360        1        3
2408        3334        1        3
2408        3307        1        3
2408        3281        1        3
2408        3254        1        3
2408        3228        1        3
2408        3175        1        3
2381        3149        1        3
2381        3122        1        3
2381        3069        1        3
2355        3043        1        3
2355        3016        1        3
2355        2990        1        3
2355        2963        1        3
2355        2937        1        3
2328        2910        1        3
2328        2884        1        3
2302        2858        1        3
2302        2831        1        3
2302        2805        1        3
2275        2778        1        3
2275        2752        1        3
2249        2725        1        3
2249        2699        1        3
2223        2699        1        3
2223        2672        1        3
2196        2646        1        3
2170        2619        1        3
2143        2619        1        3
2117        2593        1        3
2090        2593        1        3
2064        2566        1        3
2037        2566        1        3
2011        2566        1        3
1984        2566        1        3
1958        2566        1        3
1931        2566        1        3
1931        2593        1        3
1905        2593        1        3
1879        2593        1        3
1879        2619        1        3
1852        2619        1        3
1852        2646        1        3
1826        2646        1        3
1826        2672        1        3
1799        2699        1        3
1799        2725        1        3
1773        2752        1        3
1799        2778        1        3
1799        2805        1        3
1799        2831        1        3
1826        2831        1        3
1826        2858        1        3
1852        2858        1        3
1879        2858        1        3
1905        2858        1        3
1931        2858        1        3
1931        2831        1        3
1958        2805        1        3
1958        2778        1        3
1958        2752        1        3
1931        2725        1        3
1931        2699        1        3
1931        2672        1        3
1931        2646        1        3
PEN_UP                  0
END_CHARACTER: MN
