CHARACTER_NAME: NTR
STROKE_COUNT: 3
  X           Y   STYLUS_STATE STROKE
PEN_DOWN
1482        1376        1        1
1455        1376        1        1
1455        1349        1        1
1482        1376        1        1
1508        1376        1        1
1508        1402        1        1
1535        1402        1        1
1535        1429        1        1
1535        1455        1        1
1535        1482        1        1
1508        1482        1        1
1508        1455        1        1
1508        1429        1        1
1508        1402        1        1
1508        1376        1        1
1535        1349        1        1
1561        1349        1        1
1588        1323        1        1
1614        1323        1        1
1640        1323        1        1
1667        1323        1        1
1667        1349        1        1
1693        1349        1        1
1693        1376        1        1
1693        1402        1        1
1693        1429        1        1
1667        1455        1        1
1640        1455        1        1
1640        1482        1        1
1640        1455        1        1
1614        1455        1        1
1640        1429        1        1
1640        1402        1        1
1640        1376        1        1
1667        1376        1        1
1667        1349        1        1
1667        1323        1        1
1693        1323        1        1
1720        1323        1        1
1720        1349        1        1
1720        1376        1        1
1720        1402        1        1
1693        1402        1        1
1693        1429        1        1
1667        1402        1        1
1693        1376        1        1
1693        1349        1        1
1693        1376        1        1
1693        1402        1        1
1667        1429        1        1
1667        1455        1        1
1640        1455        1        1
1614        1455        1        1
1614        1429        1        1
1588        1429        1        1
1588        1402        1        1
1561        1402        1        1
1561        1376        1        1
1561        1349        1        1
1588        1349        1        1
1588        1323        1        1
1614        1296        1        1
1640        1296        1        1
1640        1270        1        1
1667        1270        1        1
1693        1270        1        1
1693        1244        1        1
1720        1244        1        1
1746        1244        1        1
1746        1217        1        1
1773        1217        1        1
1799        1217        1        1
1799        1244        1        1
1826        1244        1        1
1852        1244        1        1
1879        1270        1        1
1905        1270        1        1
1931        1270        1        1
1931        1296        1        1
1958        1323        1        1
1984        1323        1        1
2011        1349        1        1
2037        1376        1        1
2064        1402        1        1
2064        1429        1        1
2090        1429        1        1
2090        1455        1        1
2117        1482        1        1
2117        1508        1        1
2143        1535        1        1
2143        1561        1        1
2170        1588        1        1
2170        1614        1        1
2170        1640        1        1
2196        1667        1        1
2196        1693        1        1
2196        1720        1        1
2223        1773        1        1
2223        1799        1        1
2223        1826        1        1
2223        1852        1        1
2223        1905        1        1
2249        1931        1        1
2249        1958        1        1
2249        1984        1        1
2249        2011        1        1
2249        2037        1        1
2249        2064        1        1
2249        2090        1        1
2249        2064        1        1
2249        2037        1        1
2249        2011        1        1
2223        1984        1        1
2223        1958        1        1
2223        1931        1        1
2223        1905        1        1
2223        1879        1        1
2223        1852        1        1
2223        1826        1        1
2223        1799        1        1
2223        1773        1        1
2223        1720        1        1
2196        1693        1        1
2196        1667        1        1
2196        1640        1        1
2196        1614        1        1
2196        1561        1        1
2196        1535        1        1
2196        1508        1        1
2196        1482        1        1
2196        1455        1        1
2196        1402        1        1
2196        1376        1        1
2196        1349        1        1
2196        1323        1        1
2196        1296        1        1
2196        1270        1        1
2196        1244        1        1
2196        1217        1        1
2196        1191        1        1
2196        1164        1        1
2196        1138        1        1
2196        1111        1        1
2196        1085        1        1
2223        1085        1        1
2196        1111        1        1
PEN_UP                  0
PEN_DOWN
2064        2090        1        2
2064        2117        1        2
2037        2143        1        2
2037        2170        1        2
2011        2196        1        2
1984        2223        1        2
1958        2196        1        2
1958        2170        1        2
1984        2143        1        2
2011        2143        1        2
2011        2170        1        2
2011        2196        1        2
2011        2223        1        2
1984        2223        1        2
1984        2249        1        2
1984        2223        1        2
1958        2223        1        2
1984        2196        1        2
1984        2170        1        2
2011        2196        1        2
2011        2223        1        2
2011        2249        1        2
1984        2249        1        2
1984        2275        1        2
1984        2302        1        2
1958        2302        1        2
1931        2328        1        2
1905        2328        1        2
1879        2328        1        2
1852        2302        1        2
1826        2302        1        2
1826        2275        1        2
1799        2249        1        2
1799        2223        1        2
1799        2196        1        2
1799        2170        1        2
1799        2143        1        2
1826        2143        1        2
1826        2117        1        2
1826        2090        1        2
1826        2064        1        2
1826        2037        1        2
1852        2011        1        2
1852        1984        1        2
1852        1958        1        2
1852        1931        1        2
1879        1931        1        2
1879        1905        1        2
1905        1905        1        2
1931        1879        1        2
1958        1879        1        2
1984        1852        1        2
2011        1852        1        2
2037        1852        1        2
2064        1852        1        2
2090        1852        1        2
2117        1852        1        2
2143        1852        1        2
2143        1879        1        2
2170        1879        1        2
2196        1905        1        2
2196        1931        1        2
2223        1931        1        2
2223        1958        1        2
2249        1958        1        2
2249        1984        1        2
2275        2011        1        2
2275        2037        1        2
2275        2064        1        2
2275        2090        1        2
2275        2117        1        2
2275        2143        1        2
2275        2170        1        2
2275        2196        1        2
2275        2223        1        2
2275        2249        1        2
2275        2275        1        2
2275        2302        1        2
2275        2328        1        2
2275        2355        1        2
2275        2381        1        2
2249        2381        1        2
2249        2408        1        2
2249        2434        1        2
2249        2461        1        2
2249        2487        1        2
2249        2514        1        2
2249        2540        1        2
2249        2566        1        2
2249        2593        1        2
2223        2593        1        2
2249        2619        1        2
2249        2646        1        2
2249        2672        1        2
2249        2699        1        2
2249        2725        1        2
2249        2752        1        2
2249        2778        1        2
2249        2805        1        2
2249        2831        1        2
2249        2858        1        2
2249        2884        1        2
2249        2910        1        2
2249        2937        1        2
2249        2963        1        2
2249        2990        1        2
2249        3016        1        2
2249        3043        1        2
2249        3069        1        2
2249        3096        1        2
2249        3122        1        2
2249        3149        1        2
2249        3175        1        2
2249        3201        1        2
2275        3228        1        2
2275        3254        1        2
2275        3281        1        2
2275        3307        1        2
2275        3334        1        2
2275        3360        1        2
2275        3387        1        2
2275        3360        1        2
2249        3360        1        2
2249        3334        1        2
2249        3307        1        2
2249        3281        1        2
2249        3254        1        2
2249        3228        1        2
2249        3201        1        2
2249        3175        1        2
2223        3149        1        2
2223        3122        1        2
2223        3096        1        2
2223        3069        1        2
2223        3043        1        2
2223        3016        1        2
2196        2990        1        2
2196        2963        1        2
2196        2937        1        2
2170        2910        1        2
2143        2884        1        2
2143        2858        1        2
2117        2858        1        2
2117        2831        1        2
2090        2831        1        2
2090        2805        1        2
2064        2805        1        2
2064        2778        1        2
2037        2778        1        2
2011        2778        1        2
2011        2752        1        2
1984        2752        1        2
1958        2752        1        2
1931        2752        1        2
1905        2752        1        2
1879        2752        1        2
1852        2752        1        2
1852        2778        1        2
1826        2778        1        2
1799        2778        1        2
1799        2805        1        2
1773        2805        1        2
1773        2831        1        2
1746        2858        1        2
1720        2884        1        2
1720        2910        1        2
1720        2937        1        2
1693        2963        1        2
1693        2990        1        2
1667        3016        1        2
1667        3043        1        2
1640        3069        1        2
1640        3096        1        2
1640        3122        1        2
1614        3149        1        2
1588        3175        1        2
1561        3201        1        2
1535        3201        1        2
1508        3228        1        2
1482        3228        1        2
1455        3201        1        2
1429        3201        1        2
1376        3201        1        2
1349        3175        1        2
1296        3149        1        2
1270        3122        1        2
1244        3096        1        2
1217        3069        1        2
1191        3016        1        2
1164        2990        1        2
1138        2937        1        2
1111        2884        1        2
1111        2831        1        2
1111        2778        1        2
1085        2725        1        2
1111        2672        1        2
1111        2619        1        2
1111        2593        1        2
1111        2540        1        2
1111        2514        1        2
1111        2487        1        2
1111        2461        1        2
1138        2434        1        2
1138        2408        1        2
1138        2381        1        2
1164        2381        1        2
1164        2355        1        2
PEN_UP                  0
PEN_DOWN
2143        1005        1        3
2117         979        1        3
2117        1005        1        3
2090        1005        1        3
2064        1005        1        3
2037        1005        1        3
2011        1005        1        3
1984        1005        1        3
1958        1005        1        3
1931        1005        1        3
1958        1005        1        3
1984        1005        1        3
2011        1005        1        3
2037        1005        1        3
2064        1005        1        3
2117        1005        1        3
2170         979        1        3
2223         979        1        3
2302         979        1        3
2355         979        1        3
2408         979        1        3
2487         979        1        3
2540         979        1        3
2593         979        1        3
2646         979        1        3
2672         979        1        3
2699         953        1        3
2725         953        1        3
2752         953        1        3
2752         979        1        3
2752        1005        1        3
PEN_UP                  0
END_CHARACTER: NTR
