CHARACTER_NAME: MB
STROKE_COUNT: 3
  X           Y   STYLUS_STATE STROKE
PEN_DOWN
1508        1561        1        1
1482        1535        1        1
1482        1561        1        1
1482        1588        1        1
1508        1614        1        1
1508        1640        1        1
1535        1667        1        1
1535        1693        1        1
1561        1693        1        1
1561        1720        1        1
1561        1746        1        1
1588        1773        1        1
1588        1799        1        1
1614        1799        1        1
1614        1826        1        1
1614        1852        1        1
1640        1852        1        1
1640        1879        1        1
1640        1905        1        1
1667        1931        1        1
1667        1958        1        1
1667        1984        1        1
1693        1984        1        1
1693        2011        1        1
1693        2037        1        1
1693        2064        1        1
1693        2090        1        1
1720        2117        1        1
1720        2143        1        1
1720        2170        1        1
1720        2196        1        1
1720        2223        1        1
1720        2249        1        1
1720        2275        1        1
1693        2302        1        1
1693        2328        1        1
1693        2355        1        1
1667        2381        1        1
1667        2408        1        1
1640        2434        1        1
1640        2461        1        1
1614        2487        1        1
1588        2514        1        1
1588        2540        1        1
1561        2540        1        1
1535        2566        1        1
1508        2593        1        1
1482        2593        1        1
1455        2619        1        1
1429        2619        1        1
1402        2619        1        1
1376        2619        1        1
1349        2593        1        1
1323        2593        1        1
1296        2566        1        1
1270        2540        1        1
1270        2514        1        1
1244        2514        1        1
1244        2487        1        1
1270        2461        1        1
1244        2434        1        1
1270        2434        1        1
1270        2408        1        1
1270        2381        1        1
1270        2355        1        1
1296        2355        1        1
1296        2328        1        1
1323        2302        1        1
1323        2275        1        1
1349        2275        1        1
1349        2249        1        1
1376        2249        1        1
1376        2223        1        1
1402        2223        1        1
1402        2196        1        1
1429        2196        1        1
1455        2196        1        1
1482        2196        1        1
1508        2196        1        1
1535        2196        1        1
1561        2223        1        1
1588        2223        1        1
1614        2249        1        1
1640        2249        1        1
1640        2275        1        1
1667        2275        1        1
1667        2302        1        1
1693        2302        1        1
1693        2328        1        1
1720        2328        1        1
1720        2355        1        1
1746        2381        1        1
1773        2408        1        1
1773        2434        1        1
1799        2434        1        1
1799        2461        1        1
1826        2487        1        1
1826        2514        1        1
1852        2540        1        1
1852        2566        1        1
1879        2593        1        1
1879        2619        1        1
1905        2646        1        1
1905        2672        1        1
1905        2699        1        1
1931        2725        1        1
1931        2752        1        1
1958        2752        1        1
1958        2778        1        1
1958        2805        1        1
1984        2805        1        1
1984        2831        1        1
1984        2858        1        1
1984        2884        1        1
2011        2884        1        1
2011        2910        1        1
2037        2937        1        1
2037        2963        1        1
2064        2990        1        1
2064        3043        1        1
2090        3069        1        1
2090        3096        1        1
2117        3122        1        1
2117        3149        1        1
2143        3201        1        1
2143        3228        1        1
2143        3254        1        1
2170        3281        1        1
2170        3307        1        1
2196        3334        1        1
2196        3360        1        1
2196        3387        1        1
2196        3413        1        1
2223        3413        1        1
2223        3440        1        1
2223        3466        1        1
2223        3440        1        1
2196        3413        1        1
2196        3387        1        1
2196        3360        1        1
2196        3334        1        1
2196        3281        1        1
2196        3254        1        1
2196        3228        1        1
2196        3201        1        1
2170        3175        1        1
2170        3122        1        1
2170        3096        1        1
2170        3069        1        1
2170        3016        1        1
2170        2990        1        1
2170        2963        1        1
2170        2910        1        1
2170        2884        1        1
2170        2858        1        1
2170        2831        1        1
2170        2805        1        1
2170        2752        1        1
2170        2725        1        1
2170        2699        1        1
2170        2672        1        1
2170        2619        1        1
2170        2593        1        1
2170        2566        1        1
2143        2540        1        1
2170        2487        1        1
2170        2461        1        1
2170        2434        1        1
2170        2381        1        1
2170        2355        1        1
2170        2328        1        1
2170        2275        1        1
2170        2249        1        1
2170        2196        1        1
2170        2170        1        1
2170        2117        1        1
2170        2090        1        1
2170        2064        1        1
2170        2011        1        1
2170        1984        1        1
2170        1958        1        1
2170        1931        1        1
2143        1905        1        1
2143        1852        1        1
2143        1826        1        1
2143        1799        1        1
2170        1773        1        1
2170        1746        1        1
2170        1720        1        1
2170        1693        1        1
2170        1667        1        1
2170        1640        1        1
2170        1614        1        1
2170        1640        1        1
PEN_UP                  0
PEN_DOWN
2143        3254        1        2
2117        3281        1        2
2117        3307        1        2
2090        3307        1        2
2090        3334        1        2
2064        3360        1        2
2064        3387        1        2
2037        3413        1        2
2037        3440        1        2
2011        3466        1        2
1984        3493        1        2
1984        3519        1        2
1958        3572        1        2
1931        3598        1        2
1905        3625        1        2
1879        3651        1        2
1852        3651        1        2
1826        3678        1        2
1826        3704        1        2
1799        3704        1        2
1799        3731        1        2
1773        3731        1        2
1773        3757        1        2
1799        3757        1        2
1826        3757        1        2
1852        3757        1        2
1852        3784        1        2
1879        3784        1        2
1905        3784        1        2
1931        3810        1        2
1958        3836        1        2
1984        3863        1        2
2011        3889        1        2
2037        3916        1        2
2090        3942        1        2
2117        3969        1        2
2143        4022        1        2
2170        4075        1        2
2196        4101        1        2
2223        4154        1        2
2249        4207        1        2
2275        4233        1        2
2275        4260        1        2
2302        4286        1        2
2328        4313        1        2
2328        4339        1        2
2355        4366        1        2
2355        4339        1        2
2355        4313        1        2
2328        4286        1        2
2328        4260        1        2
2328        4233        1        2
2328        4180        1        2
2302        4128        1        2
2302        4101        1        2
2302        4048        1        2
2275        3995        1        2
2275        3969        1        2
2275        3916        1        2
2275        3863        1        2
2249        3836        1        2
2249        3784        1        2
2249        3731        1        2
2223        3704        1        2
2223        3651        1        2
2223        3625        1        2
2223        3598        1        2
2223        3572        1        2
2223        3545        1        2
2223        3519        1        2
2223        3493        1        2
2223        3466        1        2
2223        3440        1        2
PEN_UP                  0
PEN_DOWN
1164        1508        1        3
1164        1535        1        3
1191        1535        1        3
1217        1535        1        3
1270        1535        1        3
1323        1535        1        3
1376        1535        1        3
1455        1535        1        3
1561        1535        1        3
1667        1535        1        3
1746        1535        1        3
1852        1535        1        3
1958        1535        1        3
2064        1535        1        3
2170        1535        1        3
2275        1535        1        3
2355        1535        1        3
2461        1535        1        3
2514        1535        1        3
2593        1535        1        3
2646        1535        1        3
2672        1535        1        3
2725        1535        1        3
2752        1535        1        3
2778        1535        1        3
2805        1535        1        3
2831        1535        1        3
2858        1535        1        3
2858        1561        1        3
2884        1561        1        3
2858        1561        1        3
2831        1561        1        3
2805        1561        1        3
2778        1561        1        3
2778        1535        1        3
PEN_UP                  0
END_CHARACTER: MB
