CHARACTER_NAME: LK
STROKE_COUNT: 3
  X           Y   STYLUS_STATE STROKE
PEN_DOWN
2619        1244        1        1
2619        1217        1        1
2619        1191        1        1
2593        1191        1        1
2619        1191        1        1
2593        1217        1        1
2593        1244        1        1
2593        1270        1        1
2593        1296        1        1
2593        1323        1        1
2593        1349        1        1
2593        1376        1        1
2593        1402        1        1
2619        1429        1        1
2593        1429        1        1
2619        1429        1        1
2619        1455        1        1
2619        1482        1        1
2619        1508        1        1
2619        1535        1        1
2619        1561        1        1
2619        1588        1        1
2619        1614        1        1
2646        1640        1        1
2646        1667        1        1
2646        1693        1        1
2646        1720        1        1
2646        1746        1        1
2646        1773        1        1
2646        1799        1        1
2672        1826        1        1
2672        1852        1        1
2672        1879        1        1
2672        1905        1        1
2672        1931        1        1
2672        1958        1        1
2672        1984        1        1
2672        2011        1        1
2672        2037        1        1
2672        2064        1        1
2672        2117        1        1
2699        2143        1        1
2699        2170        1        1
2699        2196        1        1
2699        2249        1        1
2699        2275        1        1
2699        2302        1        1
2699        2328        1        1
2699        2355        1        1
2699        2381        1        1
2699        2408        1        1
2699        2434        1        1
2699        2461        1        1
2699        2487        1        1
2725        2514        1        1
2725        2540        1        1
2699        2566        1        1
2699        2540        1        1
2699        2514        1        1
2699        2487        1        1
2672        2487        1        1
2672        2461        1        1
2672        2434        1        1
2672        2408        1        1
2646        2381        1        1
2646        2328        1        1
2646        2302        1        1
2619        2275        1        1
2619        2249        1        1
2619        2223        1        1
2619        2196        1        1
2619        2170        1        1
2619        2143        1        1
2619        2117        1        1
2593        2090        1        1
2593        2064        1        1
2593        2037        1        1
2593        2011        1        1
2593        1984        1        1
2593        1958        1        1
2593        1931        1        1
2566        1905        1        1
2566        1879        1        1
2566        1852        1        1
2566        1826        1        1
2566        1799        1        1
2540        1773        1        1
2540        1746        1        1
2540        1720        1        1
2540        1693        1        1
2514        1693        1        1
2514        1667        1        1
2487        1667        1        1
2487        1640        1        1
2461        1614        1        1
2434        1614        1        1
2434        1588        1        1
2408        1588        1        1
2381        1588        1        1
2355        1588        1        1
2328        1588        1        1
2302        1614        1        1
2275        1614        1        1
2249        1614        1        1
2223        1640        1        1
2196        1640        1        1
2196        1667        1        1
2170        1667        1        1
2170        1693        1        1
2143        1720        1        1
2143        1746        1        1
2143        1773        1        1
2143        1799        1        1
2143        1826        1        1
2143        1852        1        1
2143        1879        1        1
2170        1879        1        1
2170        1905        1        1
2170        1931        1        1
2196        1958        1        1
2196        1984        1        1
2223        1984        1        1
2223        1958        1        1
2223        1931        1        1
2223        1905        1        1
2223        1879        1        1
2223        1852        1        1
2223        1826        1        1
2223        1799        1        1
2223        1773        1        1
2196        1773        1        1
2196        1746        1        1
2170        1746        1        1
2143        1720        1        1
2117        1693        1        1
2090        1693        1        1
2090        1667        1        1
2064        1667        1        1
2064        1640        1        1
2037        1640        1        1
2011        1640        1        1
1984        1614        1        1
1958        1614        1        1
1931        1614        1        1
1905        1614        1        1
1879        1614        1        1
1852        1640        1        1
1826        1640        1        1
1799        1640        1        1
1799        1667        1        1
1773        1667        1        1
1746        1693        1        1
1720        1720        1        1
1720        1746        1        1
1693        1746        1        1
1693        1773        1        1
1667        1799        1        1
1667        1826        1        1
1667        1852        1        1
1667        1879        1        1
1667        1905        1        1
1667        1931        1        1
1693        1958        1        1
1693        1984        1        1
1693        2011        1        1
1720        2037        1        1
1720        2064        1        1
1720        2090        1        1
1746        2090        1        1
1746        2117        1        1
1746        2143        1        1
1773        2143        1        1
1773        2170        1        1
1799        2170        1        1
1799        2196        1        1
1826        2196        1        1
1826        2170        1        1
1852        2143        1        1
1852        2117        1        1
1852        2090        1        1
1852        2064        1        1
1852        2037        1        1
1852        2011        1        1
1826        2011        1        1
1799        2011        1        1
1773        2011        1        1
1773        2037        1        1
1746        2037        1        1
1773        2037        1        1
1773        2064        1        1
1773        2037        1        1
1799        2064        1        1
1799        2090        1        1
1826        2090        1        1
PEN_UP                  0
PEN_DOWN
2619        2223        1        2
2619        2196        1        2
2619        2223        1        2
2593        2223        1        2
2593        2249        1        2
2566        2249        1        2
2566        2275        1        2
2540        2302        1        2
2514        2328        1        2
2487        2355        1        2
2461        2408        1        2
2434        2434        1        2
2408        2461        1        2
2381        2487        1        2
2355        2540        1        2
2328        2566        1        2
2302        2593        1        2
2275        2646        1        2
2275        2672        1        2
2249        2699        1        2
2223        2725        1        2
2223        2752        1        2
2196        2778        1        2
2170        2778        1        2
2170        2805        1        2
2196        2805        1        2
2196        2778        1        2
2223        2778        1        2
2249        2778        1        2
2275        2805        1        2
2302        2805        1        2
2328        2831        1        2
2355        2831        1        2
2408        2858        1        2
2434        2884        1        2
2461        2937        1        2
2514        2963        1        2
2540        3016        1        2
2566        3069        1        2
2593        3096        1        2
2619        3149        1        2
2619        3201        1        2
2646        3228        1        2
2672        3281        1        2
2699        3307        1        2
2699        3334        1        2
2725        3360        1        2
2725        3387        1        2
2725        3413        1        2
2752        3413        1        2
2752        3387        1        2
2725        3360        1        2
2725        3334        1        2
2725        3307        1        2
2725        3281        1        2
2725        3228        1        2
2699        3201        1        2
2699        3149        1        2
2699        3122        1        2
2699        3069        1        2
2672        3043        1        2
2672        2990        1        2
2672        2937        1        2
2672        2910        1        2
2672        2884        1        2
2672        2831        1        2
2672        2805        1        2
2672        2778        1        2
2646        2752        1        2
2646        2725        1        2
2646        2699        1        2
2646        2672        1        2
2646        2646        1        2
2646        2619        1        2
2646        2593        1        2
2646        2566        1        2
2672        2540        1        2
2672        2514        1        2
2672        2487        1        2
2672        2461        1        2
2672        2434        1        2
2672        2408        1        2
2672        2381        1        2
2672        2355        1        2
2672        2328        1        2
2672        2302        1        2
2672        2275        1        2
2699        2275        1        2
2699        2249        1        2
2725        2223        1        2
2752        2223        1        2
2752        2196        1        2
2778        2196        1        2
2805        2196        1        2
2805        2170        1        2
2831        2170        1        2
2858        2143        1        2
2884        2143        1        2
2910        2143        1        2
2937        2117        1        2
2963        2143        1        2
2990        2143        1        2
3016        2143        1        2
3043        2170        1        2
3069        2196        1        2
3096        2196        1        2
3122        2249        1        2
3149        2275        1        2
3175        2302        1        2
3175        2355        1        2
3201        2381        1        2
3228        2434        1        2
3228        2461        1        2
3228        2514        1        2
3228        2540        1        2
3228        2566        1        2
3201        2593        1        2
3201        2619        1        2
3201        2646        1        2
3175        2672        1        2
3149        2672        1        2
3122        2672        1        2
3096        2646        1        2
3096        2619        1        2
3096        2593        1        2
3096        2566        1        2
3096        2593        1        2
3069        2593        1        2
PEN_UP                  0
PEN_DOWN
2249        1138        1        3
2223        1138        1        3
2249        1138        1        3
2275        1138        1        3
2302        1138        1        3
2328        1138        1        3
2381        1138        1        3
2434        1138        1        3
2514        1138        1        3
2566        1138        1        3
2646        1111        1        3
2725        1111        1        3
2805        1111        1        3
2884        1138        1        3
2963        1138        1        3
3016        1138        1        3
3069        1138        1        3
3122        1138        1        3
3175        1138        1        3
3201        1138        1        3
3228        1138        1        3
3254        1138        1        3
3281        1138        1        3
3307        1138        1        3
PEN_UP                  0
END_CHARACTER: LK
