CHARACTER_NAME: MND
STROKE_COUNT: 1
  X           Y   STYLUS_STATE STROKE
PEN_DOWN
2170        1640        1        1
2170        1614        1        1
2143        1614        1        1
2117        1614        1        1
2117        1588        1        1
2117        1614        1        1
2090        1614        1        1
2064        1640        1        1
2037        1640        1        1
2011        1640        1        1
2011        1614        1        1
2011        1588        1        1
2011        1561        1        1
2037        1535        1        1
2064        1535        1        1
2090        1561        1        1
2090        1588        1        1
2064        1614        1        1
2064        1640        1        1
2037        1640        1        1
2037        1614        1        1
2037        1588        1        1
2037        1561        1        1
2064        1561        1        1
2064        1588        1        1
2090        1588        1        1
2090        1614        1        1
2090        1640        1        1
2064        1640        1        1
2037        1640        1        1
2011        1640        1        1
1984        1640        1        1
1984        1614        1        1
1984        1588        1        1
2011        1588        1        1
2011        1561        1        1
2037        1561        1        1
2037        1535        1        1
2064        1535        1        1
2064        1508        1        1
2064        1482        1        1
2090        1482        1        1
2117        1455        1        1
2143        1429        1        1
2143        1402        1        1
2170        1402        1        1
2170        1376        1        1
2196        1376        1        1
2196        1349        1        1
2223        1349        1        1
2249        1349        1        1
2249        1323        1        1
2275        1323        1        1
2302        1323        1        1
2328        1296        1        1
2355        1296        1        1
2381        1296        1        1
2408        1296        1        1
2434        1296        1        1
2461        1296        1        1
2487        1296        1        1
2514        1296        1        1
2540        1296        1        1
2540        1323        1        1
2566        1323        1        1
2593        1349        1        1
2619        1349        1        1
2646        1376        1        1
2672        1376        1        1
2672        1402        1        1
2699        1429        1        1
2725        1455        1        1
2752        1482        1        1
2752        1508        1        1
2778        1508        1        1
2778        1535        1        1
2805        1535        1        1
2805        1508        1        1
2831        1508        1        1
2831        1482        1        1
2858        1455        1        1
2884        1429        1        1
2910        1402        1        1
2937        1402        1        1
2937        1376        1        1
2963        1376        1        1
2963        1349        1        1
2990        1349        1        1
2990        1323        1        1
3016        1323        1        1
3016        1296        1        1
3043        1296        1        1
3043        1270        1        1
3069        1270        1        1
3069        1244        1        1
3096        1244        1        1
3096        1270        1        1
3122        1270        1        1
3122        1296        1        1
3122        1323        1        1
3149        1323        1        1
3149        1349        1        1
3149        1376        1        1
3175        1376        1        1
3175        1402        1        1
3175        1429        1        1
3201        1429        1        1
3201        1455        1        1
3201        1482        1        1
3201        1508        1        1
3201        1535        1        1
3201        1561        1        1
3201        1588        1        1
3175        1614        1        1
3175        1640        1        1
3175        1667        1        1
3149        1693        1        1
3149        1720        1        1
3122        1746        1        1
3122        1773        1        1
3096        1799        1        1
3096        1826        1        1
3069        1826        1        1
3069        1852        1        1
3043        1879        1        1
3043        1905        1        1
3016        1905        1        1
2990        1931        1        1
2963        1958        1        1
2963        1984        1        1
2937        1984        1        1
2910        2011        1        1
2884        2037        1        1
2884        2064        1        1
2858        2064        1        1
2831        2090        1        1
2805        2117        1        1
2778        2143        1        1
2752        2143        1        1
2725        2170        1        1
2699        2196        1        1
2672        2196        1        1
2646        2196        1        1
2646        2170        1        1
2646        2143        1        1
2646        2117        1        1
2646        2090        1        1
2672        2064        1        1
2672        2037        1        1
2699        2037        1        1
2725        2011        1        1
2752        2011        1        1
2778        2011        1        1
2805        2011        1        1
2831        1984        1        1
2858        1984        1        1
2858        2011        1        1
2884        2011        1        1
2910        2037        1        1
2937        2037        1        1
2963        2064        1        1
2963        2090        1        1
2990        2090        1        1
2990        2117        1        1
3016        2143        1        1
3016        2170        1        1
3043        2170        1        1
3043        2196        1        1
3043        2223        1        1
3043        2249        1        1
3069        2249        1        1
3069        2275        1        1
3069        2302        1        1
3069        2328        1        1
3069        2355        1        1
3069        2381        1        1
3069        2408        1        1
3069        2434        1        1
3069        2461        1        1
3096        2487        1        1
3096        2514        1        1
3069        2540        1        1
3069        2566        1        1
3069        2593        1        1
3069        2619        1        1
3069        2646        1        1
3069        2672        1        1
3069        2699        1        1
3043        2725        1        1
3043        2752        1        1
3043        2778        1        1
3016        2778        1        1
3016        2805        1        1
2990        2831        1        1
2990        2858        1        1
2963        2858        1        1
2963        2884        1        1
2937        2884        1        1
2910        2910        1        1
2884        2910        1        1
2858        2937        1        1
2831        2937        1        1
2805        2937        1        1
2752        2937        1        1
2725        2937        1        1
2699        2937        1        1
2672        2937        1        1
2619        2937        1        1
2593        2937        1        1
2566        2937        1        1
2540        2910        1        1
2514        2884        1        1
2461        2884        1        1
2434        2858        1        1
2408        2831        1        1
2381        2805        1        1
2328        2778        1        1
2302        2725        1        1
2275        2699        1        1
2249        2672        1        1
2223        2619        1        1
2196        2593        1        1
2170        2566        1        1
2143        2514        1        1
2117        2487        1        1
2090        2434        1        1
2064        2408        1        1
2037        2355        1        1
2011        2328        1        1
1984        2275        1        1
1958        2249        1        1
1931        2196        1        1
1905        2170        1        1
1879        2117        1        1
1852        2090        1        1
1826        2064        1        1
1799        2011        1        1
1773        1984        1        1
1720        1958        1        1
1693        1931        1        1
1667        1905        1        1
1640        1879        1        1
1640        1852        1        1
1614        1826        1        1
1588        1826        1        1
1561        1799        1        1
1535        1799        1        1
1508        1773        1        1
1482        1773        1        1
1482        1746        1        1
1455        1746        1        1
1429        1746        1        1
1429        1720        1        1
1402        1720        1        1
1429        1720        1        1
1455        1746        1        1
1482        1746        1        1
PEN_UP                  0
END_CHARACTER: MND
