CHARACTER_NAME: FK
STROKE_COUNT: 4
  X           Y   STYLUS_STATE STROKE
PEN_DOWN
1455        1482        1        1
1455        1508        1        1
1482        1508        1        1
1508        1508        1        1
1535        1508        1        1
1561        1508        1        1
1588        1508        1        1
1614        1508        1        1
1640        1508        1        1
1667        1508        1        1
1693        1508        1        1
1720        1508        1        1
1746        1508        1        1
1773        1508        1        1
1799        1508        1        1
1826        1508        1        1
1852        1508        1        1
1879        1508        1        1
1905        1508        1        1
1931        1508        1        1
1958        1508        1        1
1984        1508        1        1
2011        1508        1        1
2037        1482        1        1
2064        1482        1        1
2090        1482        1        1
2117        1482        1        1
2143        1482        1        1
2170        1482        1        1
2196        1482        1        1
2223        1482        1        1
2249        1482        1        1
2302        1482        1        1
2328        1455        1        1
2355        1455        1        1
2381        1455        1        1
2434        1455        1        1
2461        1455        1        1
2514        1455        1        1
2540        1455        1        1
2593        1429        1        1
2646        1429        1        1
2699        1429        1        1
2725        1429        1        1
2778        1429        1        1
2831        1429        1        1
2858        1402        1        1
2910        1402        1        1
2963        1402        1        1
2990        1402        1        1
3043        1402        1        1
3069        1402        1        1
3122        1376        1        1
3149        1376        1        1
3201        1376        1        1
3228        1376        1        1
3254        1376        1        1
3281        1376        1        1
3307        1376        1        1
3334        1376        1        1
3360        1376        1        1
3387        1376        1        1
PEN_UP                  0
PEN_DOWN
2143        1588        1        2
2117        1588        1        2
2117        1614        1        2
2090        1614        1        2
2064        1614        1        2
2064        1640        1        2
2037        1640        1        2
2011        1640        1        2
2011        1667        1        2
1984        1667        1        2
1984        1693        1        2
1958        1693        1        2
1958        1720        1        2
1931        1720        1        2
1931        1746        1        2
1905        1773        1        2
1879        1799        1        2
1879        1826        1        2
1852        1826        1        2
1852        1852        1        2
1852        1879        1        2
1826        1905        1        2
1826        1931        1        2
1799        1958        1        2
1799        1984        1        2
1799        2011        1        2
1799        2037        1        2
1799        2064        1        2
1799        2090        1        2
1799        2117        1        2
1826        2143        1        2
1826        2170        1        2
1826        2196        1        2
1852        2223        1        2
1852        2249        1        2
1879        2275        1        2
1879        2302        1        2
1905        2302        1        2
1931        2328        1        2
1958        2355        1        2
1984        2355        1        2
2011        2381        1        2
2037        2381        1        2
2064        2381        1        2
2090        2381        1        2
2117        2355        1        2
2143        2355        1        2
2170        2328        1        2
2196        2328        1        2
2223        2302        1        2
2249        2275        1        2
2275        2275        1        2
2302        2249        1        2
2328        2223        1        2
2328        2196        1        2
2355        2196        1        2
2381        2170        1        2
2381        2143        1        2
2408        2117        1        2
2408        2090        1        2
2434        2037        1        2
2461        2011        1        2
2461        1984        1        2
2487        1958        1        2
2487        1931        1        2
2514        1905        1        2
2540        1879        1        2
2540        1852        1        2
2566        1799        1        2
2566        1773        1        2
2593        1746        1        2
2593        1720        1        2
2593        1693        1        2
2619        1693        1        2
2619        1667        1        2
2619        1640        1        2
2619        1614        1        2
2619        1640        1        2
PEN_UP                  0
PEN_DOWN
1984        1852        1        3
2011        1852        1        3
2011        1826        1        3
2037        1852        1        3
2064        1852        1        3
2090        1879        1        3
2117        1879        1        3
2143        1905        1        3
2170        1905        1        3
2196        1931        1        3
2223        1931        1        3
2249        1958        1        3
2275        1984        1        3
2302        1984        1        3
2328        2011        1        3
2355        2011        1        3
2381        2037        1        3
2408        2037        1        3
2434        2037        1        3
2461        2064        1        3
2487        2064        1        3
2461        2064        1        3
2434        2064        1        3
PEN_UP                  0
PEN_DOWN
2646        1693        1        4
2619        1720        1        4
2593        1746        1        4
2593        1773        1        4
2566        1799        1        4
2566        1826        1        4
2540        1852        1        4
2540        1879        1        4
2514        1905        1        4
2514        1931        1        4
2487        1958        1        4
2487        1984        1        4
2461        2037        1        4
2461        2064        1        4
2434        2117        1        4
2408        2143        1        4
2381        2196        1        4
2381        2249        1        4
2355        2275        1        4
2328        2328        1        4
2302        2381        1        4
2275        2408        1        4
2275        2461        1        4
2249        2487        1        4
2223        2540        1        4
2196        2566        1        4
2170        2619        1        4
2170        2646        1        4
2143        2672        1        4
2117        2699        1        4
2090        2752        1        4
2064        2778        1        4
2037        2805        1        4
2037        2831        1        4
2011        2858        1        4
1984        2884        1        4
1984        2910        1        4
1958        2937        1        4
1958        2963        1        4
1931        2963        1        4
1931        2990        1        4
1905        2990        1        4
1931        2990        1        4
1958        2990        1        4
1984        2963        1        4
2011        2963        1        4
2037        2963        1        4
2064        2963        1        4
2064        2990        1        4
2090        2990        1        4
2117        2990        1        4
2143        2990        1        4
2170        3016        1        4
2196        3016        1        4
2223        3043        1        4
2249        3043        1        4
2275        3069        1        4
2302        3096        1        4
2328        3149        1        4
2381        3175        1        4
2408        3201        1        4
2434        3254        1        4
2461        3281        1        4
2487        3307        1        4
2514        3360        1        4
2540        3387        1        4
2566        3413        1        4
2593        3440        1        4
2619        3466        1        4
2619        3493        1        4
2646        3519        1        4
2672        3545        1        4
2672        3572        1        4
2699        3572        1        4
2699        3545        1        4
2699        3519        1        4
2672        3493        1        4
2672        3466        1        4
2672        3440        1        4
2672        3387        1        4
2672        3360        1        4
2672        3307        1        4
2672        3254        1        4
2672        3201        1        4
2672        3149        1        4
2672        3122        1        4
2672        3069        1        4
2672        3016        1        4
2672        2963        1        4
2672        2910        1        4
2672        2884        1        4
2672        2831        1        4
2672        2805        1        4
2672        2752        1        4
2672        2725        1        4
2672        2672        1        4
2672        2646        1        4
2672        2619        1        4
2672        2593        1        4
2672        2540        1        4
2672        2514        1        4
2672        2487        1        4
2672        2461        1        4
2699        2434        1        4
2699        2408        1        4
2699        2381        1        4
2699        2355        1        4
2699        2328        1        4
2699        2302        1        4
2699        2275        1        4
2699        2249        1        4
2699        2223        1        4
2699        2196        1        4
2699        2170        1        4
2699        2143        1        4
2699        2117        1        4
2699        2090        1        4
2699        2064        1        4
2699        2037        1        4
2699        2011        1        4
2699        1984        1        4
2699        1958        1        4
2699        1931        1        4
2699        1905        1        4
2699        1879        1        4
2699        1852        1        4
2699        1826        1        4
2725        1852        1        4
2725        1826        1        4
2752        1826        1        4
2778        1826        1        4
2805        1826        1        4
2831        1826        1        4
2858        1826        1        4
2884        1852        1        4
2910        1852        1        4
2937        1879        1        4
2963        1905        1        4
2990        1931        1        4
2990        1958        1        4
3016        2011        1        4
3016        2037        1        4
3043        2064        1        4
3043        2117        1        4
3043        2143        1        4
3043        2196        1        4
3043        2223        1        4
3043        2275        1        4
3043        2302        1        4
3016        2328        1        4
3016        2355        1        4
3016        2381        1        4
2990        2408        1        4
2990        2434        1        4
2963        2434        1        4
2963        2408        1        4
2937        2408        1        4
2937        2381        1        4
2937        2355        1        4
2937        2328        1        4
2963        2328        1        4
2963        2355        1        4
2937        2355        1        4
2937        2328        1        4
PEN_UP                  0
END_CHARACTER: FK
