CHARACTER_NAME: LD
STROKE_COUNT: 3
  X           Y   STYLUS_STATE STROKE
PEN_DOWN
1455        1217        1        1
1482        1217        1        1
1508        1217        1        1
1535        1217        1        1
1561        1217        1        1
1614        1217        1        1
1640        1191        1        1
1693        1191        1        1
1746        1191        1        1
1799        1191        1        1
1852        1191        1        1
1905        1191        1        1
1931        1191        1        1
1984        1191        1        1
2037        1191        1        1
2090        1191        1        1
2143        1191        1        1
2170        1191        1        1
2223        1191        1        1
2275        1191        1        1
2328        1164        1        1
2381        1164        1        1
2434        1164        1        1
2487        1164        1        1
2540        1164        1        1
2593        1164        1        1
2646        1164        1        1
2699        1164        1        1
2725        1164        1        1
2778        1164        1        1
2831        1164        1        1
2858        1164        1        1
2910        1164        1        1
2937        1191        1        1
2990        1191        1        1
3043        1191        1        1
3069        1191        1        1
3096        1191        1        1
3149        1191        1        1
3175        1191        1        1
3228        1191        1        1
3254        1191        1        1
3281        1191        1        1
3307        1191        1        1
3334        1191        1        1
3387        1191        1        1
3413        1191        1        1
3440        1191        1        1
3466        1191        1        1
3519        1191        1        1
3545        1191        1        1
3572        1191        1        1
3598        1191        1        1
3625        1191        1        1
3651        1191        1        1
3678        1191        1        1
3651        1191        1        1
3625        1191        1        1
3598        1217        1        1
PEN_UP                  0
PEN_DOWN
2196        1349        1        2
2196        1323        1        2
2196        1296        1        2
2196        1270        1        2
2170        1296        1        2
2170        1323        1        2
2143        1349        1        2
2170        1349        1        2
2143        1349        1        2
2143        1376        1        2
2143        1402        1        2
2143        1429        1        2
2117        1429        1        2
2117        1455        1        2
2117        1482        1        2
2117        1508        1        2
2117        1535        1        2
2117        1561        1        2
2117        1588        1        2
2090        1614        1        2
2090        1640        1        2
2090        1667        1        2
2090        1693        1        2
2090        1720        1        2
2064        1746        1        2
2064        1773        1        2
2064        1799        1        2
2064        1826        1        2
2064        1852        1        2
2064        1879        1        2
2064        1905        1        2
2037        1931        1        2
2037        1958        1        2
2037        1984        1        2
2037        2011        1        2
2037        2037        1        2
2037        2064        1        2
2037        2090        1        2
2011        2117        1        2
2011        2143        1        2
2011        2170        1        2
2011        2196        1        2
2011        2223        1        2
2011        2249        1        2
1984        2249        1        2
1984        2275        1        2
1984        2302        1        2
1984        2328        1        2
1984        2355        1        2
1984        2381        1        2
1984        2408        1        2
1958        2408        1        2
1984        2408        1        2
1984        2381        1        2
2011        2355        1        2
2011        2328        1        2
2037        2328        1        2
2037        2302        1        2
2064        2302        1        2
2064        2275        1        2
2090        2275        1        2
2090        2249        1        2
2117        2249        1        2
2117        2223        1        2
2143        2196        1        2
2143        2170        1        2
2170        2170        1        2
2170        2143        1        2
2196        2117        1        2
2223        2090        1        2
2249        2064        1        2
2249        2037        1        2
2275        2037        1        2
2275        2011        1        2
2302        2011        1        2
2302        1984        1        2
2328        1984        1        2
2328        1958        1        2
2355        1958        1        2
2381        1931        1        2
2408        1905        1        2
2434        1879        1        2
2461        1852        1        2
2487        1852        1        2
2487        1826        1        2
2514        1826        1        2
2514        1799        1        2
2540        1799        1        2
2514        1799        1        2
2540        1826        1        2
2540        1852        1        2
2566        1852        1        2
2566        1879        1        2
2593        1879        1        2
2593        1905        1        2
2593        1931        1        2
2619        1958        1        2
2619        1984        1        2
2646        2011        1        2
2646        2037        1        2
2646        2064        1        2
2672        2064        1        2
2672        2090        1        2
2672        2117        1        2
2672        2143        1        2
2672        2170        1        2
2672        2196        1        2
2672        2223        1        2
2699        2249        1        2
2699        2275        1        2
2699        2302        1        2
2699        2328        1        2
2699        2355        1        2
2699        2381        1        2
2699        2408        1        2
2699        2434        1        2
2672        2461        1        2
2672        2487        1        2
2672        2514        1        2
2672        2566        1        2
2672        2593        1        2
2672        2619        1        2
2672        2646        1        2
2646        2672        1        2
2646        2699        1        2
2646        2725        1        2
2619        2752        1        2
2619        2778        1        2
2593        2805        1        2
2593        2831        1        2
2593        2884        1        2
2566        2910        1        2
2566        2937        1        2
2540        2963        1        2
2540        3016        1        2
2514        3043        1        2
2514        3069        1        2
2487        3122        1        2
2461        3149        1        2
2461        3175        1        2
2434        3201        1        2
2408        3228        1        2
2408        3254        1        2
2381        3281        1        2
2355        3307        1        2
2355        3334        1        2
2328        3334        1        2
2302        3360        1        2
2302        3387        1        2
2275        3387        1        2
2249        3413        1        2
2223        3413        1        2
2196        3440        1        2
2170        3440        1        2
2143        3440        1        2
2117        3440        1        2
2090        3466        1        2
2037        3466        1        2
2011        3440        1        2
1984        3440        1        2
1958        3440        1        2
1931        3440        1        2
1905        3413        1        2
1879        3387        1        2
1852        3387        1        2
1799        3360        1        2
1773        3334        1        2
1746        3307        1        2
1693        3254        1        2
1667        3228        1        2
1640        3201        1        2
1614        3149        1        2
1561        3096        1        2
1535        3069        1        2
1508        3016        1        2
1482        2990        1        2
1455        2937        1        2
1429        2910        1        2
1402        2858        1        2
1376        2831        1        2
1376        2778        1        2
1349        2725        1        2
1323        2699        1        2
1323        2646        1        2
1296        2593        1        2
1270        2566        1        2
1270        2514        1        2
1244        2461        1        2
1244        2434        1        2
1217        2381        1        2
1217        2328        1        2
1191        2275        1        2
1191        2249        1        2
1191        2196        1        2
1191        2170        1        2
1164        2143        1        2
1164        2117        1        2
1164        2090        1        2
1164        2064        1        2
1164        2037        1        2
1138        2011        1        2
1138        1984        1        2
1138        1958        1        2
1138        1931        1        2
1138        1905        1        2
1138        1879        1        2
1138        1905        1        2
PEN_UP                  0
PEN_DOWN
2011        1588        1        3
2011        1614        1        3
2011        1640        1        3
2011        1614        1        3
2011        1588        1        3
1984        1588        1        3
1984        1561        1        3
1958        1561        1        3
1958        1535        1        3
1931        1535        1        3
1931        1508        1        3
1905        1508        1        3
1879        1482        1        3
1852        1482        1        3
1852        1455        1        3
1826        1455        1        3
1799        1455        1        3
1773        1455        1        3
1746        1455        1        3
1720        1455        1        3
1720        1482        1        3
1693        1482        1        3
1667        1482        1        3
1667        1508        1        3
1640        1508        1        3
1640        1535        1        3
1614        1561        1        3
1614        1588        1        3
1614        1614        1        3
1614        1640        1        3
1614        1667        1        3
1614        1693        1        3
1640        1693        1        3
1640        1720        1        3
1667        1693        1        3
1667        1667        1        3
1667        1640        1        3
1640        1640        1        3
1667        1614        1        3
1640        1614        1        3
1667        1588        1        3
1640        1588        1        3
1614        1588        1        3
1614        1561        1        3
1588        1561        1        3
1561        1535        1        3
1535        1535        1        3
1535        1508        1        3
1508        1508        1        3
1482        1508        1        3
1455        1508        1        3
1429        1508        1        3
1429        1482        1        3
1402        1482        1        3
1376        1482        1        3
1349        1482        1        3
1323        1482        1        3
1323        1508        1        3
1296        1508        1        3
1270        1508        1        3
1244        1508        1        3
1217        1508        1        3
1217        1535        1        3
1191        1535        1        3
1191        1561        1        3
1191        1588        1        3
1191        1614        1        3
1191        1640        1        3
1191        1667        1        3
1191        1693        1        3
1191        1720        1        3
1217        1746        1        3
1217        1773        1        3
1244        1799        1        3
1244        1826        1        3
1270        1826        1        3
1270        1852        1        3
1296        1879        1        3
1323        1879        1        3
1323        1905        1        3
1349        1905        1        3
1349        1931        1        3
1376        1931        1        3
1402        1958        1        3
1429        1958        1        3
1455        1958        1        3
1482        1958        1        3
1508        1958        1        3
1535        1958        1        3
1535        1931        1        3
1561        1931        1        3
1561        1905        1        3
1588        1905        1        3
1561        1879        1        3
1561        1852        1        3
1535        1852        1        3
1535        1826        1        3
1508        1826        1        3
1508        1799        1        3
1482        1799        1        3
1482        1826        1        3
1455        1826        1        3
1455        1852        1        3
1429        1852        1        3
PEN_UP                  0
END_CHARACTER: LD
