CHARACTER_NAME: LL
STROKE_COUNT: 3
  X           Y   STYLUS_STATE STROKE
PEN_DOWN
1535        1402        1        1
1561        1402        1        1
1588        1402        1        1
1614        1402        1        1
1640        1402        1        1
1667        1402        1        1
1693        1402        1        1
1720        1402        1        1
1746        1402        1        1
1773        1402        1        1
1799        1402        1        1
1826        1402        1        1
1852        1402        1        1
1879        1402        1        1
1905        1402        1        1
1931        1402        1        1
1958        1429        1        1
1984        1429        1        1
2011        1429        1        1
2037        1429        1        1
2064        1429        1        1
2090        1429        1        1
2117        1429        1        1
2143        1429        1        1
2170        1429        1        1
2196        1429        1        1
2223        1429        1        1
2249        1429        1        1
2275        1429        1        1
2302        1429        1        1
2328        1429        1        1
2355        1429        1        1
2381        1429        1        1
2408        1429        1        1
2434        1429        1        1
2461        1429        1        1
2487        1429        1        1
2514        1429        1        1
2540        1429        1        1
2566        1429        1        1
2593        1429        1        1
2619        1429        1        1
2646        1429        1        1
2672        1429        1        1
2699        1429        1        1
2725        1429        1        1
2752        1429        1        1
2778        1429        1        1
2805        1429        1        1
2831        1429        1        1
2858        1429        1        1
2884        1429        1        1
2910        1429        1        1
2937        1429        1        1
2963        1429        1        1
2990        1429        1        1
3016        1429        1        1
3043        1429        1        1
3069        1429        1        1
3043        1429        1        1
PEN_UP                  0
PEN_DOWN
2593        1535        1        2
2566        1535        1        2
2566        1508        1        2
2593        1482        1        2
2566        1482        1        2
2566        1508        1        2
2566        1535        1        2
2593        1561        1        2
2593        1588        1        2
2593        1614        1        2
2593        1640        1        2
2593        1667        1        2
2593        1693        1        2
2593        1720        1        2
2593        1746        1        2
2619        1746        1        2
2619        1773        1        2
2619        1799        1        2
2619        1826        1        2
2619        1852        1        2
2619        1879        1        2
2619        1905        1        2
2619        1931        1        2
2619        1958        1        2
2619        1984        1        2
2646        2011        1        2
2619        2037        1        2
2646        2064        1        2
2646        2090        1        2
2646        2117        1        2
2619        2143        1        2
2619        2170        1        2
2619        2196        1        2
2619        2223        1        2
2619        2249        1        2
2619        2275        1        2
2619        2302        1        2
2619        2328        1        2
2619        2381        1        2
2619        2408        1        2
2619        2434        1        2
2619        2461        1        2
2619        2487        1        2
2619        2514        1        2
2619        2540        1        2
2619        2566        1        2
2619        2593        1        2
2619        2619        1        2
2619        2646        1        2
2619        2672        1        2
2619        2699        1        2
2593        2699        1        2
2593        2725        1        2
2593        2752        1        2
2593        2778        1        2
2593        2805        1        2
2593        2831        1        2
2593        2858        1        2
2593        2884        1        2
2593        2910        1        2
2593        2937        1        2
2593        2963        1        2
2593        2990        1        2
2593        3016        1        2
2593        3043        1        2
2593        3069        1        2
2593        3096        1        2
2593        3122        1        2
2593        3149        1        2
2593        3175        1        2
2593        3201        1        2
2593        3228        1        2
2593        3254        1        2
2593        3281        1        2
2593        3307        1        2
2593        3281        1        2
2593        3254        1        2
2593        3228        1        2
2593        3201        1        2
2593        3175        1        2
2593        3149        1        2
2593        3122        1        2
2593        3096        1        2
2593        3069        1        2
2593        3043        1        2
2593        3016        1        2
2593        2990        1        2
2593        2963        1        2
2593        2937        1        2
2593        2910        1        2
2593        2884        1        2
2566        2884        1        2
2566        2858        1        2
2566        2831        1        2
2566        2805        1        2
2566        2778        1        2
2540        2778        1        2
2540        2752        1        2
2540        2725        1        2
2540        2699        1        2
2514        2699        1        2
2514        2672        1        2
2487        2646        1        2
2487        2619        1        2
2487        2593        1        2
2461        2593        1        2
2461        2566        1        2
2434        2540        1        2
2434        2514        1        2
2408        2514        1        2
2408        2487        1        2
2381        2487        1        2
2381        2461        1        2
2355        2461        1        2
2355        2434        1        2
2328        2434        1        2
2302        2434        1        2
2302        2408        1        2
2275        2408        1        2
2249        2408        1        2
2249        2381        1        2
2223        2381        1        2
2196        2408        1        2
2170        2408        1        2
2143        2434        1        2
2117        2434        1        2
2117        2461        1        2
2117        2487        1        2
2090        2514        1        2
2090        2540        1        2
2090        2566        1        2
2090        2593        1        2
2090        2619        1        2
2117        2619        1        2
2117        2646        1        2
2117        2619        1        2
2117        2593        1        2
2117        2566        1        2
2117        2540        1        2
2117        2514        1        2
2117        2487        1        2
2117        2461        1        2
2090        2461        1        2
2090        2487        1        2
2090        2461        1        2
2064        2461        1        2
2037        2461        1        2
2037        2434        1        2
2011        2434        1        2
2011        2408        1        2
1984        2408        1        2
1984        2381        1        2
1958        2381        1        2
1931        2381        1        2
1905        2355        1        2
1879        2355        1        2
1852        2328        1        2
1826        2328        1        2
1799        2328        1        2
1773        2328        1        2
1746        2328        1        2
1720        2328        1        2
1693        2355        1        2
1667        2355        1        2
1667        2381        1        2
1640        2381        1        2
1614        2408        1        2
1588        2434        1        2
1588        2461        1        2
1561        2461        1        2
1561        2487        1        2
1535        2514        1        2
1535        2540        1        2
1535        2566        1        2
1535        2593        1        2
1508        2619        1        2
1508        2646        1        2
1508        2672        1        2
1508        2699        1        2
1535        2699        1        2
1535        2725        1        2
1535        2752        1        2
1535        2778        1        2
1561        2778        1        2
1561        2805        1        2
1588        2805        1        2
1588        2831        1        2
1614        2858        1        2
1640        2884        1        2
1667        2910        1        2
1693        2910        1        2
1693        2937        1        2
1720        2937        1        2
1746        2937        1        2
1746        2963        1        2
1773        2963        1        2
1773        2937        1        2
1799        2937        1        2
1799        2910        1        2
1826        2910        1        2
1826        2884        1        2
1852        2884        1        2
1852        2858        1        2
1852        2831        1        2
1826        2805        1        2
1826        2778        1        2
1799        2778        1        2
1799        2752        1        2
1773        2778        1        2
1746        2778        1        2
1720        2805        1        2
1693        2805        1        2
1693        2831        1        2
1693        2805        1        2
PEN_UP                  0
PEN_DOWN
2672        1984        1        3
2646        1984        1        3
2646        1958        1        3
2646        1931        1        3
2646        1905        1        3
2619        1905        1        3
2619        1879        1        3
2593        1879        1        3
2593        1852        1        3
2566        1826        1        3
2540        1826        1        3
2540        1799        1        3
2514        1799        1        3
2487        1773        1        3
2461        1773        1        3
2461        1746        1        3
2434        1746        1        3
2408        1746        1        3
2381        1720        1        3
2355        1720        1        3
2328        1720        1        3
2302        1720        1        3
2275        1693        1        3
2249        1693        1        3
2249        1720        1        3
2223        1720        1        3
2196        1720        1        3
2170        1720        1        3
2170        1746        1        3
2143        1746        1        3
2143        1773        1        3
2117        1773        1        3
2117        1799        1        3
2117        1826        1        3
2117        1852        1        3
2117        1879        1        3
2117        1905        1        3
2143        1905        1        3
2143        1931        1        3
2143        1905        1        3
2143        1879        1        3
2143        1852        1        3
2143        1879        1        3
2143        1852        1        3
2117        1852        1        3
2117        1826        1        3
2090        1826        1        3
2064        1799        1        3
2037        1799        1        3
2037        1773        1        3
2011        1773        1        3
1984        1773        1        3
1958        1773        1        3
1958        1746        1        3
1931        1746        1        3
1905        1746        1        3
1879        1746        1        3
1879        1720        1        3
1852        1720        1        3
1826        1720        1        3
1799        1720        1        3
1773        1720        1        3
1746        1720        1        3
1720        1720        1        3
1693        1720        1        3
1667        1720        1        3
1640        1720        1        3
1640        1746        1        3
1614        1746        1        3
1588        1773        1        3
1588        1799        1        3
1561        1799        1        3
1561        1826        1        3
1561        1852        1        3
1561        1879        1        3
1561        1905        1        3
1561        1931        1        3
1588        1931        1        3
1588        1958        1        3
1614        1984        1        3
1614        2011        1        3
1640        2037        1        3
1640        2064        1        3
1667        2064        1        3
1667        2090        1        3
1693        2090        1        3
1693        2117        1        3
1693        2143        1        3
1720        2143        1        3
1746        2143        1        3
1746        2170        1        3
1773        2170        1        3
1799        2170        1        3
1826        2170        1        3
1852        2170        1        3
1852        2143        1        3
1852        2117        1        3
1826        2117        1        3
1826        2090        1        3
1826        2064        1        3
1799        2064        1        3
1799        2037        1        3
PEN_UP                  0
END_CHARACTER: LL
