CHARACTER_NAME: LP
STROKE_COUNT: 6
  X           Y   STYLUS_STATE STROKE
PEN_DOWN
1402        1402        1        1
1376        1402        1        1
1349        1402        1        1
1376        1429        1        1
1376        1402        1        1
1376        1429        1        1
1402        1429        1        1
1429        1402        1        1
1455        1402        1        1
1482        1402        1        1
1508        1402        1        1
1535        1402        1        1
1561        1402        1        1
1614        1402        1        1
1640        1402        1        1
1667        1402        1        1
1693        1402        1        1
1746        1376        1        1
1773        1376        1        1
1799        1376        1        1
1852        1376        1        1
1879        1376        1        1
1931        1349        1        1
1958        1349        1        1
2011        1349        1        1
2037        1349        1        1
2090        1349        1        1
2117        1349        1        1
2170        1323        1        1
2196        1323        1        1
2249        1323        1        1
2302        1323        1        1
2355        1296        1        1
2381        1296        1        1
2434        1296        1        1
2487        1296        1        1
2514        1296        1        1
2566        1296        1        1
2619        1296        1        1
2646        1296        1        1
2699        1296        1        1
2725        1270        1        1
2778        1270        1        1
2831        1270        1        1
2858        1270        1        1
2910        1270        1        1
2937        1270        1        1
2963        1270        1        1
3016        1270        1        1
3043        1270        1        1
3069        1270        1        1
3122        1270        1        1
3149        1270        1        1
3201        1270        1        1
3228        1270        1        1
3254        1244        1        1
3281        1244        1        1
3307        1244        1        1
3360        1244        1        1
3387        1244        1        1
3413        1244        1        1
3440        1244        1        1
3466        1244        1        1
3440        1244        1        1
3413        1244        1        1
3413        1270        1        1
3387        1270        1        1
PEN_UP                  0
PEN_DOWN
2646        1376        1        2
2646        1349        1        2
2646        1376        1        2
2646        1402        1        2
2672        1402        1        2
2672        1429        1        2
2672        1455        1        2
2672        1482        1        2
2672        1508        1        2
2672        1535        1        2
2672        1561        1        2
2699        1561        1        2
2699        1588        1        2
2699        1614        1        2
2699        1640        1        2
2699        1667        1        2
2699        1693        1        2
2699        1720        1        2
2699        1746        1        2
2725        1773        1        2
2725        1799        1        2
2725        1852        1        2
2725        1879        1        2
2725        1905        1        2
2725        1958        1        2
2699        2011        1        2
2699        2037        1        2
2699        2090        1        2
2699        2143        1        2
2699        2196        1        2
2672        2223        1        2
2672        2275        1        2
2672        2328        1        2
2672        2381        1        2
2672        2408        1        2
2672        2461        1        2
2672        2514        1        2
2672        2566        1        2
2646        2593        1        2
2646        2646        1        2
2672        2699        1        2
2672        2725        1        2
2672        2778        1        2
2672        2831        1        2
2672        2884        1        2
2672        2937        1        2
2672        2990        1        2
2672        3043        1        2
2699        3096        1        2
2699        3149        1        2
2699        3201        1        2
2699        3254        1        2
2699        3307        1        2
2725        3360        1        2
2725        3413        1        2
2725        3466        1        2
2725        3519        1        2
2725        3545        1        2
2725        3598        1        2
2725        3625        1        2
2725        3678        1        2
2725        3704        1        2
2725        3731        1        2
2725        3784        1        2
2725        3810        1        2
2725        3836        1        2
2725        3863        1        2
2725        3889        1        2
2725        3916        1        2
2725        3942        1        2
2725        3969        1        2
2725        3995        1        2
2725        4022        1        2
2725        4048        1        2
2725        4075        1        2
2725        4048        1        2
2725        4022        1        2
2699        3995        1        2
2699        3942        1        2
2672        3916        1        2
PEN_UP                  0
PEN_DOWN
2646        2117        1        3
2619        2117        1        3
2619        2090        1        3
2593        2090        1        3
2593        2064        1        3
2566        2037        1        3
2540        2011        1        3
2540        1984        1        3
2514        1958        1        3
2487        1958        1        3
2461        1931        1        3
2434        1931        1        3
2408        1905        1        3
2381        1905        1        3
2381        1879        1        3
2355        1879        1        3
2328        1879        1        3
2302        1879        1        3
2302        1852        1        3
2275        1852        1        3
2249        1852        1        3
2223        1852        1        3
2196        1852        1        3
2196        1879        1        3
2170        1879        1        3
2143        1879        1        3
2117        1879        1        3
2117        1905        1        3
2090        1905        1        3
2090        1931        1        3
2064        1931        1        3
2064        1958        1        3
2064        1984        1        3
2064        2011        1        3
2037        2011        1        3
2037        2037        1        3
2064        2064        1        3
2064        2090        1        3
2064        2117        1        3
2064        2143        1        3
2064        2170        1        3
2064        2196        1        3
2090        2223        1        3
2090        2249        1        3
2117        2275        1        3
2117        2249        1        3
2143        2223        1        3
2143        2196        1        3
2143        2170        1        3
2143        2143        1        3
2143        2117        1        3
2143        2090        1        3
2143        2064        1        3
2117        2064        1        3
2117        2090        1        3
2090        2090        1        3
2090        2117        1        3
2090        2143        1        3
2117        2117        1        3
2117        2090        1        3
2117        2064        1        3
2117        2037        1        3
2090        2037        1        3
2064        2011        1        3
2037        2011        1        3
2037        1984        1        3
2011        1984        1        3
2011        1958        1        3
1984        1958        1        3
1984        1931        1        3
1958        1931        1        3
1931        1905        1        3
1905        1905        1        3
1879        1879        1        3
1852        1852        1        3
1826        1852        1        3
1799        1852        1        3
1773        1852        1        3
1746        1826        1        3
1720        1826        1        3
1693        1826        1        3
1667        1826        1        3
1640        1799        1        3
1614        1799        1        3
1588        1826        1        3
1561        1826        1        3
1535        1826        1        3
1508        1826        1        3
1482        1852        1        3
1455        1852        1        3
1429        1852        1        3
1402        1879        1        3
1376        1905        1        3
1349        1931        1        3
1323        1958        1        3
1296        1984        1        3
1270        2011        1        3
1270        2037        1        3
1244        2037        1        3
1244        2064        1        3
1244        2090        1        3
1217        2117        1        3
1217        2143        1        3
1217        2170        1        3
1191        2196        1        3
1217        2196        1        3
1217        2223        1        3
1217        2249        1        3
1217        2275        1        3
1217        2302        1        3
1244        2328        1        3
1244        2355        1        3
1270        2355        1        3
1270        2381        1        3
1296        2408        1        3
1323        2434        1        3
1349        2461        1        3
1376        2461        1        3
1376        2487        1        3
1376        2461        1        3
1376        2487        1        3
PEN_UP                  0
PEN_DOWN
1429        3175        1        4
1455        3149        1        4
1482        3149        1        4
1508        3149        1        4
1535        3122        1        4
1561        3122        1        4
1588        3122        1        4
1614        3122        1        4
1640        3122        1        4
1667        3122        1        4
1667        3149        1        4
1693        3149        1        4
1720        3149        1        4
1720        3175        1        4
1746        3175        1        4
1773        3175        1        4
1773        3201        1        4
1799        3201        1        4
1799        3228        1        4
1826        3254        1        4
1852        3281        1        4
1852        3307        1        4
1852        3334        1        4
1879        3360        1        4
1879        3387        1        4
1879        3413        1        4
1879        3440        1        4
1879        3466        1        4
1879        3493        1        4
1879        3519        1        4
1879        3545        1        4
1879        3572        1        4
1852        3598        1        4
1852        3625        1        4
1852        3651        1        4
1826        3678        1        4
1826        3704        1        4
1799        3704        1        4
1799        3731        1        4
1773        3757        1        4
1799        3731        1        4
1799        3704        1        4
1799        3678        1        4
1826        3651        1        4
1826        3625        1        4
1826        3598        1        4
1826        3572        1        4
1852        3572        1        4
1852        3545        1        4
1852        3519        1        4
1879        3493        1        4
1879        3466        1        4
1879        3440        1        4
1905        3440        1        4
1905        3413        1        4
1905        3387        1        4
1931        3387        1        4
1931        3360        1        4
1958        3334        1        4
1984        3307        1        4
1984        3281        1        4
2011        3281        1        4
2011        3254        1        4
2037        3254        1        4
2037        3228        1        4
2064        3228        1        4
2090        3228        1        4
2090        3201        1        4
2117        3201        1        4
2143        3201        1        4
2170        3175        1        4
2196        3175        1        4
2223        3175        1        4
2249        3175        1        4
2275        3175        1        4
2302        3175        1        4
2328        3175        1        4
2355        3201        1        4
2381        3201        1        4
2408        3201        1        4
2434        3228        1        4
2461        3254        1        4
2487        3281        1        4
2514        3307        1        4
2540        3334        1        4
2566        3360        1        4
2593        3387        1        4
2593        3413        1        4
2619        3413        1        4
2619        3440        1        4
2646        3440        1        4
2646        3466        1        4
2672        3466        1        4
2672        3493        1        4
2699        3519        1        4
2699        3545        1        4
2699        3519        1        4
2672        3519        1        4
2646        3493        1        4
PEN_UP                  0
PEN_DOWN
1561        2937        1        5
1588        2937        1        5
1614        2937        1        5
1614        2963        1        5
1640        2963        1        5
PEN_UP                  0
PEN_DOWN
1588        3016        1        6
1614        3016        1        6
1640        3016        1        6
1667        3016        1        6
1693        3016        1        6
1720        3016        1        6
1746        3016        1        6
1773        3016        1        6
1799        3016        1        6
1826        2990        1        6
1852        2990        1        6
1905        3016        1        6
1931        3016        1        6
1984        3016        1        6
2011        3016        1        6
2064        3043        1        6
2090        3043        1        6
2117        3069        1        6
2170        3069        1        6
2196        3096        1        6
2223        3122        1        6
2249        3149        1        6
2302        3175        1        6
2328        3201        1        6
2355        3228        1        6
2381        3228        1        6
2408        3254        1        6
2408        3281        1        6
2434        3307        1        6
2461        3307        1        6
2461        3334        1        6
2487        3334        1        6
2514        3360        1        6
2487        3360        1        6
2487        3334        1        6
2461        3334        1        6
PEN_UP                  0
END_CHARACTER: LP
