CHARACTER_NAME: OU
STROKE_COUNT: 2
  X           Y   STYLUS_STATE STROKE
PEN_DOWN
2090        1984        1        1
2117        1984        1        1
2117        2011        1        1
2143        2011        1        1
2143        2037        1        1
2117        2037        1        1
2117        2064        1        1
2117        2037        1        1
2117        2011        1        1
2117        1984        1        1
2143        1984        1        1
2143        1958        1        1
2170        1958        1        1
2170        1984        1        1
2170        2011        1        1
2170        2037        1        1
2143        2037        1        1
2143        2064        1        1
2143        2037        1        1
2143        2011        1        1
2143        1984        1        1
2143        1958        1        1
2143        1984        1        1
2143        2011        1        1
2143        2037        1        1
2143        2064        1        1
2143        2037        1        1
2143        2064        1        1
2143        2090        1        1
2117        2090        1        1
2117        2117        1        1
2090        2117        1        1
2064        2117        1        1
2064        2090        1        1
2037        2090        1        1
2011        2064        1        1
2011        2037        1        1
1984        2011        1        1
1984        1984        1        1
1984        1958        1        1
1984        1931        1        1
1984        1905        1        1
1984        1879        1        1
2011        1852        1        1
2011        1826        1        1
2037        1799        1        1
2037        1773        1        1
2064        1773        1        1
2064        1746        1        1
2090        1746        1        1
2090        1720        1        1
2117        1720        1        1
2117        1693        1        1
2143        1693        1        1
2170        1693        1        1
2196        1693        1        1
2196        1667        1        1
2223        1667        1        1
2249        1667        1        1
2275        1667        1        1
2302        1667        1        1
2328        1667        1        1
2355        1693        1        1
2381        1693        1        1
2408        1693        1        1
2434        1693        1        1
2461        1693        1        1
2487        1720        1        1
2514        1720        1        1
2540        1720        1        1
2566        1746        1        1
2593        1746        1        1
2619        1746        1        1
2619        1773        1        1
2646        1773        1        1
2646        1799        1        1
2672        1799        1        1
2699        1799        1        1
2725        1826        1        1
2752        1852        1        1
2778        1879        1        1
2805        1905        1        1
2831        1931        1        1
2831        1958        1        1
2858        1984        1        1
2858        2011        1        1
2858        2037        1        1
2858        2064        1        1
2884        2064        1        1
2884        2090        1        1
2884        2117        1        1
2884        2143        1        1
2884        2170        1        1
2858        2196        1        1
2858        2223        1        1
2858        2249        1        1
2858        2275        1        1
2858        2302        1        1
2831        2328        1        1
2831        2355        1        1
2805        2381        1        1
2805        2408        1        1
2778        2434        1        1
2778        2461        1        1
2752        2487        1        1
2725        2514        1        1
2699        2540        1        1
2672        2540        1        1
2672        2566        1        1
2646        2566        1        1
2619        2566        1        1
2619        2593        1        1
2593        2593        1        1
2566        2593        1        1
2540        2619        1        1
2514        2619        1        1
2487        2619        1        1
2461        2646        1        1
2434        2646        1        1
2408        2646        1        1
2381        2672        1        1
2355        2672        1        1
2328        2672        1        1
2328        2646        1        1
2302        2646        1        1
2328        2646        1        1
2355        2619        1        1
2381        2619        1        1
2408        2619        1        1
2408        2593        1        1
2434        2593        1        1
2461        2593        1        1
2461        2566        1        1
2487        2566        1        1
2514        2566        1        1
2540        2566        1        1
2566        2566        1        1
2593        2566        1        1
2593        2540        1        1
2619        2540        1        1
2646        2566        1        1
2672        2566        1        1
2699        2566        1        1
2725        2566        1        1
2752        2593        1        1
2778        2593        1        1
2805        2593        1        1
2831        2619        1        1
2858        2619        1        1
2884        2646        1        1
2910        2646        1        1
2910        2672        1        1
2937        2672        1        1
2937        2699        1        1
2963        2699        1        1
2963        2725        1        1
2990        2752        1        1
2990        2778        1        1
3016        2778        1        1
3016        2805        1        1
3016        2831        1        1
3016        2858        1        1
3016        2884        1        1
3016        2910        1        1
3016        2937        1        1
3016        2963        1        1
3016        2990        1        1
2990        2990        1        1
2990        3016        1        1
2990        3043        1        1
2963        3069        1        1
2963        3096        1        1
2937        3096        1        1
2937        3122        1        1
2910        3149        1        1
2884        3175        1        1
2858        3175        1        1
2858        3201        1        1
2831        3201        1        1
2805        3228        1        1
2778        3228        1        1
2752        3228        1        1
2725        3254        1        1
2699        3254        1        1
2672        3254        1        1
2646        3254        1        1
2619        3254        1        1
2593        3254        1        1
2566        3254        1        1
2540        3254        1        1
2514        3254        1        1
2487        3254        1        1
2487        3228        1        1
2461        3228        1        1
2434        3228        1        1
2408        3228        1        1
2381        3201        1        1
2355        3201        1        1
2328        3175        1        1
2302        3175        1        1
2275        3175        1        1
2249        3149        1        1
2223        3149        1        1
2196        3122        1        1
2170        3122        1        1
2143        3096        1        1
2117        3096        1        1
2117        3069        1        1
2090        3069        1        1
2064        3069        1        1
2037        3043        1        1
2011        3043        1        1
1984        3016        1        1
1958        2990        1        1
1931        2990        1        1
1931        2963        1        1
1905        2963        1        1
1879        2937        1        1
1852        2910        1        1
1826        2884        1        1
1799        2858        1        1
1773        2831        1        1
1746        2831        1        1
1746        2805        1        1
1720        2805        1        1
1720        2778        1        1
1693        2752        1        1
1667        2725        1        1
1667        2699        1        1
1640        2699        1        1
1640        2672        1        1
1614        2646        1        1
1614        2619        1        1
1614        2593        1        1
1588        2593        1        1
1588        2566        1        1
1561        2540        1        1
1561        2514        1        1
1561        2487        1        1
1535        2461        1        1
1535        2434        1        1
1508        2434        1        1
1508        2408        1        1
1482        2381        1        1
1482        2355        1        1
1455        2328        1        1
1455        2302        1        1
1429        2275        1        1
1402        2249        1        1
1402        2223        1        1
1376        2196        1        1
1376        2170        1        1
1349        2143        1        1
1323        2117        1        1
1323        2090        1        1
1296        2064        1        1
1270        2037        1        1
1270        2011        1        1
1244        2011        1        1
1244        1984        1        1
1217        1984        1        1
1217        1958        1        1
1191        1958        1        1
1191        1931        1        1
1164        1931        1        1
1164        1905        1        1
1164        1931        1        1
1191        1958        1        1
PEN_UP                  0
PEN_DOWN
2328        2699        1        2
2328        2672        1        2
2355        2646        1        2
2381        2646        1        2
2381        2619        1        2
2408        2619        1        2
2434        2619        1        2
2434        2593        1        2
2461        2593        1        2
2487        2593        1        2
2487        2566        1        2
2514        2566        1        2
2540        2566        1        2
2566        2566        1        2
2593        2566        1        2
2619        2566        1        2
2646        2566        1        2
2672        2540        1        2
2699        2540        1        2
2725        2540        1        2
2752        2514        1        2
2778        2514        1        2
2805        2514        1        2
2831        2514        1        2
2858        2487        1        2
2884        2487        1        2
2910        2487        1        2
2937        2461        1        2
2963        2461        1        2
2963        2434        1        2
2990        2434        1        2
3016        2434        1        2
3043        2408        1        2
3069        2381        1        2
3096        2355        1        2
3122        2355        1        2
3122        2328        1        2
3149        2328        1        2
3175        2302        1        2
3175        2275        1        2
3201        2249        1        2
3201        2223        1        2
3228        2223        1        2
3228        2196        1        2
3254        2170        1        2
3254        2143        1        2
3254        2117        1        2
3254        2090        1        2
3254        2064        1        2
3254        2037        1        2
3254        2011        1        2
3254        1984        1        2
3228        1958        1        2
3228        1931        1        2
3201        1905        1        2
3201        1879        1        2
3175        1852        1        2
3149        1826        1        2
3122        1799        1        2
3096        1773        1        2
3069        1746        1        2
3043        1720        1        2
3016        1693        1        2
2990        1667        1        2
2963        1667        1        2
2963        1640        1        2
2937        1640        1        2
2910        1614        1        2
2884        1588        1        2
2884        1561        1        2
2858        1561        1        2
2831        1535        1        2
2805        1508        1        2
2778        1482        1        2
2752        1455        1        2
2725        1429        1        2
2699        1402        1        2
2699        1376        1        2
2672        1349        1        2
2646        1323        1        2
2646        1296        1        2
2646        1270        1        2
2646        1244        1        2
2646        1217        1        2
2646        1191        1        2
2646        1164        1        2
2646        1138        1        2
2672        1111        1        2
2672        1085        1        2
2699        1058        1        2
2699        1032        1        2
2725        1005        1        2
2752         979        1        2
2778         953        1        2
2805         926        1        2
2831         926        1        2
2858         900        1        2
2884         900        1        2
2910         873        1        2
2910         900        1        2
2884         926        1        2
PEN_UP                  0
END_CHARACTER: OU
