CHARACTER_NAME: LT
STROKE_COUNT: 4
  X           Y   STYLUS_STATE STROKE
PEN_DOWN
2196        1720        1        1
2196        1693        1        1
2170        1667        1        1
2170        1640        1        1
2170        1667        1        1
2143        1693        1        1
2143        1720        1        1
2143        1746        1        1
2143        1773        1        1
2143        1799        1        1
2143        1826        1        1
2143        1852        1        1
2143        1879        1        1
2143        1905        1        1
2143        1931        1        1
2143        1958        1        1
2143        1984        1        1
2143        2011        1        1
2143        2037        1        1
2143        2064        1        1
2143        2090        1        1
2143        2117        1        1
2143        2170        1        1
2143        2196        1        1
2143        2223        1        1
2143        2275        1        1
2143        2302        1        1
2143        2328        1        1
2143        2381        1        1
2143        2408        1        1
2143        2434        1        1
2143        2487        1        1
2117        2514        1        1
2117        2540        1        1
2117        2593        1        1
2117        2619        1        1
2117        2646        1        1
2117        2672        1        1
2117        2699        1        1
2117        2725        1        1
2117        2752        1        1
2117        2805        1        1
2117        2831        1        1
2117        2858        1        1
2117        2884        1        1
2117        2910        1        1
2117        2937        1        1
2117        2963        1        1
2117        2990        1        1
2117        3016        1        1
2117        3043        1        1
2117        3096        1        1
2117        3122        1        1
2090        3149        1        1
2090        3175        1        1
2117        3201        1        1
2090        3228        1        1
2090        3254        1        1
2090        3281        1        1
2090        3307        1        1
2090        3334        1        1
2090        3360        1        1
2090        3387        1        1
2090        3413        1        1
2090        3440        1        1
2090        3466        1        1
2090        3493        1        1
2090        3519        1        1
2090        3545        1        1
2090        3572        1        1
2090        3598        1        1
2090        3625        1        1
2090        3651        1        1
2090        3678        1        1
2117        3678        1        1
2143        3704        1        1
2143        3678        1        1
2170        3678        1        1
2196        3678        1        1
2223        3678        1        1
2249        3678        1        1
2275        3651        1        1
2302        3651        1        1
2302        3625        1        1
2328        3625        1        1
2355        3625        1        1
2381        3598        1        1
2408        3572        1        1
2434        3572        1        1
2434        3545        1        1
2461        3519        1        1
2487        3519        1        1
2514        3493        1        1
2514        3466        1        1
2540        3466        1        1
2566        3440        1        1
2566        3413        1        1
2593        3387        1        1
2619        3387        1        1
2619        3360        1        1
2646        3334        1        1
2672        3307        1        1
2699        3281        1        1
2725        3228        1        1
2752        3201        1        1
2778        3175        1        1
2805        3149        1        1
2831        3122        1        1
2858        3096        1        1
2884        3069        1        1
2884        3043        1        1
2910        3016        1        1
2937        2990        1        1
2937        2963        1        1
2963        2937        1        1
2990        2910        1        1
3016        2884        1        1
3016        2858        1        1
3016        2831        1        1
3043        2805        1        1
3043        2778        1        1
3069        2752        1        1
3069        2725        1        1
3069        2699        1        1
3069        2672        1        1
3043        2646        1        1
3043        2619        1        1
3043        2593        1        1
3016        2566        1        1
2990        2566        1        1
2963        2566        1        1
2963        2593        1        1
2937        2593        1        1
2937        2619        1        1
2910        2619        1        1
2910        2646        1        1
2884        2646        1        1
2884        2672        1        1
2884        2699        1        1
2910        2725        1        1
2937        2725        1        1
2963        2725        1        1
2990        2725        1        1
3016        2725        1        1
3016        2699        1        1
3043        2699        1        1
3043        2672        1        1
3016        2672        1        1
PEN_UP                  0
PEN_DOWN
2858        1588        1        2
2831        1588        1        2
2831        1561        1        2
2805        1561        1        2
2778        1561        1        2
2778        1535        1        2
2752        1535        1        2
2725        1508        1        2
2699        1508        1        2
2699        1482        1        2
2672        1482        1        2
2646        1455        1        2
2646        1429        1        2
2619        1429        1        2
2593        1402        1        2
2593        1376        1        2
2566        1349        1        2
2540        1349        1        2
2514        1323        1        2
2514        1296        1        2
2487        1296        1        2
2461        1270        1        2
2434        1244        1        2
2408        1244        1        2
2381        1217        1        2
2355        1191        1        2
2328        1191        1        2
2302        1191        1        2
2302        1164        1        2
2275        1164        1        2
2249        1164        1        2
2223        1164        1        2
2223        1138        1        2
2196        1138        1        2
2170        1138        1        2
2143        1138        1        2
2117        1138        1        2
2090        1138        1        2
2090        1164        1        2
2064        1164        1        2
2037        1164        1        2
2011        1164        1        2
1984        1164        1        2
1958        1164        1        2
1931        1191        1        2
1905        1191        1        2
1879        1191        1        2
1852        1164        1        2
1826        1164        1        2
1799        1164        1        2
1773        1164        1        2
1746        1138        1        2
1720        1111        1        2
1693        1111        1        2
1667        1085        1        2
1640        1058        1        2
1614        1032        1        2
1588        1005        1        2
1588         979        1        2
1561         953        1        2
1535         926        1        2
1535         900        1        2
1508         900        1        2
1508         873        1        2
1508         847        1        2
1482         820        1        2
1482         794        1        2
1455         794        1        2
1455         767        1        2
1429         767        1        2
1429         741        1        2
1429         714        1        2
1429         688        1        2
1429         661        1        2
1455         661        1        2
PEN_UP                  0
PEN_DOWN
1720        1799        1        3
1746        1799        1        3
1773        1799        1        3
1799        1799        1        3
1852        1799        1        3
1905        1773        1        3
1931        1773        1        3
1984        1773        1        3
2037        1773        1        3
2090        1773        1        3
2143        1773        1        3
2196        1773        1        3
2249        1773        1        3
2302        1773        1        3
2355        1773        1        3
2434        1773        1        3
2487        1773        1        3
2540        1773        1        3
2619        1773        1        3
2672        1773        1        3
2752        1773        1        3
2805        1773        1        3
2858        1773        1        3
2937        1773        1        3
2990        1773        1        3
3043        1773        1        3
3069        1773        1        3
3122        1773        1        3
3175        1773        1        3
3201        1773        1        3
3228        1773        1        3
3254        1773        1        3
3281        1773        1        3
3254        1773        1        3
3228        1773        1        3
3201        1773        1        3
3175        1773        1        3
PEN_UP                  0
PEN_DOWN
2143        2408        1        4
2117        2408        1        4
2117        2381        1        4
2117        2355        1        4
2090        2355        1        4
2090        2328        1        4
2090        2302        1        4
2064        2302        1        4
2064        2275        1        4
2064        2249        1        4
2037        2249        1        4
2037        2223        1        4
2011        2196        1        4
1984        2170        1        4
1984        2143        1        4
1958        2143        1        4
1958        2117        1        4
1931        2090        1        4
1905        2064        1        4
1879        2064        1        4
1852        2064        1        4
1826        2064        1        4
1799        2064        1        4
1773        2064        1        4
1746        2064        1        4
1720        2064        1        4
1693        2090        1        4
1667        2090        1        4
1667        2117        1        4
1640        2117        1        4
1640        2143        1        4
1614        2170        1        4
1614        2196        1        4
1614        2223        1        4
1614        2249        1        4
1614        2275        1        4
1640        2275        1        4
1640        2302        1        4
1640        2328        1        4
1667        2328        1        4
1667        2355        1        4
1693        2355        1        4
1693        2328        1        4
1720        2302        1        4
1720        2275        1        4
1720        2249        1        4
1693        2223        1        4
1693        2196        1        4
1667        2196        1        4
1640        2196        1        4
1640        2170        1        4
1614        2170        1        4
1588        2170        1        4
1588        2143        1        4
1561        2143        1        4
1535        2143        1        4
1535        2117        1        4
1508        2117        1        4
1482        2117        1        4
1455        2090        1        4
1429        2090        1        4
1402        2090        1        4
1376        2090        1        4
1349        2090        1        4
1323        2090        1        4
1296        2090        1        4
1270        2090        1        4
1244        2117        1        4
1217        2117        1        4
1191        2143        1        4
1164        2143        1        4
1138        2170        1        4
1111        2196        1        4
1085        2196        1        4
1085        2223        1        4
1085        2249        1        4
1058        2275        1        4
1058        2302        1        4
1058        2328        1        4
1032        2355        1        4
1058        2381        1        4
1058        2408        1        4
1058        2434        1        4
1058        2461        1        4
1058        2487        1        4
1058        2514        1        4
1085        2540        1        4
1085        2566        1        4
1111        2593        1        4
1111        2619        1        4
1138        2646        1        4
1164        2672        1        4
1164        2699        1        4
1191        2699        1        4
1191        2725        1        4
1217        2725        1        4
1244        2752        1        4
1270        2778        1        4
1296        2778        1        4
1323        2778        1        4
1349        2778        1        4
1349        2752        1        4
1376        2752        1        4
1376        2725        1        4
1376        2699        1        4
1349        2699        1        4
1349        2672        1        4
1323        2646        1        4
1323        2619        1        4
1296        2619        1        4
PEN_UP                  0
END_CHARACTER: LT
