CHARACTER_NAME: SN
STROKE_COUNT: 3
  X           Y   STYLUS_STATE STROKE
PEN_DOWN
1296        1667        1        1
1270        1667        1        1
1244        1667        1        1
1217        1667        1        1
1244        1667        1        1
1270        1667        1        1
1296        1667        1        1
1323        1667        1        1
1349        1667        1        1
1376        1667        1        1
1402        1667        1        1
1429        1693        1        1
1455        1693        1        1
1482        1693        1        1
1508        1720        1        1
1535        1720        1        1
1535        1746        1        1
1561        1746        1        1
1588        1746        1        1
1588        1773        1        1
1614        1773        1        1
1640        1799        1        1
1667        1826        1        1
1667        1852        1        1
1693        1852        1        1
1693        1879        1        1
1693        1905        1        1
1720        1905        1        1
1720        1931        1        1
1746        1958        1        1
1746        1984        1        1
1773        2011        1        1
1773        2037        1        1
1773        2064        1        1
1799        2090        1        1
1799        2117        1        1
1799        2143        1        1
1799        2170        1        1
1799        2196        1        1
1799        2223        1        1
1773        2249        1        1
1773        2275        1        1
1773        2302        1        1
1746        2302        1        1
1746        2328        1        1
1720        2328        1        1
1720        2355        1        1
1693        2355        1        1
1667        2355        1        1
1640        2328        1        1
1614        2328        1        1
1614        2302        1        1
1588        2275        1        1
1588        2249        1        1
1561        2223        1        1
1561        2196        1        1
1561        2170        1        1
1561        2143        1        1
1561        2117        1        1
1561        2090        1        1
1561        2064        1        1
1561        2037        1        1
1561        2011        1        1
1561        1984        1        1
1588        1958        1        1
1588        1931        1        1
1588        1905        1        1
1614        1879        1        1
1614        1852        1        1
1640        1852        1        1
1640        1826        1        1
1667        1826        1        1
1667        1799        1        1
1693        1773        1        1
1720        1773        1        1
1746        1746        1        1
1773        1746        1        1
1799        1746        1        1
1826        1773        1        1
1852        1773        1        1
1852        1799        1        1
1879        1799        1        1
1905        1826        1        1
1931        1826        1        1
1931        1852        1        1
1958        1852        1        1
1958        1879        1        1
1984        1879        1        1
1984        1905        1        1
2011        1931        1        1
2011        1958        1        1
2037        1984        1        1
2037        2011        1        1
2037        2037        1        1
2064        2064        1        1
2064        2090        1        1
2064        2117        1        1
2064        2143        1        1
2064        2170        1        1
2064        2196        1        1
2064        2223        1        1
2064        2249        1        1
2064        2275        1        1
2037        2302        1        1
2037        2328        1        1
2037        2355        1        1
2011        2355        1        1
2011        2381        1        1
2011        2355        1        1
1984        2355        1        1
1984        2328        1        1
1958        2328        1        1
1958        2302        1        1
1931        2275        1        1
1931        2249        1        1
1905        2223        1        1
1905        2196        1        1
1905        2170        1        1
1905        2143        1        1
1905        2117        1        1
1905        2090        1        1
1905        2064        1        1
1905        2037        1        1
1905        2011        1        1
1931        1984        1        1
1931        1958        1        1
1931        1931        1        1
1958        1905        1        1
1958        1879        1        1
1958        1852        1        1
1984        1852        1        1
1984        1826        1        1
1984        1799        1        1
2011        1799        1        1
2011        1773        1        1
2011        1746        1        1
2037        1720        1        1
2037        1693        1        1
2064        1693        1        1
2064        1667        1        1
2090        1640        1        1
2117        1640        1        1
2117        1614        1        1
2143        1614        1        1
2170        1614        1        1
2170        1588        1        1
2196        1588        1        1
2223        1588        1        1
2249        1561        1        1
2275        1561        1        1
2302        1561        1        1
2328        1561        1        1
2355        1561        1        1
2355        1588        1        1
2381        1588        1        1
2408        1588        1        1
2434        1588        1        1
2461        1614        1        1
2487        1614        1        1
2487        1640        1        1
2514        1640        1        1
2514        1667        1        1
2540        1667        1        1
2540        1693        1        1
2566        1693        1        1
2566        1720        1        1
2566        1746        1        1
2593        1746        1        1
2593        1773        1        1
2593        1799        1        1
2619        1826        1        1
2619        1852        1        1
2619        1879        1        1
2646        1879        1        1
2646        1905        1        1
2646        1931        1        1
2646        1958        1        1
2646        1984        1        1
2672        2011        1        1
2672        2037        1        1
2672        2011        1        1
2672        1984        1        1
2672        1958        1        1
2672        1931        1        1
2646        1905        1        1
2646        1879        1        1
2646        1852        1        1
2646        1826        1        1
2646        1799        1        1
2646        1773        1        1
2646        1746        1        1
2646        1720        1        1
2646        1693        1        1
2646        1667        1        1
2646        1640        1        1
2646        1614        1        1
2646        1588        1        1
2646        1561        1        1
2646        1535        1        1
2646        1508        1        1
2646        1482        1        1
2646        1455        1        1
2646        1429        1        1
2646        1402        1        1
2646        1376        1        1
2672        1349        1        1
2672        1323        1        1
2672        1296        1        1
2672        1270        1        1
2672        1244        1        1
2672        1270        1        1
2672        1296        1        1
2672        1323        1        1
2672        1349        1        1
2672        1376        1        1
2672        1402        1        1
2672        1429        1        1
2672        1455        1        1
2672        1482        1        1
2672        1535        1        1
2672        1561        1        1
2646        1588        1        1
2646        1614        1        1
2646        1667        1        1
2646        1693        1        1
2646        1720        1        1
2646        1773        1        1
2646        1799        1        1
2646        1852        1        1
2646        1879        1        1
2646        1931        1        1
2646        1984        1        1
2646        2037        1        1
2646        2090        1        1
2672        2143        1        1
2672        2223        1        1
2672        2275        1        1
2672        2328        1        1
2699        2408        1        1
2699        2461        1        1
2699        2514        1        1
2725        2593        1        1
2725        2646        1        1
2725        2699        1        1
2725        2778        1        1
2752        2831        1        1
2752        2910        1        1
2752        2963        1        1
2752        3043        1        1
2752        3096        1        1
2752        3175        1        1
2752        3254        1        1
2752        3307        1        1
2752        3387        1        1
2752        3440        1        1
2752        3493        1        1
2752        3572        1        1
2752        3625        1        1
2752        3678        1        1
2752        3731        1        1
2752        3784        1        1
2752        3863        1        1
2752        3916        1        1
2752        3969        1        1
2752        4022        1        1
2752        4075        1        1
2752        4101        1        1
2752        4154        1        1
2752        4180        1        1
2752        4207        1        1
2752        4233        1        1
2752        4207        1        1
2752        4180        1        1
2752        4154        1        1
2778        4128        1        1
2778        4101        1        1
2778        4075        1        1
2778        4022        1        1
PEN_UP                  0
PEN_DOWN
3201        1561        1        2
3201        1535        1        2
3175        1508        1        2
3149        1508        1        2
3122        1508        1        2
3096        1535        1        2
3069        1535        1        2
3069        1508        1        2
3043        1508        1        2
3043        1482        1        2
3016        1482        1        2
2990        1482        1        2
2963        1455        1        2
2990        1455        1        2
3016        1455        1        2
3069        1455        1        2
3122        1455        1        2
3149        1455        1        2
3201        1455        1        2
3254        1455        1        2
3307        1455        1        2
3334        1455        1        2
3360        1455        1        2
3387        1455        1        2
3413        1455        1        2
3440        1455        1        2
3413        1455        1        2
3413        1482        1        2
3387        1482        1        2
PEN_UP                  0
PEN_DOWN
2725        3493        1        3
2725        3466        1        3
2725        3440        1        3
2725        3413        1        3
2725        3387        1        3
2699        3360        1        3
2699        3334        1        3
2699        3307        1        3
2672        3281        1        3
2672        3254        1        3
2672        3228        1        3
2646        3201        1        3
2646        3175        1        3
2646        3149        1        3
2619        3122        1        3
2619        3096        1        3
2593        3069        1        3
2566        3069        1        3
2566        3043        1        3
2540        3016        1        3
2514        2990        1        3
2487        2990        1        3
2461        2963        1        3
2434        2937        1        3
2408        2937        1        3
2408        2910        1        3
2381        2910        1        3
2355        2910        1        3
2328        2884        1        3
2302        2884        1        3
2275        2858        1        3
2249        2858        1        3
2223        2858        1        3
2196        2858        1        3
2196        2831        1        3
2170        2831        1        3
2143        2831        1        3
2117        2831        1        3
2090        2858        1        3
2064        2858        1        3
2037        2858        1        3
2011        2884        1        3
1984        2884        1        3
1958        2884        1        3
1958        2910        1        3
1931        2910        1        3
1931        2937        1        3
1931        2963        1        3
1905        2990        1        3
1905        3016        1        3
1905        3043        1        3
1905        3069        1        3
1931        3096        1        3
1931        3122        1        3
1958        3149        1        3
1984        3175        1        3
2011        3175        1        3
2011        3149        1        3
2037        3149        1        3
2037        3122        1        3
2037        3096        1        3
2037        3069        1        3
2037        3043        1        3
2037        3016        1        3
2011        3016        1        3
2011        2990        1        3
1984        2990        1        3
1958        2990        1        3
1958        3016        1        3
1958        3043        1        3
1984        3043        1        3
1984        3016        1        3
PEN_UP                  0
END_CHARACTER: SN
