CHARACTER_NAME: SC
STROKE_COUNT: 3
  X           Y   STYLUS_STATE STROKE
PEN_DOWN
1164        1614        1        1
1191        1588        1        1
1217        1588        1        1
1244        1588        1        1
1270        1588        1        1
1296        1588        1        1
1323        1588        1        1
1349        1614        1        1
1376        1614        1        1
1402        1614        1        1
1429        1640        1        1
1455        1640        1        1
1482        1640        1        1
1508        1640        1        1
1508        1667        1        1
1535        1667        1        1
1561        1667        1        1
1588        1693        1        1
1614        1693        1        1
1640        1720        1        1
1667        1720        1        1
1693        1746        1        1
1720        1773        1        1
1720        1799        1        1
1746        1799        1        1
1746        1826        1        1
1773        1852        1        1
1773        1879        1        1
1773        1905        1        1
1773        1931        1        1
1773        1958        1        1
1773        1984        1        1
1773        2011        1        1
1773        2037        1        1
1773        2064        1        1
1746        2090        1        1
1746        2117        1        1
1720        2117        1        1
1693        2117        1        1
1693        2090        1        1
1667        2090        1        1
1667        2064        1        1
1640        2064        1        1
1640        2037        1        1
1640        2011        1        1
1614        1984        1        1
1614        1958        1        1
1614        1931        1        1
1614        1905        1        1
1640        1905        1        1
1640        1879        1        1
1640        1852        1        1
1640        1826        1        1
1640        1799        1        1
1667        1799        1        1
1667        1773        1        1
1667        1746        1        1
1667        1720        1        1
1693        1720        1        1
1693        1693        1        1
1720        1693        1        1
1720        1667        1        1
1746        1640        1        1
1773        1640        1        1
1773        1614        1        1
1799        1614        1        1
1826        1614        1        1
1826        1588        1        1
1852        1588        1        1
1879        1588        1        1
1905        1588        1        1
1931        1614        1        1
1958        1614        1        1
1984        1614        1        1
2011        1614        1        1
2011        1640        1        1
2037        1640        1        1
2064        1640        1        1
2064        1667        1        1
2090        1667        1        1
2117        1693        1        1
2117        1720        1        1
2143        1746        1        1
2170        1773        1        1
2170        1799        1        1
2196        1826        1        1
2196        1852        1        1
2196        1879        1        1
2196        1905        1        1
2196        1931        1        1
2196        1958        1        1
2196        1984        1        1
2196        2011        1        1
2196        2037        1        1
2170        2064        1        1
2170        2090        1        1
2143        2117        1        1
2117        2117        1        1
2117        2090        1        1
2090        2090        1        1
2064        2090        1        1
2064        2064        1        1
2037        2064        1        1
2037        2037        1        1
2011        2037        1        1
2011        2011        1        1
1984        1984        1        1
1984        1958        1        1
1984        1931        1        1
1984        1905        1        1
1984        1879        1        1
1984        1852        1        1
2011        1826        1        1
2011        1799        1        1
2011        1773        1        1
2011        1746        1        1
2037        1746        1        1
2037        1720        1        1
2037        1693        1        1
2064        1693        1        1
2064        1667        1        1
2064        1640        1        1
2090        1640        1        1
2117        1614        1        1
2143        1614        1        1
2143        1588        1        1
2170        1588        1        1
2170        1561        1        1
2196        1561        1        1
2223        1561        1        1
2249        1535        1        1
2275        1535        1        1
2302        1535        1        1
2328        1535        1        1
2355        1535        1        1
2381        1535        1        1
2408        1535        1        1
2434        1535        1        1
2461        1535        1        1
2487        1535        1        1
2514        1535        1        1
2540        1561        1        1
2566        1561        1        1
2566        1588        1        1
2566        1561        1        1
2566        1588        1        1
2540        1588        1        1
2514        1588        1        1
2487        1588        1        1
PEN_UP                  0
PEN_DOWN
2619        1323        1        2
2619        1296        1        2
2619        1270        1        2
2619        1244        1        2
2619        1217        1        2
2593        1217        1        2
2593        1191        1        2
2593        1217        1        2
2593        1244        1        2
2593        1270        1        2
2593        1296        1        2
2566        1296        1        2
2566        1323        1        2
2566        1349        1        2
2566        1376        1        2
2566        1402        1        2
2566        1429        1        2
2566        1455        1        2
2566        1482        1        2
2566        1508        1        2
2566        1535        1        2
2566        1561        1        2
2566        1588        1        2
2566        1614        1        2
2566        1640        1        2
2566        1667        1        2
2566        1693        1        2
2566        1720        1        2
2566        1746        1        2
2566        1773        1        2
2566        1799        1        2
2566        1826        1        2
2566        1852        1        2
2540        1852        1        2
2540        1879        1        2
2540        1905        1        2
2540        1931        1        2
2540        1958        1        2
2540        1984        1        2
2540        2011        1        2
2540        2037        1        2
2540        2064        1        2
2540        2090        1        2
2540        2117        1        2
2540        2143        1        2
2540        2170        1        2
2540        2223        1        2
2540        2249        1        2
2540        2275        1        2
2540        2302        1        2
2540        2328        1        2
2540        2381        1        2
2514        2408        1        2
2514        2434        1        2
2514        2461        1        2
2540        2487        1        2
2540        2540        1        2
2540        2566        1        2
2540        2619        1        2
2540        2646        1        2
2540        2699        1        2
2540        2725        1        2
2540        2778        1        2
2566        2831        1        2
2566        2858        1        2
2566        2910        1        2
2566        2937        1        2
2566        2990        1        2
2566        3016        1        2
2593        3069        1        2
2593        3096        1        2
2593        3122        1        2
2593        3175        1        2
2593        3201        1        2
2593        3228        1        2
2593        3254        1        2
2593        3307        1        2
2593        3334        1        2
2593        3360        1        2
2593        3387        1        2
2593        3413        1        2
2593        3440        1        2
2593        3466        1        2
2593        3493        1        2
2593        3519        1        2
2593        3545        1        2
2619        3545        1        2
2619        3572        1        2
2646        3572        1        2
2672        3572        1        2
2699        3572        1        2
2725        3545        1        2
2752        3545        1        2
2778        3545        1        2
2778        3519        1        2
2805        3519        1        2
2831        3493        1        2
2858        3466        1        2
2884        3440        1        2
2910        3413        1        2
2937        3387        1        2
2963        3360        1        2
2990        3334        1        2
3016        3307        1        2
3016        3281        1        2
3043        3254        1        2
3069        3228        1        2
3069        3201        1        2
3096        3201        1        2
3096        3175        1        2
3122        3149        1        2
3149        3122        1        2
3149        3096        1        2
3175        3069        1        2
3175        3043        1        2
3201        3016        1        2
3201        2990        1        2
3228        2963        1        2
3228        2937        1        2
3254        2910        1        2
3254        2884        1        2
3254        2858        1        2
3281        2831        1        2
3281        2805        1        2
3281        2778        1        2
3281        2752        1        2
3281        2725        1        2
3281        2699        1        2
3281        2672        1        2
3281        2646        1        2
3281        2619        1        2
3281        2593        1        2
3281        2566        1        2
3281        2540        1        2
3254        2540        1        2
3254        2514        1        2
3254        2487        1        2
3254        2461        1        2
3254        2434        1        2
3228        2434        1        2
3228        2408        1        2
3228        2381        1        2
3201        2355        1        2
3201        2328        1        2
3201        2302        1        2
3201        2275        1        2
3175        2275        1        2
3175        2249        1        2
3175        2223        1        2
3175        2196        1        2
3149        2196        1        2
3149        2170        1        2
3149        2143        1        2
3122        2143        1        2
3122        2117        1        2
3122        2090        1        2
3122        2064        1        2
3096        2064        1        2
3096        2037        1        2
3096        2011        1        2
3069        2011        1        2
3069        1984        1        2
3069        1958        1        2
3043        1958        1        2
3043        1931        1        2
3043        1905        1        2
3016        1905        1        2
3016        1879        1        2
2990        1879        1        2
2990        1852        1        2
2963        1826        1        2
2963        1799        1        2
2937        1799        1        2
2937        1773        1        2
2910        1773        1        2
2910        1746        1        2
2884        1746        1        2
2858        1720        1        2
2831        1720        1        2
2831        1693        1        2
2805        1693        1        2
2778        1667        1        2
2778        1640        1        2
2752        1614        1        2
2725        1614        1        2
2699        1588        1        2
2699        1561        1        2
2672        1535        1        2
2672        1508        1        2
2646        1482        1        2
2646        1455        1        2
2619        1429        1        2
2619        1402        1        2
2619        1376        1        2
2593        1349        1        2
2593        1323        1        2
2593        1296        1        2
2566        1296        1        2
2566        1270        1        2
2566        1244        1        2
2566        1217        1        2
PEN_UP                  0
PEN_DOWN
2487        1164        1        3
2487        1138        1        3
2514        1111        1        3
2540        1111        1        3
2566        1111        1        3
2593        1111        1        3
2619        1085        1        3
2646        1085        1        3
2672        1085        1        3
2699        1085        1        3
2752        1111        1        3
2805        1111        1        3
2831        1111        1        3
2884        1111        1        3
2937        1111        1        3
3016        1111        1        3
3069        1138        1        3
3122        1138        1        3
3175        1111        1        3
3228        1111        1        3
3281        1111        1        3
3334        1111        1        3
3360        1111        1        3
3413        1111        1        3
3440        1111        1        3
3466        1111        1        3
3440        1111        1        3
3440        1138        1        3
PEN_UP                  0
END_CHARACTER: SC
