CHARACTER_NAME: SM
STROKE_COUNT: 3
  X           Y   STYLUS_STATE STROKE
PEN_DOWN
1138        1402        1        1
1111        1402        1        1
1111        1429        1        1
1138        1429        1        1
1138        1455        1        1
1164        1455        1        1
1164        1482        1        1
1191        1482        1        1
1191        1508        1        1
1217        1508        1        1
1217        1535        1        1
1244        1561        1        1
1244        1588        1        1
1270        1588        1        1
1270        1614        1        1
1296        1614        1        1
1296        1640        1        1
1323        1667        1        1
1349        1693        1        1
1349        1720        1        1
1376        1720        1        1
1376        1746        1        1
1376        1773        1        1
1402        1773        1        1
1402        1799        1        1
1402        1826        1        1
1429        1826        1        1
1429        1852        1        1
1429        1879        1        1
1455        1905        1        1
1455        1931        1        1
1455        1958        1        1
1455        1984        1        1
1455        2011        1        1
1455        2037        1        1
1455        2064        1        1
1455        2090        1        1
1455        2117        1        1
1455        2143        1        1
1455        2170        1        1
1455        2196        1        1
1455        2223        1        1
1429        2249        1        1
1429        2275        1        1
1429        2302        1        1
1402        2328        1        1
1402        2355        1        1
1402        2381        1        1
1376        2408        1        1
1376        2434        1        1
1349        2434        1        1
1349        2461        1        1
1349        2487        1        1
1323        2487        1        1
1323        2514        1        1
1323        2540        1        1
1296        2540        1        1
1296        2566        1        1
1270        2566        1        1
1270        2593        1        1
1244        2593        1        1
1244        2619        1        1
1217        2619        1        1
1217        2646        1        1
1191        2646        1        1
1164        2646        1        1
1138        2646        1        1
1111        2646        1        1
1111        2619        1        1
1085        2619        1        1
1085        2593        1        1
1058        2593        1        1
1058        2566        1        1
1032        2540        1        1
1032        2514        1        1
1032        2487        1        1
1058        2461        1        1
1058        2434        1        1
1058        2408        1        1
1058        2381        1        1
1085        2381        1        1
1085        2355        1        1
1111        2328        1        1
1138        2328        1        1
1138        2302        1        1
1164        2302        1        1
1191        2302        1        1
1217        2275        1        1
1244        2275        1        1
1270        2275        1        1
1296        2275        1        1
1323        2302        1        1
1349        2302        1        1
1376        2302        1        1
1402        2302        1        1
1402        2328        1        1
1429        2328        1        1
1455        2328        1        1
1482        2355        1        1
1508        2355        1        1
1535        2381        1        1
1561        2408        1        1
1588        2434        1        1
1614        2461        1        1
1640        2487        1        1
1640        2514        1        1
1667        2540        1        1
1693        2566        1        1
1693        2593        1        1
1720        2619        1        1
1746        2646        1        1
1746        2672        1        1
1773        2725        1        1
1773        2752        1        1
1799        2778        1        1
1826        2831        1        1
1826        2884        1        1
1852        2910        1        1
1852        2963        1        1
1879        3016        1        1
1879        3069        1        1
1905        3096        1        1
1905        3149        1        1
1931        3175        1        1
1931        3201        1        1
1958        3254        1        1
1958        3281        1        1
1958        3307        1        1
1984        3307        1        1
1984        3334        1        1
1984        3360        1        1
2011        3360        1        1
2011        3387        1        1
2011        3360        1        1
2011        3334        1        1
1984        3307        1        1
1984        3254        1        1
1984        3228        1        1
1984        3175        1        1
1984        3122        1        1
1984        3069        1        1
1984        3043        1        1
1984        2990        1        1
1958        2937        1        1
1958        2910        1        1
1958        2858        1        1
1958        2805        1        1
1958        2752        1        1
1958        2725        1        1
1958        2672        1        1
1958        2619        1        1
1958        2566        1        1
1958        2514        1        1
1958        2461        1        1
1958        2434        1        1
1958        2381        1        1
1958        2328        1        1
1931        2302        1        1
1931        2249        1        1
1931        2196        1        1
1931        2143        1        1
1931        2090        1        1
1931        2037        1        1
1931        1984        1        1
1931        1958        1        1
1931        1905        1        1
1931        1879        1        1
1905        1826        1        1
1905        1799        1        1
1905        1773        1        1
1905        1720        1        1
1905        1693        1        1
1905        1667        1        1
1905        1640        1        1
1905        1614        1        1
1905        1588        1        1
1905        1561        1        1
1905        1535        1        1
1905        1508        1        1
1905        1482        1        1
1905        1455        1        1
1905        1429        1        1
1905        1402        1        1
1905        1376        1        1
1905        1349        1        1
PEN_UP                  0
PEN_DOWN
 873        1402        1        2
 847        1402        1        2
 820        1402        1        2
 794        1402        1        2
 820        1402        1        2
 847        1402        1        2
 873        1402        1        2
 900        1402        1        2
 926        1402        1        2
 953        1376        1        2
 979        1376        1        2
1005        1376        1        2
1058        1376        1        2
1085        1376        1        2
1138        1376        1        2
1191        1376        1        2
1244        1376        1        2
1296        1376        1        2
1349        1376        1        2
1429        1376        1        2
1482        1376        1        2
1561        1376        1        2
1614        1376        1        2
1693        1349        1        2
1773        1349        1        2
1826        1349        1        2
1905        1349        1        2
1958        1349        1        2
2037        1349        1        2
2090        1349        1        2
2170        1349        1        2
2223        1323        1        2
2275        1323        1        2
2355        1323        1        2
2408        1323        1        2
2461        1323        1        2
2487        1296        1        2
2540        1296        1        2
2593        1296        1        2
2619        1296        1        2
2646        1296        1        2
2672        1296        1        2
2699        1296        1        2
2672        1296        1        2
2646        1296        1        2
2619        1296        1        2
2593        1296        1        2
PEN_UP                  0
PEN_DOWN
 212        1561        1        3
 238        1561        1        3
 265        1588        1        3
 291        1588        1        3
 318        1614        1        3
 344        1614        1        3
 370        1640        1        3
 397        1640        1        3
 423        1667        1        3
 450        1693        1        3
 476        1720        1        3
 503        1720        1        3
 503        1746        1        3
 529        1746        1        3
 529        1773        1        3
 556        1773        1        3
 556        1799        1        3
 556        1826        1        3
 582        1826        1        3
 582        1852        1        3
 609        1879        1        3
 609        1905        1        3
 582        1931        1        3
 582        1958        1        3
 582        1984        1        3
 556        1984        1        3
 556        2011        1        3
 529        2011        1        3
 529        2037        1        3
 503        2011        1        3
 476        2011        1        3
 476        1984        1        3
 450        1958        1        3
 450        1931        1        3
 423        1931        1        3
 423        1905        1        3
 423        1879        1        3
 423        1852        1        3
 423        1826        1        3
 450        1799        1        3
 450        1773        1        3
 450        1746        1        3
 476        1746        1        3
 476        1720        1        3
 503        1693        1        3
 503        1667        1        3
 529        1667        1        3
 529        1640        1        3
 556        1640        1        3
 582        1640        1        3
 609        1640        1        3
 635        1640        1        3
 661        1640        1        3
 661        1667        1        3
 688        1667        1        3
 714        1667        1        3
 741        1667        1        3
 767        1693        1        3
 794        1693        1        3
 794        1720        1        3
 820        1720        1        3
 820        1746        1        3
 847        1773        1        3
 847        1799        1        3
 847        1826        1        3
 873        1826        1        3
 873        1852        1        3
 873        1879        1        3
 873        1905        1        3
 873        1931        1        3
 873        1958        1        3
 847        1958        1        3
 847        1984        1        3
 820        1984        1        3
 794        1984        1        3
 794        1958        1        3
 767        1958        1        3
 741        1931        1        3
 714        1905        1        3
 714        1879        1        3
 714        1852        1        3
 714        1826        1        3
 714        1799        1        3
 714        1773        1        3
 714        1746        1        3
 741        1746        1        3
 741        1720        1        3
 741        1693        1        3
 767        1693        1        3
 767        1667        1        3
 794        1640        1        3
 820        1614        1        3
 847        1614        1        3
 873        1614        1        3
 873        1588        1        3
 900        1588        1        3
 926        1588        1        3
 953        1588        1        3
 979        1588        1        3
1005        1588        1        3
1032        1588        1        3
1058        1588        1        3
1085        1588        1        3
1111        1588        1        3
1138        1588        1        3
1164        1588        1        3
1164        1614        1        3
1191        1614        1        3
1217        1614        1        3
1217        1640        1        3
1244        1640        1        3
1270        1667        1        3
1296        1667        1        3
1323        1693        1        3
1349        1693        1        3
1349        1720        1        3
1376        1720        1        3
1402        1746        1        3
1429        1746        1        3
1429        1773        1        3
1455        1773        1        3
1455        1799        1        3
1482        1799        1        3
1455        1773        1        3
1429        1773        1        3
1402        1773        1        3
PEN_UP                  0
END_CHARACTER: SM
