CHARACTER_NAME: SB
STROKE_COUNT: 1
  X           Y   STYLUS_STATE STROKE
PEN_DOWN
1032        1561        1        1
1005        1561        1        1
1032        1561        1        1
1058        1561        1        1
1085        1561        1        1
1085        1588        1        1
1111        1588        1        1
1138        1588        1        1
1164        1588        1        1
1191        1614        1        1
1217        1614        1        1
1244        1640        1        1
1270        1640        1        1
1296        1667        1        1
1323        1693        1        1
1323        1720        1        1
1349        1720        1        1
1376        1746        1        1
1376        1773        1        1
1402        1799        1        1
1429        1826        1        1
1429        1852        1        1
1429        1905        1        1
1429        1931        1        1
1429        1958        1        1
1429        1984        1        1
1429        2011        1        1
1402        2037        1        1
1402        2064        1        1
1402        2090        1        1
1402        2117        1        1
1376        2117        1        1
1376        2143        1        1
1376        2117        1        1
1349        2090        1        1
1349        2064        1        1
1349        2037        1        1
1323        2011        1        1
1323        1984        1        1
1296        1958        1        1
1296        1931        1        1
1296        1905        1        1
1296        1879        1        1
1296        1852        1        1
1296        1826        1        1
1323        1799        1        1
1323        1773        1        1
1323        1746        1        1
1349        1746        1        1
1349        1720        1        1
1376        1693        1        1
1376        1667        1        1
1402        1667        1        1
1429        1667        1        1
1455        1667        1        1
1482        1667        1        1
1508        1667        1        1
1535        1667        1        1
1561        1693        1        1
1588        1693        1        1
1614        1693        1        1
1614        1720        1        1
1640        1720        1        1
1667        1746        1        1
1693        1773        1        1
1720        1799        1        1
1746        1826        1        1
1746        1852        1        1
1773        1879        1        1
1773        1905        1        1
1799        1931        1        1
1799        1958        1        1
1799        1984        1        1
1799        2011        1        1
1799        2037        1        1
1799        2064        1        1
1799        2090        1        1
1799        2117        1        1
1773        2143        1        1
1773        2170        1        1
1773        2196        1        1
1773        2223        1        1
1746        2223        1        1
1746        2249        1        1
1720        2275        1        1
1720        2249        1        1
1693        2249        1        1
1667        2223        1        1
1640        2223        1        1
1614        2196        1        1
1588        2196        1        1
1588        2170        1        1
1561        2170        1        1
1561        2143        1        1
1535        2117        1        1
1535        2090        1        1
1508        2064        1        1
1508        2037        1        1
1508        2011        1        1
1508        1984        1        1
1535        1958        1        1
1535        1931        1        1
1535        1905        1        1
1535        1879        1        1
1535        1852        1        1
1535        1826        1        1
1561        1799        1        1
1561        1773        1        1
1561        1746        1        1
1588        1746        1        1
1588        1720        1        1
1588        1693        1        1
1614        1693        1        1
1614        1667        1        1
1640        1640        1        1
1667        1614        1        1
1693        1588        1        1
1720        1588        1        1
1720        1561        1        1
1746        1561        1        1
1746        1535        1        1
1773        1535        1        1
1799        1535        1        1
1826        1535        1        1
1852        1535        1        1
1879        1535        1        1
1905        1535        1        1
1905        1508        1        1
1931        1508        1        1
1958        1508        1        1
1984        1508        1        1
2011        1508        1        1
2037        1508        1        1
2037        1535        1        1
2064        1535        1        1
2090        1535        1        1
2117        1535        1        1
2143        1535        1        1
2143        1561        1        1
2170        1561        1        1
2196        1561        1        1
2196        1588        1        1
2223        1588        1        1
2223        1614        1        1
2249        1614        1        1
2249        1640        1        1
2275        1640        1        1
2275        1667        1        1
2302        1693        1        1
2302        1720        1        1
2328        1746        1        1
2328        1773        1        1
2355        1799        1        1
2355        1826        1        1
2381        1852        1        1
2381        1879        1        1
2381        1905        1        1
2408        1931        1        1
2408        1958        1        1
2408        1984        1        1
2408        2011        1        1
2434        2037        1        1
2434        2064        1        1
2434        2090        1        1
2434        2117        1        1
2434        2143        1        1
2461        2143        1        1
2461        2170        1        1
2461        2143        1        1
2461        2117        1        1
2461        2090        1        1
2461        2037        1        1
2461        2011        1        1
2461        1984        1        1
2461        1958        1        1
2461        1931        1        1
2461        1905        1        1
2461        1879        1        1
2461        1852        1        1
2461        1826        1        1
2461        1799        1        1
2461        1773        1        1
2461        1746        1        1
2461        1720        1        1
2461        1693        1        1
2461        1667        1        1
2461        1640        1        1
2461        1614        1        1
2461        1588        1        1
2461        1561        1        1
2461        1535        1        1
2461        1508        1        1
2434        1508        1        1
2461        1535        1        1
2434        1561        1        1
2461        1561        1        1
2434        1588        1        1
2434        1614        1        1
2461        1640        1        1
2461        1667        1        1
2461        1693        1        1
2461        1746        1        1
2461        1773        1        1
2461        1826        1        1
2461        1852        1        1
2461        1905        1        1
2461        1984        1        1
2487        2037        1        1
2487        2090        1        1
2487        2143        1        1
2487        2196        1        1
2461        2249        1        1
2487        2328        1        1
2461        2381        1        1
2461        2434        1        1
2461        2487        1        1
2461        2540        1        1
2461        2619        1        1
2461        2672        1        1
2461        2725        1        1
2461        2778        1        1
2461        2831        1        1
2461        2884        1        1
2461        2937        1        1
2461        2990        1        1
2461        3043        1        1
2461        3096        1        1
2461        3149        1        1
2461        3201        1        1
2461        3254        1        1
2461        3281        1        1
2461        3334        1        1
2461        3360        1        1
2461        3387        1        1
2461        3413        1        1
2461        3440        1        1
2461        3466        1        1
2461        3493        1        1
2461        3519        1        1
2461        3493        1        1
2461        3466        1        1
2461        3440        1        1
2487        3440        1        1
2487        3413        1        1
2461        3413        1        1
2487        3387        1        1
2487        3360        1        1
2487        3334        1        1
2487        3307        1        1
2487        3281        1        1
2487        3254        1        1
2487        3228        1        1
2487        3201        1        1
2487        3175        1        1
2487        3149        1        1
2487        3122        1        1
2514        3122        1        1
2487        3096        1        1
2487        3069        1        1
2487        3043        1        1
2487        3016        1        1
2487        2990        1        1
2514        2990        1        1
2487        2963        1        1
2487        2937        1        1
2514        2910        1        1
2514        2884        1        1
2514        2858        1        1
2514        2831        1        1
2487        2831        1        1
2487        2805        1        1
2514        2778        1        1
2514        2752        1        1
2487        2752        1        1
2487        2725        1        1
2514        2699        1        1
2514        2672        1        1
2514        2646        1        1
2514        2619        1        1
2514        2593        1        1
2514        2566        1        1
2514        2540        1        1
2514        2514        1        1
2514        2487        1        1
2514        2461        1        1
2514        2434        1        1
2514        2408        1        1
2514        2381        1        1
2514        2355        1        1
2514        2328        1        1
2514        2302        1        1
2514        2275        1        1
2514        2302        1        1
2487        2302        1        1
2487        2328        1        1
2487        2355        1        1
2461        2355        1        1
2461        2381        1        1
2434        2381        1        1
2434        2408        1        1
2408        2408        1        1
2408        2434        1        1
2381        2434        1        1
2355        2461        1        1
2328        2487        1        1
2302        2514        1        1
2275        2514        1        1
2249        2540        1        1
2223        2540        1        1
2196        2566        1        1
2196        2593        1        1
2170        2593        1        1
2143        2619        1        1
2117        2619        1        1
2090        2646        1        1
2064        2646        1        1
2037        2672        1        1
2011        2672        1        1
2011        2699        1        1
2037        2699        1        1
2064        2725        1        1
2090        2725        1        1
2117        2725        1        1
2143        2752        1        1
2170        2778        1        1
2196        2778        1        1
2223        2805        1        1
2223        2831        1        1
2249        2831        1        1
2249        2858        1        1
2275        2884        1        1
2302        2910        1        1
2302        2937        1        1
2328        2963        1        1
2328        2990        1        1
2355        3016        1        1
2355        3043        1        1
2381        3069        1        1
2381        3096        1        1
2408        3122        1        1
2408        3149        1        1
2434        3175        1        1
2434        3201        1        1
2434        3228        1        1
2461        3228        1        1
2461        3254        1        1
2461        3281        1        1
2487        3281        1        1
2487        3307        1        1
2514        3334        1        1
2514        3360        1        1
2514        3387        1        1
2514        3413        1        1
2514        3440        1        1
2514        3413        1        1
2487        3387        1        1
2487        3360        1        1
PEN_UP                  0
END_CHARACTER: SB
