CHARACTER_NAME: FN
STROKE_COUNT: 3
  X           Y   STYLUS_STATE STROKE
PEN_DOWN
1323        1667        1        1
1323        1640        1        1
1296        1640        1        1
1296        1614        1        1
1270        1614        1        1
1270        1588        1        1
1244        1588        1        1
1270        1588        1        1
1270        1614        1        1
1296        1614        1        1
1296        1640        1        1
1323        1640        1        1
1349        1640        1        1
1376        1667        1        1
1402        1667        1        1
1429        1693        1        1
1455        1693        1        1
1482        1720        1        1
1508        1746        1        1
1561        1746        1        1
1588        1773        1        1
1614        1799        1        1
1667        1799        1        1
1693        1826        1        1
1720        1852        1        1
1773        1879        1        1
1799        1905        1        1
1826        1931        1        1
1852        1958        1        1
1879        1984        1        1
1905        2037        1        1
1931        2064        1        1
1958        2090        1        1
1984        2143        1        1
2011        2170        1        1
2011        2223        1        1
2037        2249        1        1
2064        2302        1        1
2064        2328        1        1
2090        2381        1        1
2117        2408        1        1
2117        2461        1        1
2143        2487        1        1
2143        2514        1        1
2143        2566        1        1
2170        2593        1        1
2170        2619        1        1
2196        2646        1        1
2196        2672        1        1
2196        2699        1        1
2196        2672        1        1
2196        2646        1        1
2170        2646        1        1
2170        2619        1        1
2170        2593        1        1
2143        2566        1        1
2143        2540        1        1
2117        2514        1        1
2117        2487        1        1
2117        2461        1        1
2090        2461        1        1
2090        2434        1        1
2090        2408        1        1
2064        2381        1        1
2064        2355        1        1
2037        2328        1        1
2037        2302        1        1
2037        2275        1        1
2011        2275        1        1
2011        2249        1        1
2011        2223        1        1
1984        2196        1        1
1984        2170        1        1
1984        2143        1        1
1958        2117        1        1
1958        2090        1        1
1931        2064        1        1
1931        2037        1        1
1905        2037        1        1
1905        2011        1        1
1905        1984        1        1
1879        1958        1        1
1879        1931        1        1
1852        1931        1        1
1852        1905        1        1
1826        1905        1        1
1826        1879        1        1
1826        1905        1        1
1799        1905        1        1
1799        1931        1        1
1773        1931        1        1
1773        1958        1        1
1746        1958        1        1
1746        1984        1        1
1720        1984        1        1
1720        2011        1        1
1693        2011        1        1
1693        2037        1        1
1667        2064        1        1
1640        2090        1        1
1614        2117        1        1
1588        2143        1        1
1561        2170        1        1
1508        2196        1        1
1482        2223        1        1
1429        2249        1        1
1402        2302        1        1
1376        2328        1        1
1349        2355        1        1
1323        2381        1        1
1296        2381        1        1
1270        2408        1        1
1244        2434        1        1
1217        2434        1        1
1217        2461        1        1
1244        2461        1        1
1270        2461        1        1
1296        2461        1        1
1323        2461        1        1
1349        2461        1        1
1402        2461        1        1
1429        2461        1        1
1482        2461        1        1
1508        2487        1        1
1561        2487        1        1
1614        2487        1        1
1640        2514        1        1
1693        2540        1        1
1720        2566        1        1
1773        2593        1        1
1799        2619        1        1
1826        2646        1        1
1852        2699        1        1
1905        2725        1        1
1931        2778        1        1
1958        2805        1        1
1984        2858        1        1
2037        2910        1        1
2064        2963        1        1
2090        3016        1        1
2117        3069        1        1
2143        3122        1        1
2170        3175        1        1
2196        3228        1        1
2223        3281        1        1
2249        3334        1        1
2275        3387        1        1
2302        3440        1        1
2328        3466        1        1
2328        3493        1        1
2355        3519        1        1
2355        3545        1        1
2381        3572        1        1
2381        3598        1        1
2408        3598        1        1
2408        3625        1        1
2408        3598        1        1
2408        3572        1        1
2381        3545        1        1
2381        3519        1        1
2381        3493        1        1
2381        3466        1        1
2381        3440        1        1
2381        3387        1        1
2381        3360        1        1
2381        3334        1        1
2381        3307        1        1
2381        3254        1        1
2381        3228        1        1
2381        3175        1        1
2381        3149        1        1
2381        3096        1        1
2381        3069        1        1
2355        3016        1        1
2355        2990        1        1
2355        2963        1        1
2355        2937        1        1
2355        2884        1        1
2355        2858        1        1
2355        2831        1        1
2355        2805        1        1
2355        2778        1        1
2355        2752        1        1
2355        2725        1        1
2355        2699        1        1
2355        2646        1        1
2355        2619        1        1
2355        2566        1        1
2355        2540        1        1
2355        2514        1        1
2355        2461        1        1
2355        2434        1        1
2355        2408        1        1
2355        2355        1        1
2355        2328        1        1
2355        2302        1        1
2355        2249        1        1
2355        2196        1        1
2355        2170        1        1
2355        2117        1        1
2355        2090        1        1
2355        2037        1        1
2355        1984        1        1
2355        1958        1        1
2355        1931        1        1
2355        1879        1        1
2381        1852        1        1
2381        1826        1        1
2381        1799        1        1
2381        1773        1        1
2381        1746        1        1
2381        1720        1        1
2408        1693        1        1
2408        1667        1        1
2408        1640        1        1
2408        1614        1        1
2434        1614        1        1
2434        1588        1        1
2434        1561        1        1
2434        1535        1        1
2408        1535        1        1
PEN_UP                  0
PEN_DOWN
1270        1561        1        2
1244        1561        1        2
1217        1561        1        2
1191        1561        1        2
1164        1561        1        2
1138        1561        1        2
1111        1561        1        2
1138        1535        1        2
1164        1535        1        2
1191        1535        1        2
1244        1535        1        2
1270        1535        1        2
1323        1535        1        2
1376        1535        1        2
1429        1535        1        2
1482        1508        1        2
1535        1508        1        2
1614        1508        1        2
1667        1508        1        2
1746        1508        1        2
1799        1508        1        2
1852        1508        1        2
1931        1508        1        2
1984        1508        1        2
2037        1508        1        2
2090        1508        1        2
2143        1508        1        2
2196        1508        1        2
2275        1508        1        2
2328        1508        1        2
2408        1508        1        2
2461        1508        1        2
2540        1508        1        2
2619        1508        1        2
2699        1508        1        2
2778        1508        1        2
2831        1508        1        2
2910        1508        1        2
2990        1508        1        2
3043        1482        1        2
3096        1482        1        2
3149        1482        1        2
3201        1482        1        2
3254        1482        1        2
3307        1482        1        2
3334        1482        1        2
3360        1482        1        2
3387        1482        1        2
3413        1482        1        2
3440        1482        1        2
3413        1482        1        2
3387        1482        1        2
PEN_UP                  0
PEN_DOWN
2408        2143        1        3
2434        2117        1        3
2434        2090        1        3
2434        2064        1        3
2461        2064        1        3
2461        2037        1        3
2487        2011        1        3
2514        2011        1        3
2514        1984        1        3
2514        1958        1        3
2540        1958        1        3
2566        1931        1        3
2593        1905        1        3
2619        1905        1        3
2646        1879        1        3
2672        1852        1        3
2699        1852        1        3
2725        1852        1        3
2725        1826        1        3
2752        1826        1        3
2778        1826        1        3
2805        1799        1        3
2831        1799        1        3
2858        1799        1        3
2884        1799        1        3
2910        1773        1        3
2937        1773        1        3
2963        1773        1        3
2990        1799        1        3
3016        1799        1        3
3043        1799        1        3
3043        1826        1        3
3069        1826        1        3
3069        1852        1        3
3096        1852        1        3
3096        1879        1        3
3122        1879        1        3
3122        1905        1        3
3122        1931        1        3
3122        1958        1        3
3122        1984        1        3
3122        2011        1        3
3122        2037        1        3
3096        2037        1        3
3096        2064        1        3
3096        2090        1        3
3069        2117        1        3
3069        2143        1        3
3043        2170        1        3
3043        2196        1        3
3016        2223        1        3
3016        2249        1        3
2990        2249        1        3
2963        2275        1        3
2963        2302        1        3
2937        2302        1        3
2937        2328        1        3
2910        2328        1        3
2884        2355        1        3
2858        2381        1        3
2858        2355        1        3
2831        2355        1        3
2831        2328        1        3
2831        2302        1        3
2831        2275        1        3
2805        2275        1        3
2831        2249        1        3
2831        2223        1        3
2831        2196        1        3
2858        2170        1        3
2884        2143        1        3
2910        2117        1        3
2937        2117        1        3
2963        2090        1        3
2990        2090        1        3
3016        2090        1        3
3043        2090        1        3
3069        2117        1        3
3096        2117        1        3
3122        2143        1        3
3149        2143        1        3
3149        2170        1        3
3175        2170        1        3
3175        2196        1        3
3201        2196        1        3
3201        2223        1        3
3228        2249        1        3
3254        2275        1        3
3254        2302        1        3
3254        2328        1        3
3281        2355        1        3
3281        2381        1        3
3281        2408        1        3
3281        2434        1        3
3281        2461        1        3
3281        2487        1        3
3307        2514        1        3
3307        2566        1        3
3307        2593        1        3
3281        2619        1        3
3281        2646        1        3
3281        2672        1        3
3281        2699        1        3
3281        2725        1        3
3254        2752        1        3
3254        2778        1        3
3254        2805        1        3
3228        2831        1        3
3201        2858        1        3
3201        2884        1        3
3175        2884        1        3
3149        2910        1        3
3122        2937        1        3
3096        2937        1        3
3069        2937        1        3
3069        2963        1        3
3043        2963        1        3
3016        2963        1        3
2990        2963        1        3
2963        2937        1        3
2937        2937        1        3
2910        2937        1        3
2884        2937        1        3
2858        2910        1        3
2831        2910        1        3
2805        2884        1        3
2778        2858        1        3
2752        2831        1        3
2725        2805        1        3
2699        2805        1        3
2699        2778        1        3
2672        2752        1        3
2646        2725        1        3
2646        2699        1        3
2619        2672        1        3
2619        2646        1        3
2619        2619        1        3
2593        2619        1        3
2593        2593        1        3
2566        2566        1        3
2566        2540        1        3
2540        2540        1        3
2540        2514        1        3
2540        2487        1        3
2514        2487        1        3
2514        2461        1        3
2487        2434        1        3
2487        2408        1        3
2461        2381        1        3
2461        2355        1        3
2434        2328        1        3
2434        2302        1        3
2408        2275        1        3
2408        2249        1        3
2434        2249        1        3
PEN_UP                  0
END_CHARACTER: FN
