CHARACTER_NAME: FT
STROKE_COUNT: 5
  X           Y   STYLUS_STATE STROKE
PEN_DOWN
2540        1482        1        1
2514        1455        1        1
2540        1455        1        1
2540        1482        1        1
2566        1482        1        1
2566        1508        1        1
2593        1508        1        1
2593        1535        1        1
2619        1535        1        1
2619        1561        1        1
2646        1588        1        1
2672        1614        1        1
2672        1640        1        1
2699        1667        1        1
2699        1693        1        1
2699        1720        1        1
2699        1746        1        1
2699        1773        1        1
2699        1799        1        1
2699        1826        1        1
2699        1852        1        1
2672        1852        1        1
2672        1879        1        1
2672        1905        1        1
2646        1931        1        1
2619        1958        1        1
2619        1984        1        1
2619        2011        1        1
2593        2037        1        1
2566        2064        1        1
2566        2090        1        1
2540        2117        1        1
2514        2143        1        1
2487        2170        1        1
2487        2196        1        1
2461        2196        1        1
2434        2223        1        1
2408        2249        1        1
2408        2275        1        1
2381        2275        1        1
2355        2302        1        1
2328        2328        1        1
2302        2355        1        1
2302        2381        1        1
2275        2381        1        1
2249        2408        1        1
2223        2434        1        1
2223        2461        1        1
2196        2461        1        1
2196        2487        1        1
2170        2487        1        1
2143        2514        1        1
2143        2540        1        1
2117        2540        1        1
2117        2566        1        1
2090        2593        1        1
2064        2619        1        1
2064        2646        1        1
2037        2672        1        1
2037        2699        1        1
2037        2725        1        1
2011        2752        1        1
2011        2778        1        1
2011        2805        1        1
2011        2831        1        1
2011        2858        1        1
2011        2884        1        1
2011        2910        1        1
2011        2937        1        1
2037        2963        1        1
2037        2990        1        1
2037        3016        1        1
2037        3043        1        1
2064        3069        1        1
2064        3096        1        1
2064        3122        1        1
2090        3122        1        1
2090        3149        1        1
2090        3175        1        1
2117        3201        1        1
2117        3228        1        1
2143        3228        1        1
2143        3254        1        1
2170        3281        1        1
2196        3281        1        1
2196        3307        1        1
2223        3307        1        1
2249        3334        1        1
2275        3334        1        1
2302        3360        1        1
2328        3360        1        1
2355        3360        1        1
2408        3360        1        1
2434        3360        1        1
2461        3360        1        1
2487        3360        1        1
2514        3334        1        1
2566        3334        1        1
2593        3334        1        1
2619        3307        1        1
2646        3307        1        1
2672        3307        1        1
2725        3281        1        1
2752        3254        1        1
2778        3254        1        1
2805        3228        1        1
2831        3201        1        1
2858        3175        1        1
2884        3149        1        1
2910        3096        1        1
2937        3069        1        1
2963        3043        1        1
2990        2990        1        1
3016        2963        1        1
3016        2937        1        1
3043        2884        1        1
3043        2858        1        1
3069        2805        1        1
3069        2778        1        1
3069        2752        1        1
3069        2699        1        1
3069        2672        1        1
3069        2646        1        1
3069        2619        1        1
3069        2593        1        1
3069        2566        1        1
3069        2540        1        1
3069        2514        1        1
3043        2487        1        1
3043        2461        1        1
3016        2434        1        1
3016        2408        1        1
2990        2408        1        1
2963        2381        1        1
2937        2381        1        1
2910        2381        1        1
2910        2408        1        1
2884        2408        1        1
2858        2434        1        1
2858        2461        1        1
2831        2487        1        1
2858        2487        1        1
2858        2514        1        1
2858        2540        1        1
2884        2566        1        1
2884        2593        1        1
2910        2593        1        1
2937        2619        1        1
2963        2619        1        1
2990        2619        1        1
3016        2646        1        1
3043        2646        1        1
3069        2646        1        1
3096        2619        1        1
3122        2619        1        1
3149        2619        1        1
3175        2593        1        1
3201        2593        1        1
3201        2566        1        1
3175        2566        1        1
3149        2566        1        1
3122        2540        1        1
PEN_UP                  0
PEN_DOWN
3149        1296        1        2
3149        1270        1        2
3149        1244        1        2
3122        1244        1        2
3122        1217        1        2
3122        1191        1        2
3122        1164        1        2
3096        1164        1        2
3096        1138        1        2
3096        1111        1        2
3069        1085        1        2
3069        1058        1        2
3043        1032        1        2
3043        1005        1        2
3043         979        1        2
3016         979        1        2
3016         953        1        2
2990         926        1        2
2963         900        1        2
2937         900        1        2
2910         873        1        2
2884         873        1        2
2858         847        1        2
2831         847        1        2
2805         847        1        2
2778         847        1        2
2752         847        1        2
2725         820        1        2
2699         820        1        2
2672         820        1        2
2646         820        1        2
2619         820        1        2
2593         794        1        2
2566         794        1        2
2540         794        1        2
2514         794        1        2
2487         794        1        2
2461         767        1        2
2434         767        1        2
2408         767        1        2
2381         741        1        2
2355         741        1        2
2302         741        1        2
2275         714        1        2
2249         714        1        2
2223         688        1        2
2196         661        1        2
2170         661        1        2
2143         635        1        2
2117         609        1        2
2090         582        1        2
2064         556        1        2
2037         556        1        2
2011         529        1        2
2011         503        1        2
1984         476        1        2
1984         450        1        2
1984         423        1        2
1984         370        1        2
1984         344        1        2
1984         318        1        2
1984         291        1        2
2011         265        1        2
2011         212        1        2
2011         185        1        2
2037         159        1        2
2064         132        1        2
2064         106        1        2
2090         106        1        2
2090          79        1        2
2090         106        1        2
2090         132        1        2
PEN_UP                  0
PEN_DOWN
1879        1508        1        3
1852        1508        1        3
1826        1508        1        3
1852        1508        1        3
1879        1508        1        3
1905        1508        1        3
1931        1508        1        3
1958        1508        1        3
1984        1508        1        3
2037        1508        1        3
2064        1508        1        3
2117        1508        1        3
2143        1508        1        3
2196        1535        1        3
2249        1535        1        3
2302        1535        1        3
2355        1535        1        3
2408        1535        1        3
2461        1535        1        3
2514        1535        1        3
2566        1535        1        3
2646        1561        1        3
2699        1561        1        3
2752        1561        1        3
2805        1561        1        3
2858        1561        1        3
2910        1561        1        3
2963        1561        1        3
3016        1561        1        3
3069        1561        1        3
3096        1561        1        3
3149        1561        1        3
3201        1561        1        3
3228        1561        1        3
3281        1561        1        3
3307        1561        1        3
3334        1561        1        3
3360        1561        1        3
3413        1561        1        3
3440        1561        1        3
3466        1561        1        3
3493        1561        1        3
3519        1561        1        3
3545        1561        1        3
3572        1561        1        3
3572        1535        1        3
3598        1535        1        3
3572        1535        1        3
3572        1508        1        3
3545        1508        1        3
3519        1508        1        3
3519        1482        1        3
3493        1482        1        3
PEN_UP                  0
PEN_DOWN
2275        1588        1        4
2249        1588        1        4
2223        1588        1        4
2196        1588        1        4
2196        1614        1        4
2170        1614        1        4
2143        1614        1        4
2117        1614        1        4
2117        1640        1        4
2090        1640        1        4
2064        1640        1        4
2037        1667        1        4
2011        1667        1        4
1984        1667        1        4
1958        1693        1        4
1931        1720        1        4
1905        1746        1        4
1879        1773        1        4
1852        1773        1        4
1826        1799        1        4
1826        1826        1        4
1799        1852        1        4
1773        1879        1        4
1773        1905        1        4
1746        1958        1        4
1746        1984        1        4
1746        2011        1        4
1720        2064        1        4
1720        2090        1        4
1720        2117        1        4
1746        2170        1        4
1746        2196        1        4
1746        2223        1        4
1773        2249        1        4
1773        2302        1        4
1773        2328        1        4
1799        2328        1        4
1799        2355        1        4
1826        2381        1        4
1852        2408        1        4
1852        2434        1        4
1879        2434        1        4
1905        2461        1        4
1931        2461        1        4
1958        2461        1        4
1984        2487        1        4
2011        2487        1        4
2037        2487        1        4
2064        2487        1        4
2090        2487        1        4
2117        2487        1        4
2143        2487        1        4
2196        2461        1        4
2223        2461        1        4
2249        2461        1        4
2302        2434        1        4
2328        2408        1        4
2355        2381        1        4
2408        2381        1        4
2434        2355        1        4
2461        2328        1        4
2487        2302        1        4
2514        2275        1        4
2540        2249        1        4
2566        2223        1        4
2593        2196        1        4
2619        2170        1        4
2646        2143        1        4
2619        2143        1        4
2593        2143        1        4
PEN_UP                  0
PEN_DOWN
2196        1773        1        5
2196        1746        1        5
2170        1746        1        5
2170        1720        1        5
2170        1746        1        5
2196        1746        1        5
2196        1773        1        5
2196        1799        1        5
2223        1799        1        5
2223        1826        1        5
2223        1852        1        5
2249        1879        1        5
2249        1905        1        5
2275        1931        1        5
2275        1984        1        5
2302        2011        1        5
2302        2037        1        5
2328        2064        1        5
2328        2090        1        5
2355        2117        1        5
2355        2143        1        5
2381        2170        1        5
2381        2196        1        5
2381        2223        1        5
2381        2249        1        5
2381        2223        1        5
2355        2223        1        5
2355        2196        1        5
2328        2196        1        5
PEN_UP                  0
END_CHARACTER: FT
