CHARACTER_NAME: SK
STROKE_COUNT: 4
  X           Y   STYLUS_STATE STROKE
PEN_DOWN
1164        1588        1        1
1138        1614        1        1
1164        1614        1        1
1191        1640        1        1
1217        1640        1        1
1244        1640        1        1
1270        1640        1        1
1296        1640        1        1
1323        1640        1        1
1376        1640        1        1
1402        1614        1        1
1455        1614        1        1
1482        1614        1        1
1535        1614        1        1
1588        1614        1        1
1614        1614        1        1
1667        1614        1        1
1720        1614        1        1
1773        1614        1        1
1826        1614        1        1
1879        1614        1        1
1931        1614        1        1
1984        1614        1        1
2037        1614        1        1
2090        1614        1        1
2143        1588        1        1
2196        1588        1        1
2249        1588        1        1
2328        1588        1        1
2381        1588        1        1
2461        1588        1        1
2540        1588        1        1
2619        1588        1        1
2699        1588        1        1
2778        1588        1        1
2858        1561        1        1
2937        1561        1        1
3016        1561        1        1
3096        1561        1        1
3201        1561        1        1
3281        1535        1        1
3360        1535        1        1
3466        1535        1        1
3545        1535        1        1
3625        1535        1        1
3704        1535        1        1
3784        1535        1        1
3863        1508        1        1
3942        1508        1        1
3995        1508        1        1
4075        1508        1        1
4128        1508        1        1
4154        1508        1        1
4207        1508        1        1
4233        1508        1        1
4286        1508        1        1
4313        1508        1        1
4339        1508        1        1
4313        1508        1        1
4286        1508        1        1
PEN_UP                  0
PEN_DOWN
1482        1984        1        2
1482        2011        1        2
1482        2037        1        2
1482        2064        1        2
1482        2090        1        2
1508        2090        1        2
1508        2117        1        2
1508        2143        1        2
1508        2170        1        2
1508        2196        1        2
1535        2223        1        2
1535        2249        1        2
1535        2275        1        2
1535        2302        1        2
1561        2328        1        2
1561        2355        1        2
1588        2355        1        2
1588        2381        1        2
1588        2408        1        2
1614        2434        1        2
1640        2461        1        2
1667        2461        1        2
1667        2487        1        2
1693        2487        1        2
1720        2487        1        2
1746        2487        1        2
1773        2487        1        2
1799        2487        1        2
1826        2487        1        2
1852        2461        1        2
1879        2434        1        2
1905        2434        1        2
1905        2408        1        2
1931        2381        1        2
1958        2381        1        2
1958        2355        1        2
1984        2328        1        2
1984        2302        1        2
1984        2275        1        2
2011        2249        1        2
2011        2223        1        2
2011        2170        1        2
2037        2143        1        2
2037        2117        1        2
2037        2090        1        2
2037        2064        1        2
2037        2037        1        2
2037        1984        1        2
2037        1958        1        2
2037        1931        1        2
2037        1905        1        2
2037        1879        1        2
2037        1852        1        2
2037        1826        1        2
2037        1852        1        2
2011        1852        1        2
2011        1879        1        2
2011        1905        1        2
2011        1931        1        2
2011        1958        1        2
2011        1984        1        2
2011        2011        1        2
2011        2037        1        2
2011        2064        1        2
2037        2090        1        2
2037        2117        1        2
2064        2143        1        2
2064        2170        1        2
2090        2196        1        2
2090        2223        1        2
2117        2249        1        2
2143        2275        1        2
2170        2302        1        2
2170        2328        1        2
2196        2355        1        2
2223        2355        1        2
2223        2381        1        2
2249        2408        1        2
2275        2434        1        2
2302        2434        1        2
2328        2461        1        2
2355        2461        1        2
2381        2487        1        2
2408        2487        1        2
2434        2487        1        2
2461        2461        1        2
2487        2461        1        2
2514        2461        1        2
2540        2461        1        2
2566        2434        1        2
2593        2434        1        2
2619        2408        1        2
2646        2408        1        2
2646        2381        1        2
2672        2355        1        2
2699        2355        1        2
2699        2328        1        2
2725        2302        1        2
2725        2275        1        2
2752        2249        1        2
2778        2223        1        2
2778        2196        1        2
2805        2170        1        2
2805        2143        1        2
2805        2117        1        2
2831        2064        1        2
2831        2037        1        2
2858        2011        1        2
2858        1958        1        2
2858        1931        1        2
2884        1905        1        2
2884        1879        1        2
2884        1852        1        2
2884        1826        1        2
2884        1799        1        2
2884        1773        1        2
2884        1746        1        2
2884        1720        1        2
2884        1693        1        2
2884        1667        1        2
2858        1667        1        2
2884        1667        1        2
2884        1693        1        2
2884        1720        1        2
2884        1746        1        2
2884        1773        1        2
2884        1799        1        2
2884        1826        1        2
2910        1852        1        2
2910        1879        1        2
2910        1905        1        2
2910        1931        1        2
2910        1958        1        2
2910        1984        1        2
2910        2011        1        2
2937        2037        1        2
2937        2064        1        2
2937        2090        1        2
2937        2117        1        2
2937        2170        1        2
2963        2196        1        2
2963        2249        1        2
2963        2275        1        2
2963        2302        1        2
2963        2355        1        2
2963        2408        1        2
2990        2434        1        2
2990        2487        1        2
2990        2540        1        2
2990        2566        1        2
2990        2619        1        2
2990        2672        1        2
2990        2699        1        2
2990        2752        1        2
2990        2805        1        2
2990        2858        1        2
2990        2910        1        2
2990        2963        1        2
2990        3016        1        2
2990        3069        1        2
2963        3122        1        2
2963        3201        1        2
2963        3254        1        2
2963        3334        1        2
2937        3387        1        2
2937        3440        1        2
2937        3493        1        2
2937        3545        1        2
2937        3598        1        2
2937        3651        1        2
2910        3678        1        2
2910        3731        1        2
2910        3757        1        2
2910        3784        1        2
2910        3810        1        2
2910        3836        1        2
2910        3863        1        2
2910        3836        1        2
2910        3810        1        2
2910        3784        1        2
2910        3757        1        2
PEN_UP                  0
PEN_DOWN
2937        2514        1        3
2937        2487        1        3
2937        2514        1        3
2910        2514        1        3
2910        2540        1        3
2884        2566        1        3
2884        2593        1        3
2858        2593        1        3
2858        2619        1        3
2858        2646        1        3
2831        2646        1        3
2805        2672        1        3
2778        2699        1        3
2752        2725        1        3
2725        2752        1        3
2672        2805        1        3
2646        2831        1        3
2593        2884        1        3
2540        2910        1        3
2487        2963        1        3
2434        3016        1        3
2408        3043        1        3
2355        3096        1        3
2328        3122        1        3
2302        3149        1        3
2275        3175        1        3
2275        3201        1        3
2249        3201        1        3
2249        3228        1        3
2275        3228        1        3
2275        3254        1        3
2302        3254        1        3
2328        3254        1        3
2355        3281        1        3
2381        3281        1        3
2408        3307        1        3
2461        3307        1        3
2487        3334        1        3
2514        3360        1        3
2540        3387        1        3
2566        3413        1        3
2593        3440        1        3
2619        3466        1        3
2646        3493        1        3
2672        3519        1        3
2699        3545        1        3
2725        3572        1        3
2752        3598        1        3
2778        3625        1        3
2805        3651        1        3
2805        3678        1        3
2831        3704        1        3
2831        3731        1        3
2858        3731        1        3
2858        3757        1        3
2884        3757        1        3
2884        3784        1        3
2910        3810        1        3
2910        3836        1        3
2937        3836        1        3
2937        3863        1        3
2910        3863        1        3
2910        3836        1        3
2884        3836        1        3
2858        3810        1        3
PEN_UP                  0
PEN_DOWN
3043        2434        1        4
3043        2461        1        4
3069        2461        1        4
3096        2461        1        4
3122        2434        1        4
3149        2434        1        4
3175        2434        1        4
3201        2434        1        4
3228        2461        1        4
3254        2461        1        4
3281        2461        1        4
3307        2487        1        4
3334        2487        1        4
3360        2514        1        4
3387        2540        1        4
3387        2566        1        4
3413        2593        1        4
3440        2619        1        4
3440        2646        1        4
3466        2699        1        4
3466        2725        1        4
3493        2752        1        4
3493        2805        1        4
3493        2831        1        4
3493        2884        1        4
3493        2937        1        4
3493        2963        1        4
3493        3016        1        4
3466        3043        1        4
3466        3096        1        4
3466        3122        1        4
3440        3149        1        4
3440        3175        1        4
3440        3201        1        4
3413        3228        1        4
3413        3254        1        4
3387        3254        1        4
3360        3228        1        4
3360        3201        1        4
3334        3201        1        4
3334        3175        1        4
3334        3149        1        4
3334        3122        1        4
PEN_UP                  0
END_CHARACTER: SK
