CHARACTER_NAME: SSTH
STROKE_COUNT: 4
  X           Y   STYLUS_STATE STROKE
PEN_DOWN
2170        1746        1        1
2170        1720        1        1
2170        1746        1        1
2170        1773        1        1
2170        1799        1        1
2170        1826        1        1
2170        1852        1        1
2170        1879        1        1
2143        1879        1        1
2143        1905        1        1
2170        1905        1        1
2143        1931        1        1
2143        1958        1        1
2143        1984        1        1
2143        2011        1        1
2117        2037        1        1
2117        2064        1        1
2117        2090        1        1
2117        2117        1        1
2090        2143        1        1
2090        2170        1        1
2064        2196        1        1
2064        2223        1        1
2064        2249        1        1
2037        2249        1        1
2037        2275        1        1
2011        2302        1        1
2011        2328        1        1
1984        2328        1        1
1984        2355        1        1
1984        2381        1        1
1958        2381        1        1
1958        2408        1        1
1931        2434        1        1
1931        2461        1        1
1905        2461        1        1
1905        2487        1        1
1879        2487        1        1
1879        2514        1        1
1852        2514        1        1
1852        2540        1        1
1826        2540        1        1
1826        2566        1        1
1799        2566        1        1
1799        2593        1        1
1773        2593        1        1
1773        2619        1        1
1746        2646        1        1
1720        2672        1        1
1693        2672        1        1
1693        2699        1        1
1667        2725        1        1
1640        2725        1        1
1640        2752        1        1
1614        2778        1        1
1588        2805        1        1
1588        2831        1        1
1561        2831        1        1
1561        2858        1        1
1561        2884        1        1
1535        2884        1        1
1535        2910        1        1
1535        2937        1        1
1535        2963        1        1
1535        2990        1        1
1508        2990        1        1
1508        3016        1        1
1508        3043        1        1
1535        3043        1        1
1535        3069        1        1
1535        3096        1        1
1535        3122        1        1
1535        3149        1        1
1535        3175        1        1
1535        3201        1        1
1535        3228        1        1
1561        3228        1        1
1561        3254        1        1
1561        3281        1        1
1561        3307        1        1
1588        3334        1        1
1588        3360        1        1
1588        3387        1        1
1614        3387        1        1
1614        3413        1        1
1614        3440        1        1
1640        3440        1        1
1640        3466        1        1
1667        3493        1        1
1667        3519        1        1
1693        3519        1        1
1693        3545        1        1
1720        3545        1        1
1746        3572        1        1
1773        3572        1        1
1799        3598        1        1
1826        3598        1        1
1852        3625        1        1
1879        3625        1        1
1905        3625        1        1
1931        3625        1        1
1958        3625        1        1
1984        3625        1        1
2011        3625        1        1
2037        3598        1        1
2064        3598        1        1
2090        3598        1        1
2117        3598        1        1
2143        3598        1        1
2170        3572        1        1
2196        3572        1        1
2223        3572        1        1
2223        3545        1        1
2249        3545        1        1
2275        3545        1        1
2275        3519        1        1
2302        3519        1        1
2328        3493        1        1
2355        3493        1        1
2355        3466        1        1
2381        3466        1        1
2408        3440        1        1
2434        3440        1        1
2434        3413        1        1
2461        3413        1        1
2487        3387        1        1
2514        3360        1        1
2540        3334        1        1
2540        3307        1        1
2566        3307        1        1
2566        3281        1        1
2593        3281        1        1
2593        3254        1        1
2593        3228        1        1
2619        3228        1        1
2619        3201        1        1
2646        3201        1        1
2646        3175        1        1
2646        3149        1        1
2646        3122        1        1
2672        3122        1        1
2672        3096        1        1
2672        3069        1        1
2672        3043        1        1
2672        3016        1        1
2699        3016        1        1
2699        2990        1        1
2699        2963        1        1
2699        2937        1        1
2672        2937        1        1
2699        2910        1        1
2699        2884        1        1
2672        2858        1        1
2672        2831        1        1
2672        2805        1        1
2672        2778        1        1
2646        2752        1        1
2646        2725        1        1
2646        2699        1        1
2619        2672        1        1
2619        2646        1        1
2593        2619        1        1
2593        2593        1        1
2593        2566        1        1
2566        2566        1        1
2566        2540        1        1
2540        2514        1        1
2540        2487        1        1
2514        2487        1        1
2514        2461        1        1
2487        2434        1        1
2487        2408        1        1
2461        2408        1        1
2461        2381        1        1
2461        2355        1        1
2434        2328        1        1
2434        2302        1        1
2408        2275        1        1
2381        2249        1        1
2355        2223        1        1
2355        2196        1        1
2328        2196        1        1
2328        2170        1        1
2302        2143        1        1
2302        2117        1        1
2275        2117        1        1
2275        2090        1        1
2249        2064        1        1
2223        2037        1        1
2223        2011        1        1
2196        1984        1        1
2170        1958        1        1
2170        1931        1        1
2143        1905        1        1
2117        1879        1        1
2090        1879        1        1
2090        1852        1        1
2064        1852        1        1
2064        1826        1        1
2037        1799        1        1
2011        1799        1        1
1984        1773        1        1
1958        1746        1        1
1931        1720        1        1
1905        1693        1        1
1879        1667        1        1
1826        1640        1        1
1799        1614        1        1
1773        1588        1        1
1746        1561        1        1
1720        1508        1        1
1693        1482        1        1
1667        1429        1        1
1640        1402        1        1
1614        1349        1        1
1588        1296        1        1
1588        1270        1        1
1561        1217        1        1
1561        1164        1        1
1535        1111        1        1
1535        1058        1        1
1535        1005        1        1
1535         979        1        1
1508         926        1        1
1535         873        1        1
1535         847        1        1
1535         820        1        1
1535         794        1        1
1535         741        1        1
1561         714        1        1
1561         688        1        1
1561         661        1        1
1561         635        1        1
1588         635        1        1
1588         609        1        1
1588         582        1        1
1614         556        1        1
1614         529        1        1
1640         503        1        1
1667         476        1        1
1667         450        1        1
1693         450        1        1
1693         476        1        1
PEN_UP                  0
PEN_DOWN
 820        1852        1        2
 820        1826        1        2
 847        1826        1        2
 873        1826        1        2
 900        1826        1        2
 926        1826        1        2
 979        1826        1        2
1005        1799        1        2
1032        1799        1        2
1085        1799        1        2
1138        1799        1        2
1191        1799        1        2
1217        1773        1        2
1270        1773        1        2
1349        1773        1        2
1402        1773        1        2
1455        1746        1        2
1508        1746        1        2
1561        1746        1        2
1614        1746        1        2
1667        1720        1        2
1720        1720        1        2
1773        1720        1        2
1826        1720        1        2
1879        1720        1        2
1905        1693        1        2
1958        1693        1        2
2011        1693        1        2
2064        1693        1        2
2117        1693        1        2
2170        1693        1        2
2223        1667        1        2
2275        1667        1        2
2328        1667        1        2
2381        1667        1        2
2461        1667        1        2
2514        1667        1        2
2566        1640        1        2
2646        1640        1        2
2699        1640        1        2
2778        1640        1        2
2831        1640        1        2
2884        1614        1        2
2937        1614        1        2
2990        1614        1        2
3043        1614        1        2
3096        1588        1        2
3122        1588        1        2
3149        1588        1        2
3175        1588        1        2
3201        1588        1        2
3228        1588        1        2
3201        1588        1        2
3175        1588        1        2
3149        1588        1        2
3122        1588        1        2
PEN_UP                  0
PEN_DOWN
1402        1799        1        3
1402        1773        1        3
1429        1773        1        3
1402        1773        1        3
1402        1799        1        3
1376        1799        1        3
1349        1799        1        3
1349        1826        1        3
1323        1826        1        3
1296        1826        1        3
1296        1852        1        3
1270        1852        1        3
1244        1879        1        3
1217        1879        1        3
1191        1879        1        3
1191        1905        1        3
1164        1905        1        3
1138        1931        1        3
1138        1958        1        3
1111        1958        1        3
1111        1984        1        3
1085        2011        1        3
1085        2037        1        3
1085        2064        1        3
1085        2090        1        3
1085        2117        1        3
1058        2143        1        3
1085        2170        1        3
1085        2196        1        3
1085        2223        1        3
1085        2249        1        3
1111        2275        1        3
1111        2302        1        3
1111        2328        1        3
1138        2328        1        3
1138        2355        1        3
1164        2381        1        3
1191        2408        1        3
1217        2408        1        3
1244        2434        1        3
1270        2434        1        3
1296        2434        1        3
1323        2434        1        3
1349        2434        1        3
1376        2434        1        3
1402        2434        1        3
1429        2434        1        3
1455        2434        1        3
1482        2434        1        3
1508        2408        1        3
1535        2408        1        3
1561        2408        1        3
1614        2408        1        3
1640        2381        1        3
1667        2381        1        3
1720        2355        1        3
1746        2355        1        3
1773        2328        1        3
1826        2328        1        3
1852        2302        1        3
1879        2302        1        3
1905        2275        1        3
1958        2275        1        3
1984        2249        1        3
2011        2223        1        3
2037        2223        1        3
2064        2196        1        3
2117        2170        1        3
2143        2143        1        3
2170        2117        1        3
2196        2117        1        3
2249        2090        1        3
2275        2064        1        3
2302        2037        1        3
2328        2037        1        3
2328        2011        1        3
2302        2011        1        3
PEN_UP                  0
PEN_DOWN
1429        1852        1        4
1429        1879        1        4
1455        1879        1        4
1482        1879        1        4
1482        1905        1        4
1508        1905        1        4
1535        1931        1        4
1561        1958        1        4
1588        1958        1        4
1614        1984        1        4
1640        2011        1        4
1667        2037        1        4
1693        2090        1        4
1720        2117        1        4
1773        2143        1        4
1799        2196        1        4
1826        2223        1        4
1852        2249        1        4
1879        2275        1        4
1905        2302        1        4
1931        2328        1        4
1958        2355        1        4
1984        2355        1        4
1984        2381        1        4
2011        2381        1        4
2011        2408        1        4
2037        2408        1        4
2011        2408        1        4
2011        2381        1        4
1984        2381        1        4
1984        2355        1        4
PEN_UP                  0
END_CHARACTER: SSTH
