CHARACTER_NAME: SSM
STROKE_COUNT: 3
  X           Y   STYLUS_STATE STROKE
PEN_DOWN
1005        1640        1        1
1032        1640        1        1
1032        1667        1        1
1058        1667        1        1
1058        1693        1        1
1058        1720        1        1
1085        1720        1        1
1058        1720        1        1
1058        1693        1        1
PEN_UP                  0
PEN_DOWN
1058        1693        1        2
1058        1667        1        2
1058        1640        1        2
1058        1614        1        2
1058        1640        1        2
1058        1667        1        2
1085        1667        1        2
1058        1667        1        2
1085        1693        1        2
1085        1720        1        2
1085        1746        1        2
1111        1746        1        2
1111        1773        1        2
1111        1799        1        2
1138        1799        1        2
1138        1826        1        2
1138        1852        1        2
1164        1852        1        2
1164        1879        1        2
1191        1905        1        2
1217        1931        1        2
1217        1958        1        2
1244        1984        1        2
1270        1984        1        2
1270        2011        1        2
1296        2011        1        2
1296        2037        1        2
1323        2037        1        2
1323        2064        1        2
1349        2064        1        2
1376        2090        1        2
1402        2090        1        2
1429        2090        1        2
1455        2064        1        2
1482        2064        1        2
1508        2064        1        2
1535        2037        1        2
1561        2037        1        2
1588        2011        1        2
1614        1984        1        2
1640        1958        1        2
1667        1931        1        2
1667        1905        1        2
1693        1905        1        2
1693        1879        1        2
1720        1852        1        2
1720        1826        1        2
1720        1799        1        2
1746        1773        1        2
1746        1746        1        2
1746        1720        1        2
1746        1693        1        2
1746        1667        1        2
1746        1640        1        2
1746        1614        1        2
1746        1588        1        2
1746        1561        1        2
1746        1535        1        2
1720        1535        1        2
1720        1561        1        2
1720        1588        1        2
1720        1614        1        2
1720        1640        1        2
1720        1667        1        2
1720        1693        1        2
1720        1720        1        2
1720        1746        1        2
1720        1773        1        2
1746        1799        1        2
1746        1826        1        2
1746        1852        1        2
1773        1852        1        2
1773        1879        1        2
1773        1905        1        2
1799        1905        1        2
1799        1931        1        2
1799        1958        1        2
1826        1958        1        2
1826        1984        1        2
1826        2011        1        2
1852        2011        1        2
1879        2037        1        2
1905        2064        1        2
1905        2090        1        2
1931        2090        1        2
1958        2117        1        2
1984        2117        1        2
2011        2143        1        2
2037        2143        1        2
2064        2143        1        2
2090        2143        1        2
2117        2143        1        2
2143        2143        1        2
2170        2117        1        2
2196        2117        1        2
2223        2117        1        2
2249        2090        1        2
2275        2090        1        2
2302        2064        1        2
2328        2064        1        2
2355        2037        1        2
2381        2037        1        2
2381        2011        1        2
2408        1984        1        2
2408        1958        1        2
2434        1931        1        2
2434        1905        1        2
2461        1905        1        2
2461        1879        1        2
2487        1852        1        2
2487        1826        1        2
2487        1799        1        2
2487        1773        1        2
2487        1746        1        2
2514        1720        1        2
2514        1693        1        2
2514        1667        1        2
2487        1640        1        2
2487        1614        1        2
2487        1588        1        2
2487        1561        1        2
2487        1535        1        2
2487        1508        1        2
2487        1482        1        2
2487        1455        1        2
2461        1455        1        2
2461        1429        1        2
2461        1402        1        2
2461        1376        1        2
2461        1402        1        2
2461        1429        1        2
2461        1455        1        2
2461        1482        1        2
2461        1508        1        2
2461        1535        1        2
2461        1561        1        2
2461        1588        1        2
2461        1614        1        2
2434        1640        1        2
2434        1667        1        2
2434        1693        1        2
2434        1720        1        2
2434        1746        1        2
2434        1773        1        2
2434        1799        1        2
2408        1799        1        2
2408        1826        1        2
2408        1852        1        2
2408        1879        1        2
2408        1905        1        2
2381        1905        1        2
2381        1931        1        2
2381        1958        1        2
2355        1984        1        2
2355        2011        1        2
2355        2037        1        2
2328        2037        1        2
2328        2064        1        2
2328        2090        1        2
2328        2117        1        2
2302        2117        1        2
2302        2143        1        2
2302        2170        1        2
2275        2196        1        2
2249        2223        1        2
2249        2249        1        2
2223        2275        1        2
2223        2302        1        2
2196        2328        1        2
2196        2355        1        2
2170        2381        1        2
2143        2408        1        2
2117        2434        1        2
2117        2461        1        2
2090        2461        1        2
2090        2487        1        2
2064        2487        1        2
2037        2514        1        2
2011        2540        1        2
1984        2540        1        2
1984        2566        1        2
1958        2566        1        2
1931        2566        1        2
1931        2593        1        2
1905        2593        1        2
1879        2619        1        2
1852        2619        1        2
1826        2619        1        2
1799        2646        1        2
1773        2646        1        2
1746        2646        1        2
1720        2646        1        2
1693        2646        1        2
1667        2619        1        2
1640        2593        1        2
1640        2566        1        2
1640        2540        1        2
1667        2540        1        2
1667        2514        1        2
1693        2487        1        2
1720        2487        1        2
1720        2461        1        2
1746        2461        1        2
1773        2461        1        2
1799        2434        1        2
1826        2434        1        2
1852        2434        1        2
1879        2434        1        2
1905        2408        1        2
1931        2408        1        2
1958        2434        1        2
1984        2434        1        2
2011        2434        1        2
2037        2434        1        2
2064        2434        1        2
2064        2461        1        2
2090        2461        1        2
2117        2487        1        2
2143        2487        1        2
2170        2514        1        2
2196        2514        1        2
2223        2540        1        2
2249        2566        1        2
2275        2566        1        2
2302        2593        1        2
2328        2619        1        2
2355        2646        1        2
2381        2672        1        2
2434        2699        1        2
2461        2725        1        2
2487        2778        1        2
2514        2805        1        2
2566        2858        1        2
2593        2910        1        2
2619        2937        1        2
2672        2990        1        2
2699        3069        1        2
2725        3122        1        2
2778        3175        1        2
2805        3228        1        2
2831        3307        1        2
2858        3360        1        2
2884        3413        1        2
2910        3466        1        2
2910        3493        1        2
2937        3545        1        2
2963        3572        1        2
2963        3598        1        2
2990        3625        1        2
2990        3651        1        2
3016        3678        1        2
3016        3651        1        2
3016        3625        1        2
3016        3598        1        2
3016        3572        1        2
3016        3519        1        2
3016        3493        1        2
3016        3440        1        2
3016        3387        1        2
3016        3334        1        2
2990        3254        1        2
2990        3201        1        2
2990        3149        1        2
2990        3096        1        2
2990        3043        1        2
2990        2990        1        2
2990        2910        1        2
2990        2858        1        2
2990        2805        1        2
2990        2752        1        2
2990        2725        1        2
2990        2672        1        2
2990        2619        1        2
2990        2566        1        2
2990        2514        1        2
2990        2434        1        2
2990        2381        1        2
2990        2328        1        2
2990        2275        1        2
2990        2223        1        2
2990        2170        1        2
3016        2117        1        2
3016        2064        1        2
3016        2011        1        2
3016        1984        1        2
3016        1931        1        2
3016        1879        1        2
3043        1852        1        2
3043        1826        1        2
3043        1773        1        2
3043        1746        1        2
3043        1720        1        2
3043        1667        1        2
3043        1640        1        2
3043        1614        1        2
3043        1588        1        2
3069        1561        1        2
3069        1535        1        2
3069        1508        1        2
3069        1482        1        2
3069        1455        1        2
3069        1429        1        2
3069        1402        1        2
3069        1376        1        2
3069        1402        1        2
3043        1402        1        2
PEN_UP                  0
PEN_DOWN
1323        1535        1        3
1323        1508        1        3
1349        1508        1        3
1376        1508        1        3
1402        1508        1        3
1429        1508        1        3
1455        1508        1        3
1482        1508        1        3
1508        1508        1        3
1561        1508        1        3
1588        1508        1        3
1614        1508        1        3
1640        1508        1        3
1693        1508        1        3
1720        1508        1        3
1746        1482        1        3
1773        1482        1        3
1826        1482        1        3
1852        1482        1        3
1905        1482        1        3
1931        1482        1        3
1984        1482        1        3
2011        1482        1        3
2064        1482        1        3
2090        1482        1        3
2143        1482        1        3
2170        1482        1        3
2223        1482        1        3
2275        1482        1        3
2328        1482        1        3
2381        1482        1        3
2434        1482        1        3
2487        1482        1        3
2540        1482        1        3
2593        1482        1        3
2646        1482        1        3
2725        1482        1        3
2778        1482        1        3
2858        1482        1        3
2910        1482        1        3
2990        1482        1        3
3043        1482        1        3
3122        1482        1        3
3175        1482        1        3
3254        1482        1        3
3307        1482        1        3
3387        1455        1        3
3440        1455        1        3
3519        1455        1        3
3572        1455        1        3
3625        1455        1        3
3678        1455        1        3
3704        1455        1        3
3731        1455        1        3
3784        1455        1        3
3810        1429        1        3
3836        1429        1        3
3863        1429        1        3
3889        1429        1        3
3916        1429        1        3
3942        1429        1        3
3969        1429        1        3
3995        1429        1        3
4022        1429        1        3
3995        1429        1        3
3969        1429        1        3
3916        1429        1        3
PEN_UP                  0
END_CHARACTER: SSM
