CHARACTER_NAME: KA
STROKE_COUNT: 2
  X           Y   STYLUS_STATE STROKE
PEN_DOWN
1085        1270        1        1
1058        1270        1        1
1085        1270        1        1
1111        1270        1        1
1138        1270        1        1
1164        1270        1        1
1191        1270        1        1
1217        1270        1        1
1270        1244        1        1
1323        1244        1        1
1349        1244        1        1
1402        1244        1        1
1455        1244        1        1
1508        1244        1        1
1561        1244        1        1
1614        1244        1        1
1667        1244        1        1
1720        1244        1        1
1746        1244        1        1
1799        1244        1        1
1826        1244        1        1
1879        1244        1        1
1905        1217        1        1
1958        1217        1        1
2011        1217        1        1
2037        1217        1        1
2090        1217        1        1
2117        1217        1        1
2170        1191        1        1
2196        1191        1        1
2223        1191        1        1
2275        1191        1        1
2302        1191        1        1
2328        1191        1        1
2355        1191        1        1
2381        1191        1        1
2434        1191        1        1
2461        1191        1        1
2487        1191        1        1
2514        1191        1        1
2540        1191        1        1
2593        1191        1        1
2619        1191        1        1
2646        1191        1        1
2672        1164        1        1
2699        1164        1        1
2725        1164        1        1
2752        1164        1        1
2778        1164        1        1
2805        1164        1        1
2831        1164        1        1
2858        1164        1        1
2831        1164        1        1
2805        1164        1        1
2752        1164        1        1
PEN_UP                  0
PEN_DOWN
1905        1296        1        2
1879        1296        1        2
1879        1323        1        2
1852        1349        1        2
1852        1376        1        2
1826        1376        1        2
1826        1402        1        2
1799        1402        1        2
1799        1429        1        2
1773        1429        1        2
1773        1455        1        2
1746        1455        1        2
1746        1482        1        2
1720        1482        1        2
1720        1508        1        2
1693        1508        1        2
1693        1535        1        2
1667        1535        1        2
1640        1561        1        2
1614        1588        1        2
1588        1588        1        2
1588        1614        1        2
1561        1614        1        2
1561        1640        1        2
1535        1640        1        2
1508        1667        1        2
1508        1693        1        2
1482        1693        1        2
1455        1720        1        2
1429        1746        1        2
1402        1773        1        2
1376        1799        1        2
1349        1826        1        2
1323        1852        1        2
1296        1879        1        2
1270        1905        1        2
1244        1931        1        2
1244        1958        1        2
1217        1984        1        2
1191        1984        1        2
1191        2011        1        2
1164        2037        1        2
1138        2064        1        2
1111        2090        1        2
1111        2117        1        2
1085        2117        1        2
1085        2143        1        2
1058        2143        1        2
1058        2170        1        2
1058        2143        1        2
1085        2143        1        2
1111        2143        1        2
1138        2143        1        2
1164        2143        1        2
1191        2143        1        2
1217        2143        1        2
1244        2170        1        2
1270        2170        1        2
1296        2196        1        2
1323        2196        1        2
1349        2196        1        2
1376        2223        1        2
1402        2223        1        2
1429        2249        1        2
1455        2275        1        2
1482        2302        1        2
1508        2328        1        2
1535        2328        1        2
1561        2355        1        2
1588        2381        1        2
1614        2381        1        2
1640        2408        1        2
1667        2434        1        2
1693        2434        1        2
1720        2461        1        2
1746        2487        1        2
1773        2514        1        2
1799        2514        1        2
1799        2540        1        2
1826        2566        1        2
1852        2566        1        2
1852        2593        1        2
1879        2619        1        2
1905        2619        1        2
1905        2646        1        2
1931        2646        1        2
1931        2672        1        2
1958        2672        1        2
1958        2699        1        2
1984        2699        1        2
1984        2725        1        2
2011        2725        1        2
2011        2752        1        2
2037        2752        1        2
2037        2778        1        2
2037        2752        1        2
2011        2725        1        2
2011        2699        1        2
1984        2672        1        2
1984        2646        1        2
1958        2619        1        2
1958        2593        1        2
1958        2566        1        2
1931        2540        1        2
1931        2514        1        2
1931        2487        1        2
1931        2461        1        2
1931        2434        1        2
1931        2408        1        2
1905        2381        1        2
1905        2355        1        2
1905        2328        1        2
1905        2302        1        2
1905        2275        1        2
1905        2249        1        2
1905        2223        1        2
1905        2196        1        2
1905        2170        1        2
1905        2143        1        2
1905        2117        1        2
1905        2090        1        2
1905        2064        1        2
1905        2037        1        2
1905        2011        1        2
1905        1984        1        2
1905        1958        1        2
1905        1931        1        2
1905        1905        1        2
1879        1905        1        2
1879        1879        1        2
1879        1852        1        2
1905        1852        1        2
1879        1826        1        2
1879        1799        1        2
1879        1773        1        2
1879        1746        1        2
1905        1746        1        2
1879        1746        1        2
1879        1720        1        2
1879        1693        1        2
1879        1667        1        2
1879        1640        1        2
1879        1614        1        2
1879        1588        1        2
1879        1561        1        2
1879        1535        1        2
1905        1508        1        2
1905        1482        1        2
1905        1455        1        2
1931        1429        1        2
1931        1402        1        2
1931        1376        1        2
1958        1376        1        2
1984        1376        1        2
2011        1376        1        2
2037        1376        1        2
2064        1376        1        2
2090        1376        1        2
2117        1376        1        2
2117        1402        1        2
2143        1402        1        2
2170        1402        1        2
2170        1429        1        2
2196        1429        1        2
2223        1429        1        2
2249        1455        1        2
2275        1482        1        2
2302        1508        1        2
2302        1535        1        2
2328        1535        1        2
2328        1561        1        2
2328        1588        1        2
2328        1614        1        2
2355        1614        1        2
2355        1640        1        2
2355        1667        1        2
2328        1693        1        2
2328        1720        1        2
2328        1746        1        2
2328        1773        1        2
2302        1773        1        2
2302        1799        1        2
2302        1826        1        2
2275        1826        1        2
2275        1852        1        2
2275        1879        1        2
2249        1879        1        2
2249        1905        1        2
2223        1905        1        2
2223        1931        1        2
2196        1958        1        2
2170        1984        1        2
2143        1984        1        2
2117        2011        1        2
2090        1984        1        2
2064        1984        1        2
2037        1984        1        2
2011        1984        1        2
2011        1958        1        2
1984        1958        1        2
2011        1931        1        2
2037        1905        1        2
2064        1879        1        2
PEN_UP                  0
END_CHARACTER: KA
