CHARACTER_NAME: SSN
STROKE_COUNT: 2
  X           Y   STYLUS_STATE STROKE
PEN_DOWN
1323        1588        1        1
1323        1614        1        1
1349        1614        1        1
1349        1640        1        1
1376        1640        1        1
1376        1667        1        1
1402        1667        1        1
1402        1693        1        1
1429        1693        1        1
1429        1720        1        1
1455        1720        1        1
1455        1746        1        1
1482        1746        1        1
1482        1773        1        1
1508        1799        1        1
1535        1799        1        1
1535        1826        1        1
1561        1826        1        1
1561        1852        1        1
1588        1852        1        1
1588        1879        1        1
1614        1879        1        1
1640        1879        1        1
1640        1905        1        1
1667        1905        1        1
1693        1931        1        1
1720        1931        1        1
1746        1931        1        1
1746        1958        1        1
1773        1958        1        1
1799        1958        1        1
1826        1958        1        1
1852        1958        1        1
1879        1931        1        1
1905        1931        1        1
1931        1931        1        1
1931        1905        1        1
1958        1905        1        1
1958        1879        1        1
1984        1879        1        1
1984        1852        1        1
2011        1826        1        1
2011        1799        1        1
2037        1773        1        1
2037        1746        1        1
2064        1720        1        1
2064        1693        1        1
2064        1667        1        1
2064        1640        1        1
2064        1614        1        1
2064        1588        1        1
2064        1561        1        1
2064        1535        1        1
2064        1508        1        1
2064        1535        1        1
2064        1561        1        1
2064        1588        1        1
2064        1614        1        1
2064        1640        1        1
2064        1667        1        1
2064        1693        1        1
2064        1720        1        1
2064        1746        1        1
2064        1773        1        1
2090        1773        1        1
2090        1799        1        1
2090        1826        1        1
2117        1852        1        1
2117        1879        1        1
2143        1905        1        1
2143        1931        1        1
2170        1931        1        1
2170        1958        1        1
2196        1984        1        1
2223        1984        1        1
2249        2011        1        1
2275        2011        1        1
2302        2037        1        1
2328        2037        1        1
2355        2037        1        1
2381        2037        1        1
2408        2064        1        1
2434        2064        1        1
2461        2064        1        1
2487        2064        1        1
2514        2064        1        1
2540        2064        1        1
2566        2037        1        1
2593        2037        1        1
2646        2037        1        1
2672        2037        1        1
2699        2011        1        1
2752        2011        1        1
2778        2011        1        1
2831        1984        1        1
2858        1984        1        1
2884        1958        1        1
2910        1958        1        1
2937        1958        1        1
2963        1931        1        1
2990        1931        1        1
3016        1905        1        1
3043        1905        1        1
3069        1879        1        1
3096        1852        1        1
3122        1826        1        1
3149        1799        1        1
3175        1773        1        1
3175        1746        1        1
3175        1720        1        1
3201        1693        1        1
3201        1667        1        1
3201        1640        1        1
3201        1614        1        1
3201        1588        1        1
3228        1561        1        1
3201        1561        1        1
3228        1535        1        1
3228        1508        1        1
3228        1482        1        1
3228        1455        1        1
3228        1429        1        1
3228        1402        1        1
3228        1376        1        1
3228        1402        1        1
3228        1429        1        1
3228        1455        1        1
3228        1482        1        1
3228        1508        1        1
3228        1535        1        1
3228        1561        1        1
3228        1588        1        1
3228        1614        1        1
3201        1640        1        1
3201        1667        1        1
3201        1693        1        1
3201        1720        1        1
3201        1746        1        1
3201        1773        1        1
3201        1799        1        1
3201        1826        1        1
3201        1852        1        1
3201        1879        1        1
3201        1905        1        1
3201        1931        1        1
3201        1958        1        1
3201        2011        1        1
3201        2037        1        1
3201        2090        1        1
3201        2117        1        1
3201        2170        1        1
3201        2196        1        1
3201        2249        1        1
3201        2302        1        1
3201        2328        1        1
3201        2381        1        1
3201        2434        1        1
3201        2461        1        1
3201        2514        1        1
3201        2540        1        1
3201        2593        1        1
3201        2646        1        1
3201        2672        1        1
3201        2725        1        1
3228        2752        1        1
3201        2805        1        1
3228        2858        1        1
3228        2884        1        1
3228        2937        1        1
3228        2963        1        1
3228        3016        1        1
3201        3043        1        1
3201        3096        1        1
3201        3122        1        1
3201        3149        1        1
3228        3175        1        1
3228        3201        1        1
3201        3228        1        1
3228        3228        1        1
3228        3254        1        1
3201        3228        1        1
3201        3201        1        1
3201        3175        1        1
3201        3149        1        1
3201        3122        1        1
3201        3096        1        1
3201        3069        1        1
3201        3043        1        1
3201        3016        1        1
3201        2990        1        1
3201        2963        1        1
3175        2910        1        1
3175        2884        1        1
3175        2858        1        1
3175        2831        1        1
3175        2805        1        1
3149        2778        1        1
3149        2752        1        1
3149        2725        1        1
3149        2699        1        1
3149        2672        1        1
3122        2646        1        1
3122        2619        1        1
3122        2593        1        1
3122        2566        1        1
3096        2540        1        1
3096        2514        1        1
3096        2487        1        1
3069        2461        1        1
3069        2434        1        1
3069        2408        1        1
3069        2381        1        1
3043        2355        1        1
3043        2328        1        1
3016        2302        1        1
3016        2275        1        1
2990        2249        1        1
2990        2223        1        1
2963        2223        1        1
2963        2196        1        1
2937        2196        1        1
2937        2170        1        1
2910        2170        1        1
2884        2170        1        1
2858        2170        1        1
2831        2170        1        1
2831        2196        1        1
2805        2196        1        1
2778        2196        1        1
2752        2223        1        1
2725        2223        1        1
2699        2223        1        1
2672        2249        1        1
2646        2275        1        1
2619        2302        1        1
2593        2328        1        1
2566        2355        1        1
2540        2381        1        1
2540        2408        1        1
2514        2434        1        1
2514        2487        1        1
2487        2514        1        1
2487        2540        1        1
2487        2593        1        1
2487        2619        1        1
2514        2646        1        1
2514        2672        1        1
2540        2699        1        1
2566        2699        1        1
2593        2725        1        1
2619        2725        1        1
2646        2752        1        1
2672        2752        1        1
2699        2752        1        1
2725        2725        1        1
2752        2725        1        1
2778        2699        1        1
2778        2672        1        1
2752        2646        1        1
2752        2619        1        1
2725        2593        1        1
2699        2593        1        1
2699        2566        1        1
2672        2566        1        1
2672        2540        1        1
2646        2540        1        1
2619        2540        1        1
2646        2514        1        1
PEN_UP                  0
PEN_DOWN
2117        1217        1        2
2090        1217        1        2
2064        1244        1        2
2037        1244        1        2
2011        1244        1        2
2011        1270        1        2
1984        1270        1        2
1958        1270        1        2
1931        1270        1        2
1905        1296        1        2
1879        1296        1        2
1852        1296        1        2
1826        1296        1        2
1799        1296        1        2
1773        1323        1        2
1746        1323        1        2
1720        1323        1        2
1693        1323        1        2
1720        1323        1        2
1746        1296        1        2
1773        1296        1        2
1799        1296        1        2
1826        1296        1        2
1852        1296        1        2
1879        1296        1        2
1931        1296        1        2
1958        1296        1        2
1984        1296        1        2
2037        1296        1        2
2064        1296        1        2
2117        1323        1        2
2143        1323        1        2
2196        1323        1        2
2223        1323        1        2
2275        1323        1        2
2355        1349        1        2
2408        1349        1        2
2461        1349        1        2
2540        1349        1        2
2593        1349        1        2
2672        1376        1        2
2752        1376        1        2
2805        1376        1        2
2884        1376        1        2
2963        1376        1        2
3016        1376        1        2
3096        1376        1        2
3149        1376        1        2
3228        1376        1        2
3281        1376        1        2
3334        1376        1        2
3387        1376        1        2
3440        1376        1        2
3493        1376        1        2
3545        1376        1        2
3598        1376        1        2
3625        1376        1        2
3678        1376        1        2
3731        1376        1        2
3757        1376        1        2
3810        1376        1        2
3836        1376        1        2
3863        1376        1        2
3916        1376        1        2
3942        1376        1        2
3969        1376        1        2
3995        1376        1        2
3969        1376        1        2
3969        1349        1        2
3942        1349        1        2
PEN_UP                  0
END_CHARACTER: SSN
