CHARACTER_NAME: SSB
STROKE_COUNT: 3
  X           Y   STYLUS_STATE STROKE
PEN_DOWN
1085        1614        1        1
1111        1614        1        1
1111        1588        1        1
1111        1561        1        1
1111        1588        1        1
1138        1588        1        1
1138        1614        1        1
1164        1614        1        1
1164        1640        1        1
1191        1640        1        1
1217        1667        1        1
1217        1693        1        1
1244        1693        1        1
1270        1720        1        1
1296        1746        1        1
1323        1773        1        1
1349        1773        1        1
1349        1799        1        1
1376        1799        1        1
1402        1826        1        1
1429        1826        1        1
1455        1826        1        1
1482        1826        1        1
1508        1852        1        1
1535        1826        1        1
1561        1826        1        1
1588        1826        1        1
1614        1826        1        1
1640        1799        1        1
1667        1799        1        1
1693        1799        1        1
1693        1773        1        1
1720        1773        1        1
1746        1773        1        1
1746        1746        1        1
1773        1746        1        1
1773        1720        1        1
1799        1720        1        1
1799        1693        1        1
1826        1693        1        1
1826        1667        1        1
1826        1640        1        1
1852        1614        1        1
1852        1588        1        1
1852        1561        1        1
1852        1535        1        1
1852        1508        1        1
1852        1482        1        1
1852        1455        1        1
1852        1429        1        1
1852        1455        1        1
1826        1482        1        1
1826        1508        1        1
1826        1535        1        1
1826        1561        1        1
1826        1588        1        1
1826        1614        1        1
1826        1640        1        1
1826        1667        1        1
1826        1693        1        1
1852        1720        1        1
1852        1746        1        1
1852        1773        1        1
1879        1773        1        1
1879        1799        1        1
1879        1826        1        1
1905        1852        1        1
1905        1879        1        1
1931        1879        1        1
1931        1905        1        1
1958        1905        1        1
1958        1931        1        1
1984        1931        1        1
1984        1958        1        1
2011        1958        1        1
2037        1984        1        1
2064        1984        1        1
2064        2011        1        1
2090        2011        1        1
2117        2011        1        1
2117        2037        1        1
2143        2037        1        1
2170        2037        1        1
2196        2037        1        1
2223        2037        1        1
2249        2037        1        1
2275        2037        1        1
2302        2037        1        1
2328        2037        1        1
2355        2037        1        1
2381        2011        1        1
2408        2011        1        1
2434        2011        1        1
2461        1984        1        1
2487        1984        1        1
2514        1984        1        1
2540        1958        1        1
2566        1958        1        1
2593        1931        1        1
2619        1931        1        1
2646        1905        1        1
2672        1879        1        1
2699        1879        1        1
2699        1852        1        1
2725        1852        1        1
2725        1826        1        1
2752        1799        1        1
2778        1773        1        1
2778        1746        1        1
2805        1720        1        1
2805        1693        1        1
2805        1667        1        1
2805        1640        1        1
2805        1614        1        1
2805        1588        1        1
2805        1561        1        1
2805        1535        1        1
2778        1508        1        1
2778        1482        1        1
2778        1455        1        1
2778        1429        1        1
2778        1402        1        1
2778        1376        1        1
2778        1349        1        1
2778        1323        1        1
2752        1323        1        1
2778        1296        1        1
2778        1323        1        1
2778        1349        1        1
2778        1376        1        1
2778        1402        1        1
2778        1429        1        1
2778        1455        1        1
2778        1482        1        1
2778        1508        1        1
2778        1535        1        1
2778        1561        1        1
2778        1588        1        1
2778        1614        1        1
2778        1640        1        1
2778        1667        1        1
2778        1693        1        1
2778        1720        1        1
2778        1746        1        1
2752        1773        1        1
2752        1799        1        1
2752        1826        1        1
2752        1852        1        1
2752        1879        1        1
2752        1905        1        1
2752        1931        1        1
2752        1958        1        1
2752        1984        1        1
2725        2011        1        1
2725        2037        1        1
2725        2064        1        1
2725        2090        1        1
2725        2117        1        1
2725        2143        1        1
2725        2196        1        1
2725        2223        1        1
2725        2249        1        1
2725        2302        1        1
2725        2328        1        1
2699        2355        1        1
2699        2408        1        1
2699        2434        1        1
2699        2487        1        1
2699        2514        1        1
2699        2566        1        1
2699        2593        1        1
2699        2646        1        1
2699        2672        1        1
2699        2725        1        1
2699        2752        1        1
2699        2805        1        1
2699        2831        1        1
2699        2858        1        1
2699        2910        1        1
2699        2937        1        1
2699        2990        1        1
2699        3016        1        1
2699        3069        1        1
2699        3096        1        1
2699        3149        1        1
2699        3201        1        1
2699        3228        1        1
2699        3281        1        1
2699        3334        1        1
2699        3387        1        1
2699        3413        1        1
2699        3466        1        1
2699        3519        1        1
2699        3545        1        1
2699        3572        1        1
2725        3625        1        1
2725        3651        1        1
2725        3678        1        1
2725        3704        1        1
2725        3731        1        1
2725        3704        1        1
2725        3678        1        1
2725        3651        1        1
2699        3651        1        1
2699        3625        1        1
2699        3598        1        1
PEN_UP                  0
PEN_DOWN
2805        2037        1        2
2805        2011        1        2
2778        2037        1        2
2752        2064        1        2
2725        2090        1        2
2699        2090        1        2
2699        2117        1        2
2672        2143        1        2
2646        2170        1        2
2619        2196        1        2
2593        2223        1        2
2566        2249        1        2
2514        2275        1        2
2487        2302        1        2
2434        2355        1        2
2408        2381        1        2
2355        2408        1        2
2302        2461        1        2
2249        2487        1        2
2196        2540        1        2
2170        2566        1        2
2117        2593        1        2
2090        2619        1        2
2037        2646        1        2
2011        2672        1        2
1984        2699        1        2
1958        2725        1        2
1931        2725        1        2
1931        2752        1        2
1905        2752        1        2
1905        2778        1        2
1879        2778        1        2
1852        2805        1        2
1826        2805        1        2
1826        2831        1        2
1826        2805        1        2
1852        2805        1        2
1879        2805        1        2
1905        2831        1        2
1931        2831        1        2
1958        2858        1        2
1984        2858        1        2
2011        2884        1        2
2037        2910        1        2
2064        2937        1        2
2090        2963        1        2
2117        2990        1        2
2143        3016        1        2
2196        3069        1        2
2223        3122        1        2
2249        3149        1        2
2275        3201        1        2
2328        3228        1        2
2355        3281        1        2
2381        3334        1        2
2408        3360        1        2
2434        3413        1        2
2461        3440        1        2
2487        3493        1        2
2514        3519        1        2
2540        3545        1        2
2566        3572        1        2
2593        3598        1        2
2593        3625        1        2
2619        3651        1        2
2646        3678        1        2
2672        3704        1        2
2672        3731        1        2
2699        3731        1        2
2725        3757        1        2
2699        3731        1        2
2672        3704        1        2
2646        3678        1        2
2646        3651        1        2
PEN_UP                  0
PEN_DOWN
1349        1164        1        3
1323        1164        1        3
1349        1164        1        3
1349        1138        1        3
1376        1138        1        3
1402        1138        1        3
1429        1138        1        3
1455        1138        1        3
1482        1111        1        3
1508        1111        1        3
1535        1111        1        3
1561        1111        1        3
1588        1111        1        3
1640        1111        1        3
1693        1111        1        3
1720        1111        1        3
1773        1111        1        3
1826        1111        1        3
1879        1111        1        3
1931        1138        1        3
1984        1138        1        3
2011        1138        1        3
2064        1138        1        3
2143        1138        1        3
2196        1138        1        3
2249        1138        1        3
2302        1138        1        3
2381        1164        1        3
2434        1164        1        3
2514        1164        1        3
2593        1164        1        3
2646        1164        1        3
2725        1164        1        3
2778        1138        1        3
2858        1138        1        3
2910        1138        1        3
2963        1164        1        3
3016        1164        1        3
3069        1164        1        3
3096        1164        1        3
3149        1164        1        3
3175        1164        1        3
3228        1164        1        3
3254        1164        1        3
3281        1164        1        3
3307        1164        1        3
3334        1164        1        3
3360        1164        1        3
3387        1164        1        3
3413        1164        1        3
3413        1138        1        3
PEN_UP                  0
END_CHARACTER: SSB
