CHARACTER_NAME: ST
STROKE_COUNT: 3
  X           Y   STYLUS_STATE STROKE
PEN_DOWN
1482        1667        1        1
1455        1640        1        1
1455        1614        1        1
1429        1614        1        1
1429        1588        1        1
1429        1561        1        1
1402        1561        1        1
1402        1535        1        1
1402        1561        1        1
1429        1561        1        1
1429        1588        1        1
1429        1614        1        1
1455        1614        1        1
1455        1640        1        1
1455        1667        1        1
1482        1667        1        1
1482        1693        1        1
1482        1720        1        1
1508        1720        1        1
1508        1746        1        1
1535        1773        1        1
1535        1799        1        1
1561        1826        1        1
1561        1852        1        1
1588        1852        1        1
1588        1879        1        1
1614        1879        1        1
1614        1905        1        1
1640        1931        1        1
1667        1958        1        1
1693        1984        1        1
1720        1984        1        1
1720        2011        1        1
1746        2011        1        1
1773        2011        1        1
1799        2011        1        1
1826        1984        1        1
1852        1984        1        1
1879        1984        1        1
1879        1958        1        1
1905        1958        1        1
1931        1931        1        1
1958        1905        1        1
1984        1879        1        1
2011        1852        1        1
2011        1826        1        1
2037        1799        1        1
2037        1773        1        1
2037        1746        1        1
2064        1746        1        1
2064        1720        1        1
2064        1693        1        1
2090        1667        1        1
2090        1640        1        1
2090        1614        1        1
2090        1588        1        1
2117        1561        1        1
2117        1535        1        1
2117        1508        1        1
2090        1508        1        1
2090        1535        1        1
2090        1561        1        1
2064        1561        1        1
2064        1588        1        1
2064        1614        1        1
2037        1614        1        1
2037        1640        1        1
2037        1667        1        1
2037        1693        1        1
2037        1720        1        1
2037        1746        1        1
2064        1773        1        1
2064        1799        1        1
2090        1799        1        1
2090        1826        1        1
2090        1852        1        1
2117        1852        1        1
2117        1879        1        1
2143        1879        1        1
2143        1905        1        1
2170        1905        1        1
2170        1931        1        1
2196        1931        1        1
2196        1958        1        1
2223        1958        1        1
2223        1984        1        1
2249        1984        1        1
2275        1984        1        1
2275        2011        1        1
2302        2011        1        1
2328        2011        1        1
2328        2037        1        1
2355        2037        1        1
2381        2037        1        1
2408        2037        1        1
2434        2037        1        1
2461        2037        1        1
2487        2037        1        1
2514        2037        1        1
2540        2037        1        1
2593        2011        1        1
2619        2011        1        1
2646        2011        1        1
2672        2011        1        1
2699        1984        1        1
2725        1984        1        1
2752        1958        1        1
2778        1958        1        1
2805        1958        1        1
2831        1931        1        1
2858        1931        1        1
2884        1905        1        1
2910        1905        1        1
2937        1879        1        1
2937        1852        1        1
2963        1852        1        1
2963        1826        1        1
2990        1826        1        1
2990        1799        1        1
3016        1799        1        1
3016        1773        1        1
3016        1746        1        1
3043        1746        1        1
3043        1720        1        1
3043        1693        1        1
3069        1667        1        1
3069        1640        1        1
3069        1614        1        1
3069        1588        1        1
3069        1561        1        1
3069        1535        1        1
3069        1508        1        1
3069        1482        1        1
3069        1455        1        1
3069        1429        1        1
3069        1402        1        1
3069        1376        1        1
3043        1349        1        1
3043        1323        1        1
3016        1296        1        1
3016        1270        1        1
2990        1244        1        1
2990        1217        1        1
2963        1217        1        1
2963        1191        1        1
2937        1164        1        1
2910        1138        1        1
2884        1111        1        1
2858        1111        1        1
2858        1085        1        1
2831        1085        1        1
2831        1058        1        1
2805        1058        1        1
2778        1058        1        1
PEN_UP                  0
PEN_DOWN
2884        2037        1        2
2858        2037        1        2
2858        2011        1        2
2858        1984        1        2
2858        1958        1        2
2884        1958        1        2
2884        1931        1        2
2884        1958        1        2
2884        1984        1        2
2884        2011        1        2
2884        2037        1        2
2858        2037        1        2
2831        2037        1        2
2805        2037        1        2
2805        2011        1        2
2778        1984        1        2
2805        1984        1        2
2805        1958        1        2
2831        1958        1        2
2831        1931        1        2
2858        1958        1        2
2884        1958        1        2
2884        1984        1        2
2910        2011        1        2
2910        2037        1        2
2884        2037        1        2
2884        2064        1        2
2884        2090        1        2
2858        2090        1        2
2831        2090        1        2
2805        2064        1        2
2778        2064        1        2
2778        2037        1        2
2778        2011        1        2
2805        1984        1        2
2831        1984        1        2
2831        2011        1        2
2858        2011        1        2
2858        2037        1        2
2858        2064        1        2
2831        2064        1        2
2831        2090        1        2
2805        2090        1        2
2778        2090        1        2
2778        2064        1        2
2752        2037        1        2
2778        2011        1        2
2778        1984        1        2
2805        1984        1        2
2805        1958        1        2
2831        1958        1        2
2831        1931        1        2
2858        1931        1        2
2884        1905        1        2
2910        1905        1        2
2937        1905        1        2
2937        1879        1        2
2963        1879        1        2
2990        1879        1        2
3016        1879        1        2
3043        1879        1        2
3069        1879        1        2
3069        1905        1        2
3096        1905        1        2
3122        1931        1        2
3149        1931        1        2
3175        1958        1        2
3201        1958        1        2
3201        1984        1        2
3228        2011        1        2
3228        2037        1        2
3228        2064        1        2
3228        2090        1        2
3254        2117        1        2
3254        2143        1        2
3228        2170        1        2
3228        2196        1        2
3228        2223        1        2
3228        2249        1        2
3228        2275        1        2
3228        2302        1        2
3228        2328        1        2
3228        2355        1        2
3228        2381        1        2
3228        2408        1        2
3228        2434        1        2
3228        2461        1        2
3201        2461        1        2
3201        2487        1        2
3201        2514        1        2
3201        2540        1        2
3201        2566        1        2
3175        2566        1        2
3175        2593        1        2
3175        2619        1        2
3175        2646        1        2
3149        2646        1        2
3149        2672        1        2
3122        2699        1        2
3122        2725        1        2
3096        2752        1        2
3096        2778        1        2
3069        2778        1        2
3043        2805        1        2
3043        2831        1        2
3016        2831        1        2
3016        2858        1        2
2990        2858        1        2
2990        2884        1        2
2963        2884        1        2
2937        2910        1        2
2910        2937        1        2
2884        2937        1        2
2858        2963        1        2
2831        2963        1        2
2805        2963        1        2
2778        2963        1        2
2752        2963        1        2
2725        2963        1        2
2699        2963        1        2
2672        2963        1        2
2646        2963        1        2
2619        2937        1        2
2593        2937        1        2
2566        2937        1        2
2540        2910        1        2
2514        2910        1        2
2487        2910        1        2
2461        2884        1        2
2434        2884        1        2
2408        2884        1        2
2408        2858        1        2
2381        2858        1        2
2355        2831        1        2
2328        2831        1        2
2328        2805        1        2
2302        2778        1        2
2275        2778        1        2
2275        2752        1        2
2249        2752        1        2
2249        2725        1        2
2223        2699        1        2
2196        2672        1        2
2170        2646        1        2
2170        2619        1        2
2143        2593        1        2
2143        2566        1        2
2117        2540        1        2
2117        2514        1        2
2090        2514        1        2
2090        2487        1        2
2064        2461        1        2
2064        2434        1        2
2064        2408        1        2
2037        2408        1        2
2037        2381        1        2
2037        2355        1        2
2011        2355        1        2
2011        2328        1        2
2011        2302        1        2
1984        2275        1        2
1984        2249        1        2
1958        2249        1        2
1958        2223        1        2
1958        2196        1        2
1931        2196        1        2
1931        2170        1        2
1931        2143        1        2
1905        2143        1        2
1905        2117        1        2
1879        2143        1        2
PEN_UP                  0
PEN_DOWN
2275        1164        1        3
2275        1138        1        3
2249        1138        1        3
2249        1111        1        3
2223        1111        1        3
2196        1111        1        3
2170        1138        1        3
2143        1138        1        3
2117        1138        1        3
2090        1138        1        3
2064        1138        1        3
2037        1164        1        3
2011        1164        1        3
1984        1164        1        3
1958        1164        1        3
1931        1164        1        3
1905        1164        1        3
1879        1164        1        3
1852        1164        1        3
1826        1164        1        3
1799        1164        1        3
1826        1138        1        3
1852        1138        1        3
1879        1138        1        3
1931        1138        1        3
1958        1138        1        3
1984        1111        1        3
2037        1111        1        3
2064        1111        1        3
2117        1111        1        3
2170        1111        1        3
2196        1111        1        3
2249        1111        1        3
2328        1111        1        3
2381        1111        1        3
2461        1111        1        3
2514        1138        1        3
2593        1138        1        3
2646        1138        1        3
2725        1138        1        3
2805        1164        1        3
2858        1164        1        3
2937        1164        1        3
2990        1164        1        3
3043        1164        1        3
3122        1164        1        3
3175        1164        1        3
3228        1164        1        3
3281        1164        1        3
3334        1164        1        3
3387        1164        1        3
3440        1164        1        3
3493        1164        1        3
3519        1164        1        3
3545        1164        1        3
3598        1164        1        3
3625        1164        1        3
3651        1164        1        3
3678        1164        1        3
3704        1164        1        3
3731        1138        1        3
3757        1138        1        3
3757        1164        1        3
3784        1164        1        3
3810        1164        1        3
3784        1138        1        3
3757        1164        1        3
PEN_UP                  0
END_CHARACTER: ST
