CHARACTER_NAME: SP
STROKE_COUNT: 4
  X           Y   STYLUS_STATE STROKE
PEN_DOWN
 847        1958        1        1
 847        1931        1        1
 820        1931        1        1
 820        1905        1        1
 820        1879        1        1
 820        1852        1        1
 794        1852        1        1
 794        1826        1        1
 794        1799        1        1
 794        1826        1        1
 794        1852        1        1
 794        1879        1        1
 794        1905        1        1
 794        1931        1        1
 794        1958        1        1
 794        1984        1        1
 794        2011        1        1
 794        2037        1        1
 820        2064        1        1
 820        2090        1        1
 820        2117        1        1
 820        2143        1        1
 820        2170        1        1
 847        2196        1        1
 847        2223        1        1
 847        2249        1        1
 873        2249        1        1
 873        2275        1        1
 873        2302        1        1
 900        2302        1        1
 900        2328        1        1
 926        2355        1        1
 953        2381        1        1
 979        2381        1        1
1005        2381        1        1
1032        2355        1        1
1058        2355        1        1
1058        2328        1        1
1085        2328        1        1
1111        2302        1        1
1111        2275        1        1
1138        2275        1        1
1138        2249        1        1
1164        2223        1        1
1164        2196        1        1
1191        2196        1        1
1191        2170        1        1
1217        2143        1        1
1217        2117        1        1
1217        2090        1        1
1244        2064        1        1
1244        2037        1        1
1244        2011        1        1
1244        1984        1        1
1244        1958        1        1
1244        1931        1        1
1244        1905        1        1
1270        1879        1        1
1270        1852        1        1
1244        1879        1        1
1244        1905        1        1
1244        1931        1        1
1244        1958        1        1
1244        1984        1        1
1244        2011        1        1
1270        2037        1        1
1270        2064        1        1
1270        2090        1        1
1270        2117        1        1
1296        2143        1        1
1296        2170        1        1
1296        2196        1        1
1323        2223        1        1
1323        2249        1        1
1349        2275        1        1
1376        2275        1        1
1376        2302        1        1
1402        2328        1        1
1429        2328        1        1
1455        2355        1        1
1482        2381        1        1
1508        2381        1        1
1508        2408        1        1
1535        2408        1        1
1561        2434        1        1
1588        2434        1        1
1614        2434        1        1
1640        2434        1        1
1667        2434        1        1
1693        2434        1        1
1720        2434        1        1
1746        2434        1        1
1773        2434        1        1
1799        2408        1        1
1826        2408        1        1
1852        2408        1        1
1879        2381        1        1
1905        2381        1        1
1931        2355        1        1
1931        2328        1        1
1958        2328        1        1
1984        2302        1        1
2011        2275        1        1
2011        2249        1        1
2011        2223        1        1
2037        2196        1        1
2037        2170        1        1
2037        2143        1        1
2064        2117        1        1
2064        2090        1        1
2064        2064        1        1
2064        2037        1        1
2064        1984        1        1
2090        1958        1        1
2090        1931        1        1
2090        1905        1        1
2064        1879        1        1
2064        1852        1        1
2064        1826        1        1
2064        1799        1        1
2064        1773        1        1
2064        1746        1        1
2064        1773        1        1
2037        1773        1        1
2011        1773        1        1
PEN_UP                  0
PEN_DOWN
2223        2090        1        2
2196        2090        1        2
2196        2117        1        2
2223        2117        1        2
2249        2117        1        2
2275        2117        1        2
2302        2143        1        2
2328        2143        1        2
2355        2143        1        2
2381        2143        1        2
2408        2143        1        2
2434        2170        1        2
2461        2170        1        2
2487        2170        1        2
2514        2196        1        2
2540        2196        1        2
2566        2223        1        2
2593        2249        1        2
2593        2275        1        2
2619        2302        1        2
2619        2328        1        2
2619        2355        1        2
2646        2381        1        2
2646        2408        1        2
2619        2434        1        2
2619        2461        1        2
2619        2487        1        2
2593        2514        1        2
2593        2540        1        2
2566        2566        1        2
2566        2593        1        2
2540        2646        1        2
2514        2672        1        2
2487        2699        1        2
2461        2725        1        2
2434        2752        1        2
2408        2778        1        2
2381        2805        1        2
2355        2831        1        2
2328        2858        1        2
2302        2884        1        2
2275        2910        1        2
2275        2884        1        2
2302        2858        1        2
2328        2831        1        2
2328        2805        1        2
2355        2805        1        2
2355        2778        1        2
2381        2752        1        2
2408        2725        1        2
2434        2699        1        2
2461        2672        1        2
2487        2646        1        2
2487        2619        1        2
2514        2619        1        2
2514        2593        1        2
2540        2566        1        2
2566        2566        1        2
2566        2540        1        2
2593        2514        1        2
2619        2487        1        2
2619        2461        1        2
2646        2434        1        2
2672        2408        1        2
2699        2381        1        2
2725        2355        1        2
2752        2328        1        2
2778        2302        1        2
2805        2275        1        2
2831        2275        1        2
2858        2249        1        2
2884        2223        1        2
2910        2223        1        2
2937        2196        1        2
2963        2170        1        2
2990        2170        1        2
3016        2143        1        2
3043        2117        1        2
3069        2117        1        2
3069        2090        1        2
3096        2090        1        2
3122        2090        1        2
3149        2064        1        2
3175        2064        1        2
3201        2037        1        2
3228        2037        1        2
3254        2037        1        2
3281        2011        1        2
3307        2011        1        2
3334        1984        1        2
3360        1984        1        2
3387        1984        1        2
3387        1958        1        2
3413        1958        1        2
3440        1958        1        2
3466        1958        1        2
3440        1958        1        2
3440        1931        1        2
3440        1905        1        2
3440        1879        1        2
3440        1852        1        2
3466        1826        1        2
3466        1799        1        2
3466        1773        1        2
3466        1746        1        2
3466        1773        1        2
3466        1799        1        2
3440        1826        1        2
3440        1852        1        2
3440        1879        1        2
3440        1905        1        2
3413        1958        1        2
3413        1984        1        2
3413        2011        1        2
3413        2064        1        2
3413        2090        1        2
3413        2143        1        2
3413        2196        1        2
3413        2249        1        2
3413        2302        1        2
3387        2355        1        2
3387        2434        1        2
3387        2487        1        2
3387        2566        1        2
3387        2619        1        2
3387        2699        1        2
3387        2778        1        2
3387        2858        1        2
3387        2937        1        2
3387        3016        1        2
3387        3096        1        2
3387        3201        1        2
3387        3281        1        2
3360        3360        1        2
3360        3440        1        2
3360        3519        1        2
3360        3598        1        2
3334        3678        1        2
3334        3757        1        2
3334        3810        1        2
3334        3889        1        2
3307        3969        1        2
3307        4022        1        2
3307        4075        1        2
3307        4128        1        2
3307        4154        1        2
3307        4180        1        2
3307        4207        1        2
3281        4233        1        2
3281        4260        1        2
3281        4233        1        2
3281        4207        1        2
3281        4180        1        2
3281        4128        1        2
3281        4101        1        2
3254        4048        1        2
PEN_UP                  0
PEN_DOWN
2566        1931        1        3
2593        1931        1        3
2619        1931        1        3
2646        1931        1        3
2672        1905        1        3
2699        1905        1        3
2725        1905        1        3
2752        1905        1        3
2805        1905        1        3
2858        1905        1        3
2884        1905        1        3
2937        1905        1        3
2990        1905        1        3
3043        1905        1        3
3096        1905        1        3
3149        1905        1        3
3201        1931        1        3
3228        1931        1        3
3281        1958        1        3
3307        1958        1        3
3334        1984        1        3
3360        2011        1        3
3387        2011        1        3
3413        2037        1        3
3440        2037        1        3
3440        2064        1        3
3466        2064        1        3
3466        2090        1        3
3466        2064        1        3
3466        2037        1        3
3440        2037        1        3
PEN_UP                  0
PEN_DOWN
 582        1693        1        4
 582        1667        1        4
 609        1667        1        4
 635        1667        1        4
 661        1667        1        4
 688        1667        1        4
 714        1667        1        4
 741        1667        1        4
 767        1640        1        4
 794        1640        1        4
 820        1640        1        4
 847        1640        1        4
 873        1640        1        4
 900        1640        1        4
 926        1640        1        4
 953        1614        1        4
 979        1614        1        4
1005        1614        1        4
1032        1614        1        4
1058        1614        1        4
1085        1614        1        4
1111        1614        1        4
1138        1614        1        4
1164        1614        1        4
1191        1614        1        4
1217        1614        1        4
1244        1614        1        4
1296        1614        1        4
1323        1614        1        4
1349        1614        1        4
1402        1614        1        4
1429        1614        1        4
1455        1614        1        4
1482        1614        1        4
1535        1588        1        4
1561        1588        1        4
1588        1588        1        4
1614        1588        1        4
1640        1588        1        4
1693        1588        1        4
1720        1588        1        4
1746        1588        1        4
1773        1588        1        4
1799        1588        1        4
1826        1588        1        4
1852        1588        1        4
1879        1588        1        4
1905        1588        1        4
1931        1588        1        4
1958        1588        1        4
1984        1588        1        4
2011        1588        1        4
2037        1588        1        4
2064        1588        1        4
2090        1588        1        4
2117        1561        1        4
2143        1561        1        4
2170        1561        1        4
2143        1561        1        4
2143        1588        1        4
PEN_UP                  0
END_CHARACTER: SP
