CHARACTER_NAME: SPH
STROKE_COUNT: 3
  X           Y   STYLUS_STATE STROKE
PEN_DOWN
 953        1693        1        1
 953        1720        1        1
 953        1746        1        1
 953        1773        1        1
 953        1799        1        1
 953        1826        1        1
 953        1852        1        1
 953        1879        1        1
 979        1905        1        1
 979        1931        1        1
 979        1958        1        1
1005        1984        1        1
1005        2011        1        1
1032        2037        1        1
1058        2064        1        1
1058        2090        1        1
1085        2090        1        1
1085        2117        1        1
1111        2117        1        1
1111        2143        1        1
1138        2143        1        1
1164        2143        1        1
1191        2143        1        1
1191        2117        1        1
1217        2117        1        1
1244        2117        1        1
1270        2090        1        1
1296        2090        1        1
1323        2090        1        1
1349        2064        1        1
1349        2037        1        1
1376        2037        1        1
1402        2011        1        1
1429        1984        1        1
1455        1958        1        1
1455        1931        1        1
1482        1905        1        1
1508        1879        1        1
1508        1852        1        1
1508        1826        1        1
1535        1799        1        1
1535        1773        1        1
1535        1746        1        1
1535        1720        1        1
1561        1693        1        1
1561        1667        1        1
1561        1640        1        1
1561        1614        1        1
1561        1588        1        1
1561        1614        1        1
1561        1640        1        1
1561        1667        1        1
1561        1693        1        1
1561        1720        1        1
1561        1746        1        1
1561        1773        1        1
1561        1799        1        1
1561        1826        1        1
1588        1826        1        1
1588        1852        1        1
1588        1879        1        1
1614        1879        1        1
1614        1905        1        1
1640        1931        1        1
1667        1958        1        1
1693        1984        1        1
1720        2011        1        1
1746        2011        1        1
1773        2037        1        1
1799        2037        1        1
1826        2037        1        1
1852        2037        1        1
1879        2037        1        1
1905        2037        1        1
1931        2011        1        1
1958        2011        1        1
1984        2011        1        1
2011        1984        1        1
2037        1984        1        1
2064        1958        1        1
2090        1958        1        1
2090        1931        1        1
2117        1905        1        1
2143        1905        1        1
2143        1879        1        1
2170        1852        1        1
2196        1826        1        1
2196        1799        1        1
2223        1773        1        1
2223        1746        1        1
2249        1720        1        1
2249        1693        1        1
2275        1667        1        1
2275        1640        1        1
2275        1614        1        1
2275        1588        1        1
2302        1561        1        1
2302        1535        1        1
2302        1508        1        1
2302        1482        1        1
2328        1455        1        1
2328        1429        1        1
2328        1402        1        1
2302        1402        1        1
PEN_UP                  0
PEN_DOWN
2249        2037        1        2
2249        2011        1        2
2223        2011        1        2
2223        1984        1        2
2223        1958        1        2
2196        1958        1        2
2196        1931        1        2
2170        1931        1        2
2170        1905        1        2
2196        1931        1        2
2223        1931        1        2
2223        1958        1        2
2249        1958        1        2
2249        1984        1        2
2275        1984        1        2
2302        1984        1        2
2328        2011        1        2
2355        2037        1        2
2381        2037        1        2
2408        2064        1        2
2434        2090        1        2
2461        2090        1        2
2487        2117        1        2
2514        2117        1        2
2514        2143        1        2
2540        2143        1        2
2540        2170        1        2
2566        2170        1        2
2566        2196        1        2
2593        2223        1        2
2593        2249        1        2
2566        2249        1        2
2566        2275        1        2
2540        2275        1        2
2514        2275        1        2
2487        2302        1        2
2461        2302        1        2
2434        2328        1        2
2408        2328        1        2
2408        2355        1        2
2381        2355        1        2
2355        2381        1        2
2328        2381        1        2
2328        2408        1        2
2302        2434        1        2
2275        2434        1        2
2249        2461        1        2
2249        2487        1        2
2223        2487        1        2
2196        2514        1        2
2196        2540        1        2
2170        2566        1        2
2143        2593        1        2
2117        2593        1        2
2090        2619        1        2
2064        2646        1        2
2064        2672        1        2
2037        2672        1        2
2011        2699        1        2
2011        2725        1        2
1984        2725        1        2
2011        2725        1        2
2011        2699        1        2
2037        2699        1        2
2064        2699        1        2
2090        2672        1        2
2117        2672        1        2
2143        2672        1        2
2170        2672        1        2
2196        2672        1        2
2223        2646        1        2
2249        2646        1        2
2275        2646        1        2
2302        2646        1        2
2328        2646        1        2
2355        2646        1        2
2381        2672        1        2
2408        2672        1        2
2434        2672        1        2
2487        2699        1        2
2514        2699        1        2
2540        2725        1        2
2593        2725        1        2
2646        2752        1        2
2672        2805        1        2
2725        2831        1        2
2778        2858        1        2
2805        2884        1        2
2858        2937        1        2
2884        2963        1        2
2937        3016        1        2
2990        3069        1        2
3016        3096        1        2
3043        3149        1        2
3069        3175        1        2
3096        3228        1        2
3122        3281        1        2
3149        3307        1        2
3175        3334        1        2
3175        3360        1        2
3201        3387        1        2
3201        3413        1        2
3228        3440        1        2
3228        3413        1        2
3228        3387        1        2
3201        3360        1        2
3201        3334        1        2
3201        3281        1        2
3201        3254        1        2
3201        3201        1        2
3201        3149        1        2
3201        3122        1        2
3201        3069        1        2
3175        3016        1        2
3175        2963        1        2
3175        2910        1        2
3175        2858        1        2
3175        2805        1        2
3175        2778        1        2
3175        2725        1        2
3149        2672        1        2
3149        2619        1        2
3149        2566        1        2
3149        2540        1        2
3149        2487        1        2
3149        2434        1        2
3149        2381        1        2
3149        2328        1        2
3149        2275        1        2
3149        2223        1        2
3149        2170        1        2
3122        2117        1        2
3122        2064        1        2
3122        2011        1        2
3122        1984        1        2
3149        1931        1        2
3149        1905        1        2
3149        1879        1        2
3149        1852        1        2
3149        1826        1        2
3149        1799        1        2
3175        1773        1        2
3175        1746        1        2
3175        1720        1        2
3175        1693        1        2
3175        1667        1        2
3201        1640        1        2
3228        1614        1        2
3254        1614        1        2
3281        1614        1        2
3307        1588        1        2
3334        1588        1        2
3360        1588        1        2
3387        1614        1        2
3440        1614        1        2
3466        1614        1        2
3493        1640        1        2
3519        1667        1        2
3572        1693        1        2
3598        1720        1        2
3598        1773        1        2
3625        1799        1        2
3651        1852        1        2
3651        1905        1        2
3651        1958        1        2
3678        1984        1        2
3678        2011        1        2
3678        2037        1        2
3651        2064        1        2
3651        2090        1        2
3625        2090        1        2
3625        2064        1        2
3598        2064        1        2
3572        2037        1        2
3545        2037        1        2
PEN_UP                  0
PEN_DOWN
 741        1535        1        3
 767        1535        1        3
 767        1508        1        3
 794        1508        1        3
 820        1508        1        3
 847        1508        1        3
 873        1508        1        3
 900        1508        1        3
 953        1482        1        3
 979        1482        1        3
1005        1482        1        3
1058        1482        1        3
1085        1482        1        3
1138        1482        1        3
1217        1482        1        3
1270        1455        1        3
1323        1455        1        3
1402        1455        1        3
1482        1455        1        3
1535        1455        1        3
1614        1429        1        3
1667        1429        1        3
1746        1429        1        3
1799        1429        1        3
1852        1402        1        3
1905        1402        1        3
1958        1402        1        3
2011        1402        1        3
2064        1402        1        3
2117        1402        1        3
2170        1402        1        3
2196        1402        1        3
2249        1376        1        3
2275        1376        1        3
2328        1376        1        3
2381        1376        1        3
2408        1376        1        3
2461        1376        1        3
2514        1376        1        3
2540        1376        1        3
2593        1376        1        3
2619        1376        1        3
2672        1349        1        3
2725        1349        1        3
2752        1349        1        3
2805        1349        1        3
2831        1349        1        3
2884        1349        1        3
2910        1349        1        3
2937        1349        1        3
2963        1323        1        3
2990        1323        1        3
3016        1323        1        3
3043        1323        1        3
3069        1323        1        3
3069        1349        1        3
3043        1349        1        3
3016        1349        1        3
PEN_UP                  0
END_CHARACTER: SPH
