CHARACTER_NAME: STH
STROKE_COUNT: 3
  X           Y   STYLUS_STATE STROKE
PEN_DOWN
 926        2037        1        1
 926        2011        1        1
 926        1984        1        1
 900        1984        1        1
 900        1958        1        1
 926        1958        1        1
 926        1984        1        1
 953        2011        1        1
 953        2037        1        1
 979        2064        1        1
 979        2090        1        1
1005        2117        1        1
1005        2143        1        1
1005        2170        1        1
1032        2196        1        1
1058        2223        1        1
1058        2249        1        1
1085        2275        1        1
1111        2302        1        1
1138        2302        1        1
1164        2328        1        1
1191        2355        1        1
1217        2381        1        1
1244        2381        1        1
1270        2408        1        1
1296        2408        1        1
1323        2408        1        1
1349        2408        1        1
1376        2408        1        1
1402        2408        1        1
1429        2408        1        1
1482        2381        1        1
1508        2381        1        1
1535        2355        1        1
1561        2328        1        1
1588        2302        1        1
1614        2275        1        1
1640        2249        1        1
1667        2223        1        1
1693        2170        1        1
1720        2143        1        1
1720        2090        1        1
1746        2064        1        1
1746        2011        1        1
1773        1984        1        1
1773        1958        1        1
1773        1905        1        1
1799        1879        1        1
1799        1852        1        1
1799        1826        1        1
1799        1799        1        1
1799        1773        1        1
1799        1799        1        1
1799        1826        1        1
1799        1852        1        1
1799        1879        1        1
1826        1905        1        1
1826        1931        1        1
1826        1958        1        1
1826        1984        1        1
1826        2011        1        1
1852        2037        1        1
1852        2064        1        1
1852        2090        1        1
1879        2117        1        1
1879        2143        1        1
1905        2170        1        1
1905        2196        1        1
1905        2223        1        1
1931        2249        1        1
1958        2275        1        1
1984        2275        1        1
1984        2302        1        1
2011        2302        1        1
2037        2328        1        1
2064        2328        1        1
2090        2328        1        1
2117        2355        1        1
2143        2355        1        1
2170        2355        1        1
2196        2355        1        1
2223        2328        1        1
2249        2328        1        1
2302        2328        1        1
2328        2328        1        1
2355        2302        1        1
2381        2302        1        1
2408        2302        1        1
2434        2275        1        1
2461        2275        1        1
2487        2249        1        1
2514        2249        1        1
2540        2223        1        1
2566        2196        1        1
2593        2170        1        1
2619        2143        1        1
2646        2117        1        1
2672        2090        1        1
2672        2064        1        1
2699        2037        1        1
2699        1984        1        1
2725        1958        1        1
2725        1931        1        1
2725        1905        1        1
2725        1879        1        1
2725        1826        1        1
2725        1799        1        1
2725        1773        1        1
2725        1746        1        1
2725        1720        1        1
2725        1693        1        1
2699        1667        1        1
2699        1640        1        1
2699        1614        1        1
2672        1614        1        1
PEN_UP                  0
PEN_DOWN
1111        1720        1        2
1138        1720        1        2
1164        1720        1        2
1191        1720        1        2
1217        1720        1        2
1244        1720        1        2
1270        1720        1        2
1296        1720        1        2
1323        1720        1        2
1349        1720        1        2
1402        1720        1        2
1429        1693        1        2
1482        1693        1        2
1535        1693        1        2
1588        1693        1        2
1667        1693        1        2
1720        1693        1        2
1773        1667        1        2
1826        1667        1        2
1879        1667        1        2
1958        1667        1        2
2011        1667        1        2
2037        1667        1        2
2090        1640        1        2
2143        1640        1        2
2196        1640        1        2
2249        1640        1        2
2302        1640        1        2
2381        1640        1        2
2434        1640        1        2
2487        1640        1        2
2540        1640        1        2
2593        1640        1        2
2646        1640        1        2
2699        1640        1        2
2752        1640        1        2
2805        1614        1        2
2884        1614        1        2
2937        1614        1        2
2990        1614        1        2
3069        1614        1        2
3122        1614        1        2
3175        1588        1        2
3228        1588        1        2
3254        1588        1        2
3307        1588        1        2
3334        1588        1        2
3387        1588        1        2
3413        1588        1        2
3440        1588        1        2
3466        1588        1        2
3440        1588        1        2
3413        1588        1        2
PEN_UP                  0
PEN_DOWN
2487        2408        1        3
2461        2408        1        3
2487        2408        1        3
2487        2434        1        3
2461        2434        1        3
2461        2461        1        3
2434        2487        1        3
2434        2514        1        3
2408        2514        1        3
2381        2514        1        3
2381        2487        1        3
2381        2461        1        3
2381        2434        1        3
2408        2434        1        3
2408        2408        1        3
2408        2434        1        3
2434        2434        1        3
2434        2461        1        3
2461        2487        1        3
2461        2514        1        3
2434        2540        1        3
2434        2566        1        3
2408        2566        1        3
2381        2593        1        3
2381        2566        1        3
2355        2566        1        3
2355        2540        1        3
2328        2540        1        3
2355        2514        1        3
2355        2487        1        3
2381        2487        1        3
2381        2514        1        3
2408        2514        1        3
2408        2540        1        3
2381        2566        1        3
2381        2593        1        3
2355        2593        1        3
2328        2593        1        3
2302        2593        1        3
2302        2566        1        3
2275        2566        1        3
2275        2540        1        3
2249        2514        1        3
2275        2514        1        3
2275        2487        1        3
2275        2461        1        3
2275        2434        1        3
2302        2434        1        3
2302        2408        1        3
2328        2408        1        3
2328        2381        1        3
2355        2381        1        3
2355        2355        1        3
2381        2355        1        3
2381        2328        1        3
2408        2328        1        3
2434        2302        1        3
2461        2302        1        3
2487        2302        1        3
2514        2275        1        3
2540        2275        1        3
2566        2275        1        3
2593        2275        1        3
2619        2275        1        3
2646        2275        1        3
2672        2275        1        3
2699        2275        1        3
2699        2302        1        3
2725        2302        1        3
2752        2302        1        3
2778        2302        1        3
2805        2328        1        3
2831        2328        1        3
2831        2355        1        3
2858        2355        1        3
2858        2381        1        3
2884        2408        1        3
2884        2434        1        3
2910        2434        1        3
2910        2461        1        3
2910        2487        1        3
2910        2514        1        3
2910        2540        1        3
2910        2566        1        3
2910        2593        1        3
2884        2619        1        3
2884        2646        1        3
2858        2672        1        3
2858        2699        1        3
2831        2699        1        3
2805        2725        1        3
2778        2752        1        3
2752        2778        1        3
2699        2805        1        3
2672        2831        1        3
2619        2858        1        3
2593        2884        1        3
2540        2910        1        3
2514        2937        1        3
2461        2937        1        3
2434        2963        1        3
2381        2963        1        3
2355        2990        1        3
2328        2990        1        3
2302        2990        1        3
2275        2990        1        3
2249        2990        1        3
2223        2990        1        3
2223        2963        1        3
2249        2963        1        3
2275        2937        1        3
2302        2963        1        3
2328        2963        1        3
2355        2963        1        3
2381        2963        1        3
2408        2990        1        3
2434        3016        1        3
2461        3016        1        3
2514        3043        1        3
2566        3096        1        3
2619        3122        1        3
2672        3175        1        3
2725        3201        1        3
2805        3254        1        3
2858        3307        1        3
2910        3360        1        3
2990        3413        1        3
3043        3466        1        3
3096        3519        1        3
3175        3572        1        3
3228        3625        1        3
3281        3678        1        3
3334        3731        1        3
3387        3757        1        3
3440        3810        1        3
3493        3863        1        3
3519        3889        1        3
3545        3916        1        3
3572        3942        1        3
3598        3942        1        3
3625        3969        1        3
3651        3969        1        3
3651        3995        1        3
3651        3969        1        3
3625        3969        1        3
3625        3942        1        3
3598        3942        1        3
3572        3916        1        3
PEN_UP                  0
END_CHARACTER: STH
