CHARACTER_NAME: SKH
STROKE_COUNT: 3
  X           Y   STYLUS_STATE STROKE
PEN_DOWN
 900        2223        1        1
 873        2223        1        1
 873        2196        1        1
 900        2223        1        1
 900        2249        1        1
 926        2249        1        1
 926        2275        1        1
 953        2275        1        1
 953        2302        1        1
 979        2302        1        1
 979        2328        1        1
1005        2328        1        1
1032        2355        1        1
1058        2355        1        1
1085        2355        1        1
1111        2328        1        1
1164        2328        1        1
1191        2328        1        1
1217        2302        1        1
1270        2302        1        1
1296        2275        1        1
1323        2249        1        1
1376        2223        1        1
1402        2196        1        1
1429        2170        1        1
1429        2143        1        1
1455        2117        1        1
1482        2090        1        1
1508        2064        1        1
1508        2037        1        1
1535        2011        1        1
1535        1984        1        1
1535        1958        1        1
1561        1905        1        1
1561        1879        1        1
1561        1852        1        1
1588        1826        1        1
1588        1799        1        1
1588        1773        1        1
1588        1746        1        1
1561        1746        1        1
1561        1773        1        1
1561        1799        1        1
1535        1826        1        1
1535        1852        1        1
1561        1879        1        1
1561        1905        1        1
1561        1931        1        1
1561        1958        1        1
1561        1984        1        1
1561        2011        1        1
1588        2037        1        1
1588        2064        1        1
1588        2090        1        1
1614        2117        1        1
1614        2143        1        1
1640        2170        1        1
1640        2196        1        1
1667        2196        1        1
1667        2223        1        1
1693        2249        1        1
1720        2249        1        1
1720        2275        1        1
1746        2302        1        1
1773        2302        1        1
1799        2302        1        1
1799        2328        1        1
1826        2328        1        1
1852        2328        1        1
1879        2355        1        1
1905        2355        1        1
1931        2328        1        1
1958        2328        1        1
1984        2328        1        1
2037        2328        1        1
2064        2328        1        1
2090        2302        1        1
2117        2302        1        1
2143        2302        1        1
2170        2275        1        1
2196        2275        1        1
2249        2249        1        1
2275        2249        1        1
2302        2223        1        1
2328        2196        1        1
2381        2170        1        1
2408        2143        1        1
2434        2143        1        1
2461        2117        1        1
2487        2090        1        1
2514        2037        1        1
2540        2011        1        1
2540        1984        1        1
2540        1958        1        1
2566        1931        1        1
2566        1905        1        1
2566        1879        1        1
2540        1826        1        1
2540        1799        1        1
2540        1773        1        1
2514        1746        1        1
2514        1720        1        1
2514        1693        1        1
2487        1667        1        1
2487        1640        1        1
2487        1614        1        1
2461        1614        1        1
PEN_UP                  0
PEN_DOWN
 767        1693        1        2
 794        1693        1        2
 820        1693        1        2
 820        1667        1        2
 847        1667        1        2
 873        1667        1        2
 900        1667        1        2
 926        1667        1        2
 953        1667        1        2
 979        1640        1        2
1032        1640        1        2
1058        1640        1        2
1111        1640        1        2
1164        1640        1        2
1217        1640        1        2
1270        1640        1        2
1323        1640        1        2
1402        1640        1        2
1455        1640        1        2
1508        1614        1        2
1561        1614        1        2
1640        1614        1        2
1693        1614        1        2
1746        1614        1        2
1799        1614        1        2
1852        1614        1        2
1905        1614        1        2
1958        1614        1        2
2011        1588        1        2
2064        1588        1        2
2090        1588        1        2
2143        1588        1        2
2196        1588        1        2
2249        1588        1        2
2302        1588        1        2
2355        1588        1        2
2381        1588        1        2
2434        1588        1        2
2487        1588        1        2
2514        1588        1        2
2566        1588        1        2
2593        1588        1        2
2619        1588        1        2
2646        1588        1        2
2672        1588        1        2
2699        1588        1        2
2725        1588        1        2
2752        1588        1        2
2778        1588        1        2
2752        1588        1        2
2725        1614        1        2
PEN_UP                  0
PEN_DOWN
1958        2778        1        3
1931        2778        1        3
1931        2752        1        3
1958        2752        1        3
1984        2752        1        3
1984        2778        1        3
1984        2805        1        3
1958        2805        1        3
1958        2831        1        3
1931        2831        1        3
1931        2858        1        3
1905        2858        1        3
1905        2831        1        3
1879        2831        1        3
1879        2805        1        3
1879        2778        1        3
1905        2752        1        3
1931        2752        1        3
1958        2778        1        3
1958        2805        1        3
1931        2805        1        3
1931        2831        1        3
1905        2831        1        3
1905        2805        1        3
1879        2778        1        3
1879        2752        1        3
1905        2752        1        3
1931        2752        1        3
1931        2778        1        3
1931        2805        1        3
1905        2805        1        3
1905        2778        1        3
1905        2752        1        3
1905        2725        1        3
1931        2725        1        3
1931        2699        1        3
1931        2672        1        3
1905        2699        1        3
1879        2725        1        3
1879        2752        1        3
1852        2752        1        3
1852        2778        1        3
1852        2805        1        3
1852        2831        1        3
1879        2858        1        3
1879        2884        1        3
1879        2910        1        3
1905        2937        1        3
1905        2963        1        3
1931        2963        1        3
1931        2990        1        3
1958        2990        1        3
1984        2990        1        3
2011        2990        1        3
2037        2990        1        3
2064        2990        1        3
2090        2990        1        3
2117        2990        1        3
2143        2963        1        3
2170        2963        1        3
2196        2937        1        3
2223        2937        1        3
2223        2910        1        3
2249        2910        1        3
2249        2884        1        3
2275        2884        1        3
2302        2884        1        3
2302        2858        1        3
2328        2831        1        3
2328        2805        1        3
2355        2805        1        3
2355        2778        1        3
2381        2752        1        3
2381        2725        1        3
2381        2699        1        3
2355        2672        1        3
2355        2646        1        3
2355        2619        1        3
2355        2593        1        3
2328        2593        1        3
2328        2566        1        3
2328        2540        1        3
2302        2540        1        3
2302        2514        1        3
2275        2514        1        3
2275        2487        1        3
2249        2487        1        3
2223        2487        1        3
2196        2487        1        3
2196        2461        1        3
2170        2461        1        3
2170        2487        1        3
2170        2461        1        3
2196        2461        1        3
2196        2434        1        3
2223        2434        1        3
2249        2408        1        3
2275        2381        1        3
2302        2381        1        3
2302        2355        1        3
2328        2355        1        3
2328        2328        1        3
2355        2328        1        3
2355        2302        1        3
2381        2302        1        3
2381        2275        1        3
2408        2275        1        3
2408        2249        1        3
2434        2249        1        3
2461        2223        1        3
2487        2223        1        3
2487        2196        1        3
2514        2196        1        3
2514        2170        1        3
2540        2170        1        3
2540        2143        1        3
2566        2143        1        3
2566        2117        1        3
2593        2117        1        3
2619        2117        1        3
2619        2143        1        3
2646        2143        1        3
2672        2143        1        3
2699        2143        1        3
2699        2170        1        3
2725        2170        1        3
2725        2196        1        3
2752        2196        1        3
2752        2223        1        3
2778        2223        1        3
2805        2223        1        3
2805        2249        1        3
2831        2249        1        3
2831        2275        1        3
2831        2302        1        3
2858        2302        1        3
2858        2328        1        3
2858        2355        1        3
2884        2355        1        3
2884        2381        1        3
2910        2408        1        3
2910        2434        1        3
2910        2461        1        3
2937        2461        1        3
2937        2487        1        3
2937        2514        1        3
2937        2540        1        3
2937        2566        1        3
2937        2593        1        3
2937        2619        1        3
2937        2646        1        3
2910        2672        1        3
2910        2699        1        3
2910        2725        1        3
2884        2752        1        3
2884        2778        1        3
2858        2805        1        3
2831        2831        1        3
2805        2858        1        3
2778        2884        1        3
2752        2910        1        3
2725        2910        1        3
2725        2937        1        3
2699        2963        1        3
2672        2990        1        3
2646        2990        1        3
2619        3016        1        3
2593        3043        1        3
2540        3069        1        3
2514        3096        1        3
2487        3122        1        3
2434        3122        1        3
2408        3149        1        3
2381        3175        1        3
2328        3175        1        3
2302        3201        1        3
2275        3201        1        3
2275        3228        1        3
2249        3228        1        3
2275        3228        1        3
2275        3201        1        3
2302        3201        1        3
2328        3175        1        3
2355        3175        1        3
2381        3175        1        3
2408        3149        1        3
2434        3149        1        3
2461        3149        1        3
2487        3149        1        3
2514        3149        1        3
2540        3149        1        3
2566        3175        1        3
2593        3175        1        3
2646        3175        1        3
2672        3201        1        3
2699        3228        1        3
2752        3228        1        3
2805        3254        1        3
2831        3281        1        3
2884        3307        1        3
2910        3334        1        3
2963        3387        1        3
2990        3413        1        3
3043        3440        1        3
3069        3466        1        3
3096        3519        1        3
3149        3545        1        3
3175        3598        1        3
3201        3625        1        3
3228        3678        1        3
3254        3704        1        3
3281        3757        1        3
3281        3784        1        3
3307        3810        1        3
3307        3863        1        3
3334        3889        1        3
3360        3916        1        3
3360        3942        1        3
3387        3969        1        3
3387        3995        1        3
3413        4022        1        3
3413        4048        1        3
3440        4048        1        3
3440        4075        1        3
3466        4048        1        3
3466        4022        1        3
3466        3995        1        3
3466        3969        1        3
3466        3942        1        3
3466        3889        1        3
3466        3863        1        3
3493        3836        1        3
3493        3784        1        3
3493        3731        1        3
3493        3704        1        3
3519        3651        1        3
3519        3598        1        3
3519        3545        1        3
3519        3493        1        3
3519        3440        1        3
3519        3387        1        3
3493        3334        1        3
3493        3254        1        3
3493        3201        1        3
3493        3122        1        3
3493        3069        1        3
3493        2990        1        3
3493        2937        1        3
3493        2884        1        3
3493        2831        1        3
3493        2752        1        3
3493        2699        1        3
3493        2646        1        3
3493        2566        1        3
3493        2487        1        3
3493        2434        1        3
3493        2355        1        3
3493        2275        1        3
3493        2223        1        3
3493        2170        1        3
3493        2090        1        3
3493        2037        1        3
3493        2011        1        3
3493        1958        1        3
3493        1931        1        3
3493        1905        1        3
3493        1852        1        3
3493        1826        1        3
3519        1799        1        3
3519        1773        1        3
3519        1746        1        3
3519        1720        1        3
3519        1693        1        3
3545        1693        1        3
3572        1693        1        3
3598        1693        1        3
3651        1693        1        3
3704        1693        1        3
3757        1693        1        3
3810        1720        1        3
3889        1720        1        3
3969        1720        1        3
4048        1720        1        3
4101        1746        1        3
4154        1746        1        3
4207        1746        1        3
4260        1773        1        3
4286        1773        1        3
4313        1773        1        3
4339        1773        1        3
4366        1773        1        3
4366        1746        1        3
4339        1773        1        3
4313        1773        1        3
PEN_UP                  0
END_CHARACTER: SKH
