CHARACTER_NAME: NGG
STROKE_COUNT: 3
  X           Y   STYLUS_STATE STROKE
PEN_DOWN
1693        1667        1        1
1667        1667        1        1
1640        1640        1        1
1614        1640        1        1
1614        1614        1        1
1614        1640        1        1
1614        1667        1        1
1614        1693        1        1
1640        1720        1        1
1640        1746        1        1
1640        1773        1        1
1640        1799        1        1
1640        1826        1        1
1640        1852        1        1
1640        1879        1        1
1640        1905        1        1
1614        1931        1        1
1588        1931        1        1
1588        1958        1        1
1561        1958        1        1
1535        1984        1        1
1508        1984        1        1
1482        1984        1        1
1482        1958        1        1
1455        1958        1        1
1455        1931        1        1
1482        1931        1        1
1482        1905        1        1
1455        1931        1        1
1455        1905        1        1
1482        1879        1        1
1508        1879        1        1
1508        1905        1        1
1535        1905        1        1
1508        1905        1        1
1535        1905        1        1
1535        1879        1        1
1561        1852        1        1
1588        1852        1        1
1588        1879        1        1
1588        1905        1        1
1561        1905        1        1
1561        1931        1        1
1535        1905        1        1
1535        1879        1        1
1508        1879        1        1
1535        1879        1        1
1535        1852        1        1
1561        1852        1        1
1561        1826        1        1
1588        1826        1        1
1614        1826        1        1
1640        1826        1        1
1667        1826        1        1
1693        1826        1        1
1720        1826        1        1
1746        1826        1        1
1773        1826        1        1
1799        1826        1        1
1826        1826        1        1
1852        1826        1        1
1852        1852        1        1
1879        1852        1        1
1905        1852        1        1
1931        1879        1        1
1958        1879        1        1
1958        1905        1        1
1984        1905        1        1
2011        1931        1        1
2011        1958        1        1
2037        1958        1        1
2037        1984        1        1
2037        2011        1        1
2064        2037        1        1
2064        2064        1        1
2037        2090        1        1
2037        2117        1        1
2037        2143        1        1
2037        2170        1        1
2011        2196        1        1
2011        2223        1        1
1984        2249        1        1
1984        2275        1        1
1958        2302        1        1
1958        2328        1        1
1931        2328        1        1
1905        2355        1        1
1879        2381        1        1
1879        2408        1        1
1852        2434        1        1
1826        2434        1        1
1799        2461        1        1
1746        2487        1        1
1720        2487        1        1
1693        2514        1        1
1667        2540        1        1
1640        2566        1        1
1614        2566        1        1
1561        2593        1        1
1535        2593        1        1
1508        2619        1        1
1482        2619        1        1
1482        2646        1        1
1455        2646        1        1
1429        2672        1        1
1402        2672        1        1
1429        2672        1        1
1429        2646        1        1
1455        2646        1        1
1482        2646        1        1
1482        2619        1        1
1508        2619        1        1
1535        2619        1        1
1561        2593        1        1
1588        2593        1        1
1588        2566        1        1
1614        2566        1        1
1640        2566        1        1
1640        2540        1        1
1667        2540        1        1
1693        2514        1        1
1720        2487        1        1
1746        2487        1        1
1746        2461        1        1
1773        2461        1        1
1799        2434        1        1
1826        2408        1        1
1879        2381        1        1
1905        2355        1        1
1931        2328        1        1
1984        2275        1        1
2037        2249        1        1
2064        2196        1        1
2117        2170        1        1
2170        2117        1        1
2223        2090        1        1
2275        2064        1        1
2328        2011        1        1
2381        1984        1        1
2434        1958        1        1
2487        1931        1        1
2540        1905        1        1
2593        1905        1        1
2646        1879        1        1
2672        1879        1        1
2725        1879        1        1
2752        1852        1        1
2778        1852        1        1
2805        1852        1        1
2831        1852        1        1
2858        1852        1        1
2831        1852        1        1
2805        1852        1        1
2805        1879        1        1
2778        1879        1        1
2752        1879        1        1
2725        1905        1        1
2699        1905        1        1
2672        1931        1        1
2646        1958        1        1
2619        1984        1        1
2593        2011        1        1
2566        2037        1        1
2540        2064        1        1
2514        2117        1        1
2487        2170        1        1
2461        2196        1        1
2434        2249        1        1
2408        2302        1        1
2381        2381        1        1
2381        2434        1        1
2355        2487        1        1
2328        2540        1        1
2328        2593        1        1
2302        2646        1        1
2302        2725        1        1
2302        2778        1        1
2275        2858        1        1
2275        2910        1        1
2275        2990        1        1
2275        3069        1        1
2249        3122        1        1
2275        3175        1        1
2275        3254        1        1
2275        3307        1        1
2275        3360        1        1
2302        3413        1        1
2302        3440        1        1
2328        3493        1        1
2328        3519        1        1
2355        3545        1        1
2381        3572        1        1
2434        3598        1        1
2461        3598        1        1
2514        3625        1        1
2566        3625        1        1
2593        3625        1        1
2646        3651        1        1
2699        3651        1        1
2725        3651        1        1
2752        3651        1        1
2778        3651        1        1
2805        3651        1        1
2831        3651        1        1
2831        3625        1        1
2831        3598        1        1
2805        3572        1        1
PEN_UP                  0
PEN_DOWN
1958        1244        1        2
1958        1217        1        2
1958        1244        1        2
1931        1244        1        2
1931        1270        1        2
1931        1296        1        2
1958        1296        1        2
1958        1323        1        2
1958        1349        1        2
1958        1376        1        2
1984        1402        1        2
1984        1429        1        2
2011        1455        1        2
2011        1482        1        2
2037        1508        1        2
2064        1535        1        2
2090        1561        1        2
2117        1588        1        2
2143        1614        1        2
2170        1640        1        2
2223        1667        1        2
2275        1667        1        2
2328        1667        1        2
2355        1667        1        2
2408        1667        1        2
2461        1667        1        2
2514        1667        1        2
2566        1667        1        2
2619        1640        1        2
2646        1640        1        2
2699        1614        1        2
2725        1614        1        2
2752        1588        1        2
2778        1561        1        2
2805        1561        1        2
2805        1535        1        2
2831        1508        1        2
2831        1482        1        2
2858        1482        1        2
2858        1455        1        2
2858        1429        1        2
2884        1402        1        2
2884        1376        1        2
2884        1349        1        2
2858        1349        1        2
2831        1349        1        2
PEN_UP                  0
PEN_DOWN
 820        1376        1        3
 794        1376        1        3
 767        1376        1        3
 741        1376        1        3
 741        1349        1        3
 767        1349        1        3
 794        1349        1        3
 820        1323        1        3
 847        1323        1        3
 900        1323        1        3
 953        1296        1        3
1005        1296        1        3
1058        1296        1        3
1138        1270        1        3
1217        1270        1        3
1296        1270        1        3
1376        1270        1        3
1455        1270        1        3
1535        1270        1        3
1640        1270        1        3
1720        1270        1        3
1799        1270        1        3
1905        1270        1        3
1984        1270        1        3
2090        1270        1        3
2170        1244        1        3
2275        1244        1        3
2355        1244        1        3
2461        1244        1        3
2540        1217        1        3
2619        1217        1        3
2725        1217        1        3
2778        1217        1        3
2858        1217        1        3
2910        1217        1        3
2963        1217        1        3
3016        1191        1        3
3043        1217        1        3
3069        1191        1        3
3096        1217        1        3
3122        1217        1        3
3149        1217        1        3
3175        1217        1        3
3149        1217        1        3
3149        1244        1        3
PEN_UP                  0
END_CHARACTER: NGG
