CHARACTER_NAME: NGC
STROKE_COUNT: 2
  X           Y   STYLUS_STATE STROKE
PEN_DOWN
1005        1217        1        1
1005        1191        1        1
1005        1164        1        1
1005        1138        1        1
1032        1138        1        1
1032        1164        1        1
1032        1191        1        1
1032        1217        1        1
1032        1244        1        1
1005        1270        1        1
1005        1296        1        1
 979        1296        1        1
 979        1270        1        1
1005        1244        1        1
1005        1217        1        1
1005        1191        1        1
1032        1191        1        1
1032        1164        1        1
1032        1191        1        1
1058        1191        1        1
1058        1217        1        1
1058        1244        1        1
1032        1270        1        1
1032        1296        1        1
1005        1296        1        1
1005        1270        1        1
1005        1244        1        1
1032        1217        1        1
1032        1191        1        1
1058        1191        1        1
1058        1217        1        1
1058        1244        1        1
1058        1270        1        1
1058        1244        1        1
1058        1270        1        1
1058        1244        1        1
1032        1244        1        1
1005        1244        1        1
1005        1217        1        1
1005        1191        1        1
1032        1191        1        1
1032        1164        1        1
1032        1138        1        1
1058        1138        1        1
1058        1111        1        1
1085        1111        1        1
1111        1085        1        1
1138        1058        1        1
1164        1058        1        1
1191        1032        1        1
1217        1032        1        1
1270        1032        1        1
1296        1005        1        1
1323        1005        1        1
1376        1005        1        1
1402        1005        1        1
1429        1005        1        1
1482        1005        1        1
1508        1005        1        1
1535        1005        1        1
1561        1005        1        1
1588        1005        1        1
1614        1032        1        1
1640        1032        1        1
1667        1058        1        1
1693        1058        1        1
1720        1058        1        1
1746        1085        1        1
1773        1111        1        1
1799        1111        1        1
1799        1138        1        1
1826        1138        1        1
1826        1164        1        1
1826        1191        1        1
1852        1191        1        1
1852        1217        1        1
1852        1244        1        1
1852        1270        1        1
1852        1296        1        1
1826        1296        1        1
1826        1323        1        1
1826        1349        1        1
1799        1376        1        1
1799        1402        1        1
1773        1429        1        1
1746        1455        1        1
1746        1482        1        1
1720        1508        1        1
1693        1508        1        1
1667        1535        1        1
1640        1561        1        1
1614        1588        1        1
1588        1588        1        1
1561        1614        1        1
1535        1640        1        1
1508        1640        1        1
1455        1667        1        1
1429        1693        1        1
1376        1693        1        1
1349        1720        1        1
1296        1720        1        1
1270        1746        1        1
1217        1746        1        1
1191        1773        1        1
1164        1773        1        1
1138        1773        1        1
1111        1799        1        1
1085        1799        1        1
1058        1799        1        1
1032        1799        1        1
1005        1799        1        1
 979        1799        1        1
 953        1799        1        1
 926        1826        1        1
 900        1826        1        1
 900        1799        1        1
 926        1799        1        1
 953        1799        1        1
 979        1799        1        1
1005        1799        1        1
1032        1799        1        1
1058        1799        1        1
1085        1799        1        1
1085        1773        1        1
1111        1799        1        1
1138        1799        1        1
1164        1799        1        1
1191        1799        1        1
1244        1799        1        1
1270        1826        1        1
1323        1826        1        1
1349        1826        1        1
1402        1852        1        1
1429        1879        1        1
1482        1879        1        1
1535        1905        1        1
1588        1958        1        1
1640        1984        1        1
1693        2037        1        1
1720        2090        1        1
1773        2143        1        1
1826        2196        1        1
1879        2275        1        1
1931        2328        1        1
1984        2408        1        1
2037        2461        1        1
2090        2514        1        1
2117        2593        1        1
2170        2646        1        1
2196        2699        1        1
2223        2752        1        1
2275        2805        1        1
2302        2858        1        1
2328        2937        1        1
2355        2990        1        1
2381        3043        1        1
2408        3096        1        1
2434        3149        1        1
2461        3175        1        1
2461        3228        1        1
2487        3281        1        1
2487        3307        1        1
2487        3334        1        1
2514        3360        1        1
2514        3387        1        1
2540        3387        1        1
2540        3360        1        1
2540        3334        1        1
2540        3281        1        1
2540        3254        1        1
2540        3228        1        1
2540        3201        1        1
2540        3149        1        1
2540        3122        1        1
2540        3069        1        1
2540        3043        1        1
2540        2990        1        1
2540        2963        1        1
2540        2910        1        1
2540        2884        1        1
2540        2831        1        1
2540        2778        1        1
2540        2725        1        1
2540        2699        1        1
2540        2646        1        1
2540        2593        1        1
2540        2566        1        1
2540        2514        1        1
2566        2487        1        1
2566        2434        1        1
2566        2408        1        1
2566        2355        1        1
2566        2302        1        1
2566        2275        1        1
2566        2223        1        1
2566        2170        1        1
2593        2117        1        1
2593        2064        1        1
2593        2011        1        1
2593        1958        1        1
2593        1905        1        1
2593        1852        1        1
2593        1799        1        1
2593        1746        1        1
2593        1720        1        1
2593        1667        1        1
2593        1614        1        1
2593        1561        1        1
2593        1508        1        1
2593        1455        1        1
2619        1402        1        1
2619        1349        1        1
2619        1296        1        1
2619        1244        1        1
2646        1191        1        1
2646        1164        1        1
2646        1111        1        1
2646        1085        1        1
2646        1058        1        1
2646        1032        1        1
2646        1005        1        1
2646         979        1        1
2646         953        1        1
2672         953        1        1
2672         926        1        1
2672         953        1        1
2646         953        1        1
PEN_UP                  0
PEN_DOWN
2566        1773        1        2
2566        1746        1        2
2593        1746        1        2
2619        1720        1        2
2646        1720        1        2
2646        1693        1        2
2672        1693        1        2
2699        1693        1        2
2699        1667        1        2
2725        1640        1        2
2752        1640        1        2
2752        1614        1        2
2778        1614        1        2
2805        1588        1        2
2831        1588        1        2
2858        1561        1        2
2884        1561        1        2
2937        1535        1        2
2963        1535        1        2
2990        1508        1        2
3016        1482        1        2
3069        1482        1        2
3096        1455        1        2
3122        1455        1        2
3149        1455        1        2
3175        1429        1        2
3201        1429        1        2
3228        1429        1        2
3254        1429        1        2
3281        1429        1        2
3307        1429        1        2
3334        1429        1        2
3360        1455        1        2
3387        1455        1        2
3413        1455        1        2
3440        1482        1        2
3466        1482        1        2
3493        1508        1        2
3519        1535        1        2
3545        1561        1        2
3545        1588        1        2
3572        1614        1        2
3545        1640        1        2
3545        1667        1        2
3545        1693        1        2
3545        1720        1        2
3519        1720        1        2
3519        1746        1        2
3493        1773        1        2
3466        1799        1        2
3466        1826        1        2
3440        1852        1        2
3413        1879        1        2
3387        1905        1        2
3360        1931        1        2
3334        1958        1        2
3307        1984        1        2
3281        2011        1        2
3254        2037        1        2
3228        2037        1        2
3228        2064        1        2
3201        2064        1        2
3175        2064        1        2
3149        2064        1        2
3149        2037        1        2
3122        2037        1        2
3122        2011        1        2
3096        2011        1        2
3096        1984        1        2
3096        1958        1        2
3122        1958        1        2
3122        1931        1        2
3149        1931        1        2
3149        1905        1        2
3175        1905        1        2
3201        1879        1        2
3228        1879        1        2
3254        1879        1        2
3281        1879        1        2
3307        1879        1        2
3334        1905        1        2
3360        1905        1        2
3387        1905        1        2
3387        1931        1        2
3413        1931        1        2
3440        1931        1        2
3440        1958        1        2
3466        1958        1        2
3493        1958        1        2
3493        1984        1        2
3519        1984        1        2
3519        2011        1        2
3545        2037        1        2
3572        2064        1        2
3572        2090        1        2
3598        2117        1        2
3598        2143        1        2
3598        2170        1        2
3625        2196        1        2
3625        2223        1        2
3625        2249        1        2
3625        2275        1        2
3625        2302        1        2
3598        2355        1        2
3598        2381        1        2
3598        2408        1        2
3572        2434        1        2
3572        2461        1        2
3545        2487        1        2
3519        2514        1        2
3493        2540        1        2
3493        2566        1        2
3466        2593        1        2
3440        2593        1        2
3387        2619        1        2
3360        2619        1        2
3334        2646        1        2
3307        2646        1        2
3281        2672        1        2
3228        2672        1        2
3201        2672        1        2
3175        2699        1        2
3149        2699        1        2
3096        2699        1        2
3069        2699        1        2
3043        2699        1        2
3016        2672        1        2
2990        2672        1        2
2963        2672        1        2
2937        2646        1        2
2910        2646        1        2
2884        2619        1        2
2858        2593        1        2
2831        2566        1        2
2805        2540        1        2
2805        2514        1        2
2778        2487        1        2
2752        2461        1        2
2752        2408        1        2
2725        2381        1        2
2699        2355        1        2
2699        2328        1        2
2672        2302        1        2
2672        2275        1        2
2672        2249        1        2
2646        2223        1        2
2646        2196        1        2
2619        2170        1        2
2619        2143        1        2
2593        2117        1        2
2593        2090        1        2
2566        2064        1        2
2593        2090        1        2
2619        2090        1        2
2646        2064        1        2
PEN_UP                  0
END_CHARACTER: NGC
