CHARACTER_NAME: FP
STROKE_COUNT: 6
  X           Y   STYLUS_STATE STROKE
PEN_DOWN
 979        1693        1        1
1005        1693        1        1
1032        1667        1        1
1058        1667        1        1
1085        1667        1        1
1111        1640        1        1
1138        1640        1        1
1164        1640        1        1
1191        1640        1        1
1217        1640        1        1
1244        1640        1        1
1270        1640        1        1
1296        1640        1        1
1323        1640        1        1
1349        1614        1        1
1376        1614        1        1
1402        1614        1        1
1429        1614        1        1
1455        1614        1        1
1482        1614        1        1
1508        1614        1        1
1535        1614        1        1
1561        1614        1        1
1588        1614        1        1
1614        1614        1        1
1640        1614        1        1
1667        1588        1        1
1693        1588        1        1
1720        1588        1        1
1746        1588        1        1
1773        1588        1        1
1799        1588        1        1
1826        1588        1        1
1852        1588        1        1
1879        1588        1        1
1905        1588        1        1
1931        1588        1        1
1958        1588        1        1
1984        1588        1        1
2011        1588        1        1
2037        1588        1        1
2064        1588        1        1
2064        1561        1        1
2117        1561        1        1
2143        1561        1        1
2170        1561        1        1
2196        1561        1        1
2223        1561        1        1
2249        1561        1        1
2275        1561        1        1
2302        1535        1        1
2328        1535        1        1
2355        1535        1        1
2328        1535        1        1
PEN_UP                  0
PEN_DOWN
1296        1693        1        2
1323        1693        1        2
1296        1693        1        2
1270        1693        1        2
1244        1693        1        2
1244        1720        1        2
1217        1720        1        2
1217        1746        1        2
1191        1746        1        2
1191        1773        1        2
1164        1773        1        2
1164        1799        1        2
1164        1826        1        2
1138        1826        1        2
1138        1852        1        2
1138        1879        1        2
1138        1905        1        2
1164        1931        1        2
1164        1958        1        2
1164        1984        1        2
1191        2011        1        2
1191        2037        1        2
1191        2064        1        2
1217        2090        1        2
1217        2117        1        2
1217        2143        1        2
1244        2143        1        2
1244        2170        1        2
1270        2196        1        2
1296        2223        1        2
1323        2223        1        2
1349        2249        1        2
1376        2249        1        2
1402        2249        1        2
1455        2249        1        2
1482        2249        1        2
1508        2249        1        2
1561        2223        1        2
1588        2223        1        2
1614        2196        1        2
1640        2170        1        2
1693        2143        1        2
1720        2090        1        2
1746        2064        1        2
1773        2037        1        2
1826        1984        1        2
1852        1958        1        2
1879        1905        1        2
1879        1879        1        2
1905        1852        1        2
1931        1799        1        2
1931        1773        1        2
1931        1746        1        2
1958        1746        1        2
1958        1720        1        2
1958        1693        1        2
1958        1667        1        2
1931        1667        1        2
1905        1667        1        2
PEN_UP                  0
PEN_DOWN
1349        1720        1        3
1349        1693        1        3
1349        1720        1        3
1376        1720        1        3
1402        1746        1        3
1429        1746        1        3
1455        1773        1        3
1482        1773        1        3
1508        1799        1        3
1535        1799        1        3
1561        1826        1        3
1614        1852        1        3
1640        1852        1        3
1667        1879        1        3
1720        1905        1        3
1746        1905        1        3
1773        1931        1        3
1799        1931        1        3
1799        1958        1        3
1826        1958        1        3
1852        1958        1        3
1852        1984        1        3
1852        1958        1        3
1826        1958        1        3
1826        1984        1        3
PEN_UP                  0
PEN_DOWN
2064        1905        1        4
2037        1879        1        4
2011        1879        1        4
2037        1879        1        4
2064        1852        1        4
2090        1852        1        4
2117        1852        1        4
2143        1852        1        4
2170        1852        1        4
2170        1879        1        4
2196        1879        1        4
2223        1879        1        4
2249        1879        1        4
2249        1905        1        4
2275        1905        1        4
2302        1905        1        4
2302        1931        1        4
2328        1931        1        4
2328        1958        1        4
2355        1958        1        4
2381        1984        1        4
2408        2011        1        4
2408        2037        1        4
2408        2064        1        4
2434        2090        1        4
2434        2117        1        4
2434        2143        1        4
2434        2170        1        4
2434        2196        1        4
2408        2223        1        4
2408        2249        1        4
2408        2275        1        4
2381        2302        1        4
2355        2328        1        4
2355        2355        1        4
2328        2381        1        4
2302        2408        1        4
2275        2434        1        4
2249        2461        1        4
2223        2487        1        4
2196        2514        1        4
2170        2540        1        4
2143        2540        1        4
2143        2566        1        4
2117        2593        1        4
2090        2619        1        4
2064        2619        1        4
2064        2646        1        4
2037        2672        1        4
2011        2699        1        4
2011        2725        1        4
2011        2699        1        4
2037        2699        1        4
2037        2672        1        4
2064        2646        1        4
2090        2619        1        4
2117        2593        1        4
2143        2566        1        4
2143        2540        1        4
2170        2514        1        4
2196        2487        1        4
2223        2461        1        4
2223        2434        1        4
2249        2408        1        4
2275        2381        1        4
2275        2355        1        4
2302        2328        1        4
2328        2328        1        4
2355        2302        1        4
2355        2275        1        4
2381        2249        1        4
2408        2223        1        4
2408        2196        1        4
2434        2196        1        4
2461        2170        1        4
2487        2143        1        4
2514        2117        1        4
2540        2117        1        4
2540        2090        1        4
2566        2064        1        4
2593        2064        1        4
2619        2037        1        4
2646        2037        1        4
2672        2011        1        4
2699        1984        1        4
2725        1984        1        4
2752        1958        1        4
2778        1958        1        4
2805        1958        1        4
2805        1931        1        4
2831        1931        1        4
2858        1931        1        4
2858        1905        1        4
2884        1905        1        4
2910        1905        1        4
2910        1931        1        4
2937        1931        1        4
2963        1958        1        4
2963        1984        1        4
2963        2011        1        4
2963        2037        1        4
2963        2064        1        4
2937        2090        1        4
2937        2117        1        4
2937        2143        1        4
2937        2170        1        4
2910        2196        1        4
2910        2223        1        4
2910        2249        1        4
2910        2275        1        4
2910        2302        1        4
2910        2328        1        4
2884        2355        1        4
2884        2381        1        4
2884        2434        1        4
2884        2487        1        4
2884        2514        1        4
2884        2566        1        4
2884        2619        1        4
2884        2646        1        4
2858        2699        1        4
2858        2752        1        4
2858        2805        1        4
2858        2858        1        4
2858        2937        1        4
2858        2990        1        4
2858        3069        1        4
2858        3122        1        4
2858        3201        1        4
2858        3281        1        4
2858        3360        1        4
2858        3413        1        4
2858        3493        1        4
2858        3545        1        4
2858        3598        1        4
2858        3678        1        4
2831        3731        1        4
2831        3784        1        4
2831        3836        1        4
2831        3889        1        4
2831        3942        1        4
2805        3969        1        4
2805        4022        1        4
2805        4048        1        4
2805        4101        1        4
2805        4128        1        4
2778        4154        1        4
2778        4180        1        4
2778        4207        1        4
2778        4180        1        4
2778        4154        1        4
2805        4128        1        4
2805        4101        1        4
2778        4048        1        4
PEN_UP                  0
PEN_DOWN
2328        1746        1        5
2355        1746        1        5
2355        1720        1        5
2381        1720        1        5
2408        1720        1        5
2434        1720        1        5
2461        1746        1        5
2487        1746        1        5
2514        1746        1        5
2540        1746        1        5
2593        1746        1        5
2619        1773        1        5
2646        1773        1        5
2699        1773        1        5
2725        1799        1        5
2778        1799        1        5
2805        1826        1        5
2831        1852        1        5
2858        1852        1        5
2884        1879        1        5
2910        1879        1        5
2937        1905        1        5
2963        1931        1        5
2963        1958        1        5
2990        1958        1        5
2963        1958        1        5
PEN_UP                  0
PEN_DOWN
3069        2011        1        6
3069        1984        1        6
3069        1958        1        6
3043        1958        1        6
3043        1931        1        6
3043        1905        1        6
3043        1879        1        6
3043        1852        1        6
3043        1826        1        6
3043        1799        1        6
3043        1773        1        6
3043        1746        1        6
3043        1720        1        6
3043        1693        1        6
3043        1667        1        6
3043        1640        1        6
3043        1614        1        6
3069        1588        1        6
3069        1561        1        6
3069        1535        1        6
3069        1508        1        6
3069        1482        1        6
3096        1482        1        6
3122        1482        1        6
3149        1482        1        6
3175        1482        1        6
3201        1482        1        6
3254        1482        1        6
3307        1482        1        6
3360        1482        1        6
3413        1482        1        6
3466        1482        1        6
3519        1482        1        6
3572        1508        1        6
3598        1508        1        6
3625        1508        1        6
3651        1508        1        6
3678        1508        1        6
3704        1508        1        6
PEN_UP                  0
END_CHARACTER: FP
