CHARACTER_NAME: KHA
STROKE_COUNT: 1
  X           Y   STYLUS_STATE STROKE
PEN_DOWN
1296        1535        1        1
1296        1508        1        1
1270        1535        1        1
1244        1535        1        1
1217        1535        1        1
1244        1535        1        1
1244        1508        1        1
1270        1535        1        1
1244        1561        1        1
1217        1561        1        1
1217        1588        1        1
1217        1561        1        1
1217        1535        1        1
1244        1535        1        1
1244        1508        1        1
1270        1508        1        1
1270        1535        1        1
1270        1561        1        1
1270        1535        1        1
1270        1508        1        1
1296        1508        1        1
1323        1508        1        1
1323        1535        1        1
1349        1535        1        1
1323        1561        1        1
1323        1535        1        1
1296        1508        1        1
1323        1508        1        1
1323        1482        1        1
1349        1482        1        1
1349        1455        1        1
1376        1482        1        1
1402        1508        1        1
1376        1508        1        1
1376        1482        1        1
1402        1482        1        1
1402        1455        1        1
1376        1455        1        1
1376        1482        1        1
1349        1482        1        1
1323        1508        1        1
1296        1508        1        1
1296        1535        1        1
1270        1535        1        1
1270        1561        1        1
1270        1588        1        1
1270        1614        1        1
1296        1640        1        1
1296        1667        1        1
1323        1693        1        1
1349        1720        1        1
1376        1720        1        1
1402        1746        1        1
1429        1746        1        1
1455        1746        1        1
1482        1746        1        1
1508        1746        1        1
1535        1746        1        1
1535        1720        1        1
1561        1720        1        1
1588        1720        1        1
1614        1720        1        1
1640        1720        1        1
1667        1693        1        1
1693        1693        1        1
1720        1693        1        1
1746        1693        1        1
1746        1667        1        1
1773        1667        1        1
1799        1667        1        1
1826        1667        1        1
1826        1640        1        1
1852        1640        1        1
1879        1640        1        1
1905        1640        1        1
1905        1614        1        1
1931        1614        1        1
1931        1588        1        1
1958        1588        1        1
1984        1561        1        1
2011        1561        1        1
2011        1535        1        1
2037        1535        1        1
2037        1508        1        1
2064        1508        1        1
2064        1482        1        1
2090        1482        1        1
2090        1455        1        1
2117        1455        1        1
2090        1455        1        1
2090        1482        1        1
2117        1482        1        1
2117        1508        1        1
2143        1508        1        1
2143        1535        1        1
2170        1535        1        1
2170        1561        1        1
2196        1561        1        1
2196        1588        1        1
2223        1588        1        1
2223        1614        1        1
2223        1640        1        1
2223        1667        1        1
2249        1693        1        1
2223        1693        1        1
2223        1720        1        1
2223        1746        1        1
2223        1773        1        1
2196        1773        1        1
2196        1799        1        1
2196        1826        1        1
2170        1852        1        1
2170        1879        1        1
2143        1879        1        1
2143        1905        1        1
2117        1931        1        1
2117        1958        1        1
2090        1958        1        1
2090        1984        1        1
2064        1984        1        1
2064        2011        1        1
2037        2037        1        1
2011        2064        1        1
1984        2090        1        1
1958        2090        1        1
1958        2117        1        1
1931        2143        1        1
1905        2143        1        1
1905        2170        1        1
1879        2170        1        1
1879        2196        1        1
1852        2196        1        1
1826        2196        1        1
1826        2223        1        1
1799        2223        1        1
1773        2249        1        1
1746        2249        1        1
1720        2275        1        1
1693        2275        1        1
1667        2302        1        1
1640        2302        1        1
1614        2302        1        1
1614        2328        1        1
1588        2328        1        1
1561        2328        1        1
1535        2328        1        1
1508        2328        1        1
1482        2328        1        1
1455        2328        1        1
1455        2355        1        1
1429        2355        1        1
1402        2355        1        1
1376        2355        1        1
1349        2355        1        1
1323        2355        1        1
1296        2355        1        1
1323        2328        1        1
1349        2328        1        1
1376        2328        1        1
1402        2328        1        1
1429        2328        1        1
1455        2302        1        1
1482        2302        1        1
1508        2302        1        1
1535        2328        1        1
1561        2328        1        1
1588        2328        1        1
1614        2328        1        1
1640        2328        1        1
1667        2328        1        1
1693        2328        1        1
1693        2355        1        1
1720        2355        1        1
1746        2355        1        1
1773        2355        1        1
1799        2381        1        1
1826        2381        1        1
1852        2381        1        1
1879        2408        1        1
1905        2408        1        1
1931        2408        1        1
1958        2434        1        1
1984        2434        1        1
2011        2461        1        1
2037        2487        1        1
2064        2487        1        1
2090        2514        1        1
2117        2514        1        1
2143        2540        1        1
2170        2566        1        1
2196        2566        1        1
2223        2593        1        1
2249        2593        1        1
2275        2619        1        1
2275        2646        1        1
2328        2646        1        1
2328        2672        1        1
2355        2672        1        1
2381        2699        1        1
2408        2725        1        1
2434        2725        1        1
2461        2752        1        1
2487        2778        1        1
2514        2778        1        1
2540        2805        1        1
2566        2831        1        1
2593        2858        1        1
2619        2884        1        1
2646        2884        1        1
2646        2910        1        1
2672        2910        1        1
2672        2937        1        1
2699        2937        1        1
2699        2963        1        1
2699        2937        1        1
2699        2910        1        1
2672        2884        1        1
2672        2858        1        1
2672        2831        1        1
2646        2805        1        1
2646        2778        1        1
2646        2752        1        1
2646        2725        1        1
2619        2699        1        1
2619        2672        1        1
2619        2646        1        1
2619        2619        1        1
2619        2593        1        1
2593        2566        1        1
2593        2540        1        1
2593        2514        1        1
2593        2487        1        1
2593        2461        1        1
2593        2434        1        1
2593        2408        1        1
2593        2381        1        1
2593        2355        1        1
2566        2328        1        1
2566        2302        1        1
2566        2275        1        1
2566        2249        1        1
2566        2223        1        1
2566        2196        1        1
2566        2170        1        1
2566        2143        1        1
2566        2117        1        1
2566        2090        1        1
2566        2064        1        1
2540        2037        1        1
2540        2011        1        1
2540        1984        1        1
2540        1958        1        1
2540        1931        1        1
2540        1905        1        1
2540        1879        1        1
2540        1852        1        1
2514        1826        1        1
2514        1799        1        1
2514        1773        1        1
2514        1746        1        1
2514        1720        1        1
2514        1693        1        1
2514        1667        1        1
2514        1640        1        1
2514        1614        1        1
2487        1614        1        1
2487        1588        1        1
2487        1561        1        1
2487        1535        1        1
2487        1508        1        1
2487        1482        1        1
2487        1455        1        1
2487        1429        1        1
2461        1429        1        1
2487        1429        1        1
2461        1429        1        1
2487        1429        1        1
2461        1402        1        1
2487        1402        1        1
2514        1402        1        1
2540        1402        1        1
2566        1402        1        1
2593        1402        1        1
2619        1402        1        1
2646        1402        1        1
2699        1376        1        1
2725        1376        1        1
2778        1376        1        1
2831        1349        1        1
2884        1349        1        1
2937        1349        1        1
2990        1349        1        1
3016        1349        1        1
3043        1323        1        1
3096        1323        1        1
3122        1323        1        1
3149        1323        1        1
3175        1323        1        1
3201        1323        1        1
3228        1323        1        1
3201        1323        1        1
3175        1323        1        1
3122        1323        1        1
PEN_UP                  0
END_CHARACTER: KHA
