CHARACTER_NAME: NGN
STROKE_COUNT: 2
  X           Y   STYLUS_STATE STROKE
PEN_DOWN
1138        2011        1        1
1138        1984        1        1
1138        1958        1        1
1138        1931        1        1
1138        1905        1        1
1138        1931        1        1
1138        1958        1        1
1164        1984        1        1
1164        2011        1        1
1164        2037        1        1
1191        2064        1        1
1191        2090        1        1
1191        2117        1        1
1191        2143        1        1
1217        2170        1        1
1217        2196        1        1
1217        2223        1        1
1244        2249        1        1
1244        2275        1        1
1270        2302        1        1
1270        2328        1        1
1296        2381        1        1
1296        2408        1        1
1323        2434        1        1
1349        2461        1        1
1376        2487        1        1
1376        2514        1        1
1402        2540        1        1
1429        2566        1        1
1455        2566        1        1
1482        2593        1        1
1482        2619        1        1
1508        2646        1        1
1535        2672        1        1
1561        2672        1        1
1588        2699        1        1
1588        2725        1        1
1614        2725        1        1
1640        2725        1        1
1640        2752        1        1
1667        2752        1        1
1693        2778        1        1
1720        2778        1        1
1746        2805        1        1
1773        2805        1        1
1799        2805        1        1
1826        2805        1        1
1852        2805        1        1
1879        2805        1        1
1905        2805        1        1
1905        2778        1        1
1931        2778        1        1
1958        2778        1        1
1984        2778        1        1
2011        2752        1        1
2011        2725        1        1
2037        2725        1        1
2064        2699        1        1
2064        2672        1        1
2090        2646        1        1
2117        2619        1        1
2117        2593        1        1
2117        2566        1        1
2143        2540        1        1
2143        2487        1        1
2170        2461        1        1
2170        2408        1        1
2170        2381        1        1
2196        2328        1        1
2196        2302        1        1
2196        2249        1        1
2196        2223        1        1
2223        2170        1        1
2223        2143        1        1
2249        2090        1        1
2249        2064        1        1
2249        2011        1        1
2249        1984        1        1
2275        1958        1        1
2275        1905        1        1
2275        1879        1        1
2275        1852        1        1
2275        1826        1        1
2302        1799        1        1
2302        1773        1        1
2302        1746        1        1
2302        1720        1        1
2302        1693        1        1
2275        1693        1        1
2249        1693        1        1
2249        1720        1        1
2223        1720        1        1
2223        1746        1        1
2196        1746        1        1
2196        1773        1        1
2170        1773        1        1
2143        1799        1        1
2117        1799        1        1
2117        1826        1        1
2090        1826        1        1
2064        1852        1        1
2037        1852        1        1
2037        1879        1        1
2011        1879        1        1
1984        1905        1        1
1958        1905        1        1
1958        1931        1        1
1931        1931        1        1
1905        1931        1        1
1879        1958        1        1
1852        1958        1        1
1826        1984        1        1
1799        1984        1        1
1773        2011        1        1
1746        2011        1        1
1720        2011        1        1
1693        2011        1        1
1667        2011        1        1
1667        1984        1        1
1640        1984        1        1
1640        1958        1        1
1614        1931        1        1
1614        1905        1        1
1614        1879        1        1
1614        1852        1        1
1614        1826        1        1
1614        1799        1        1
1640        1799        1        1
1640        1773        1        1
1640        1746        1        1
1667        1720        1        1
1667        1693        1        1
1693        1693        1        1
1693        1667        1        1
1693        1640        1        1
1720        1614        1        1
1746        1588        1        1
1773        1588        1        1
1799        1561        1        1
1826        1535        1        1
1826        1508        1        1
1852        1508        1        1
1879        1482        1        1
1879        1455        1        1
1905        1455        1        1
1931        1429        1        1
1958        1402        1        1
1984        1376        1        1
1984        1349        1        1
2011        1349        1        1
2011        1323        1        1
2037        1296        1        1
2064        1270        1        1
2064        1296        1        1
2037        1296        1        1
2011        1323        1        1
2011        1349        1        1
2011        1376        1        1
2011        1402        1        1
2011        1429        1        1
2037        1429        1        1
2037        1455        1        1
2064        1455        1        1
2090        1455        1        1
2090        1482        1        1
2117        1482        1        1
2143        1482        1        1
2170        1482        1        1
2196        1482        1        1
2223        1508        1        1
2249        1508        1        1
2275        1508        1        1
2302        1508        1        1
2328        1482        1        1
2355        1482        1        1
2381        1482        1        1
2408        1482        1        1
2434        1482        1        1
2461        1482        1        1
2487        1482        1        1
2540        1482        1        1
2566        1482        1        1
2593        1455        1        1
2619        1455        1        1
2646        1455        1        1
2672        1455        1        1
2699        1455        1        1
2725        1455        1        1
2699        1482        1        1
2672        1508        1        1
2672        1535        1        1
2646        1535        1        1
2646        1561        1        1
2619        1588        1        1
2593        1614        1        1
2593        1640        1        1
2566        1667        1        1
2566        1693        1        1
2540        1720        1        1
2540        1746        1        1
2540        1799        1        1
2540        1826        1        1
2514        1879        1        1
2514        1905        1        1
2514        1958        1        1
2514        2011        1        1
2514        2064        1        1
2514        2117        1        1
2514        2170        1        1
2514        2223        1        1
2514        2275        1        1
2514        2328        1        1
2514        2381        1        1
2540        2434        1        1
2540        2487        1        1
2540        2566        1        1
2566        2619        1        1
2566        2672        1        1
2593        2725        1        1
2619        2778        1        1
2619        2831        1        1
2672        2884        1        1
2699        2937        1        1
2725        3016        1        1
2778        3096        1        1
2831        3149        1        1
2858        3228        1        1
2910        3281        1        1
2963        3334        1        1
3043        3387        1        1
3096        3440        1        1
3149        3493        1        1
3228        3519        1        1
3281        3572        1        1
3360        3598        1        1
3413        3625        1        1
3493        3625        1        1
3519        3651        1        1
3572        3651        1        1
3598        3651        1        1
3625        3678        1        1
3651        3678        1        1
3678        3678        1        1
3678        3651        1        1
3651        3651        1        1
3651        3625        1        1
3651        3598        1        1
3625        3598        1        1
3625        3572        1        1
3625        3545        1        1
PEN_UP                  0
PEN_DOWN
1482        1270        1        2
1482        1244        1        2
1482        1270        1        2
1482        1296        1        2
1482        1323        1        2
1455        1323        1        2
1455        1296        1        2
1482        1296        1        2
1482        1270        1        2
1482        1244        1        2
1508        1244        1        2
1508        1270        1        2
1482        1270        1        2
1508        1270        1        2
1508        1244        1        2
1508        1217        1        2
1535        1217        1        2
1535        1244        1        2
1535        1270        1        2
1535        1296        1        2
1508        1296        1        2
1508        1270        1        2
1508        1244        1        2
1535        1217        1        2
1535        1191        1        2
1535        1217        1        2
1561        1217        1        2
1561        1244        1        2
1561        1270        1        2
1535        1270        1        2
1535        1296        1        2
1535        1270        1        2
1508        1270        1        2
1508        1244        1        2
1482        1217        1        2
1508        1244        1        2
1508        1270        1        2
1482        1270        1        2
1455        1244        1        2
1455        1217        1        2
1429        1217        1        2
1429        1191        1        2
1429        1164        1        2
1455        1164        1        2
1455        1138        1        2
1455        1111        1        2
1482        1111        1        2
1482        1085        1        2
1508        1085        1        2
1508        1058        1        2
1535        1032        1        2
1561        1005        1        2
1588        1005        1        2
1588         979        1        2
1614         979        1        2
1640         979        1        2
1667         953        1        2
1693         953        1        2
1720         953        1        2
1746         953        1        2
1773         953        1        2
1799         953        1        2
1826         953        1        2
1852         953        1        2
1852         979        1        2
1879         979        1        2
1905        1005        1        2
1931        1005        1        2
1931        1032        1        2
1931        1058        1        2
1958        1085        1        2
1958        1111        1        2
1958        1138        1        2
1958        1164        1        2
1958        1191        1        2
1958        1217        1        2
1958        1244        1        2
1958        1270        1        2
1958        1296        1        2
1958        1323        1        2
1958        1349        1        2
1958        1376        1        2
1958        1402        1        2
1958        1376        1        2
1958        1349        1        2
1958        1323        1        2
1958        1296        1        2
1984        1296        1        2
1984        1270        1        2
1984        1244        1        2
2011        1244        1        2
2011        1217        1        2
2011        1191        1        2
2011        1164        1        2
2037        1164        1        2
2037        1138        1        2
2037        1111        1        2
2064        1111        1        2
2064        1085        1        2
2064        1058        1        2
2090        1058        1        2
2090        1032        1        2
2117        1005        1        2
2117         979        1        2
2117         953        1        2
2143         926        1        2
2143         900        1        2
2143         873        1        2
2170         873        1        2
2170         847        1        2
2196         820        1        2
2196         794        1        2
2223         794        1        2
2223         767        1        2
2249         741        1        2
2275         714        1        2
2302         714        1        2
2328         688        1        2
2355         688        1        2
2381         688        1        2
2381         661        1        2
2408         661        1        2
2434         661        1        2
2461         661        1        2
2487         661        1        2
2514         661        1        2
2540         661        1        2
2540         688        1        2
2566         688        1        2
2566         714        1        2
2593         714        1        2
2566         714        1        2
2566         741        1        2
2566         767        1        2
2566         794        1        2
2540         794        1        2
2514         820        1        2
2487         847        1        2
2487         873        1        2
2461         873        1        2
2434         873        1        2
2434         900        1        2
2408         900        1        2
2434         873        1        2
2461         873        1        2
2461         847        1        2
2487         847        1        2
2514         820        1        2
2540         820        1        2
2566         820        1        2
2593         820        1        2
2619         820        1        2
2646         794        1        2
2672         794        1        2
2699         794        1        2
2725         820        1        2
2752         820        1        2
2778         820        1        2
2805         820        1        2
2831         820        1        2
2858         847        1        2
2884         847        1        2
2884         873        1        2
2910         873        1        2
2910         900        1        2
2937         900        1        2
2937         926        1        2
2963         953        1        2
2963         979        1        2
2963        1005        1        2
2990        1005        1        2
2990        1032        1        2
2990        1058        1        2
2990        1085        1        2
2990        1111        1        2
2990        1138        1        2
2990        1164        1        2
2990        1191        1        2
2963        1217        1        2
2963        1244        1        2
2963        1270        1        2
2963        1296        1        2
2937        1296        1        2
2937        1323        1        2
2910        1349        1        2
2884        1349        1        2
2884        1376        1        2
2858        1376        1        2
2858        1402        1        2
2831        1402        1        2
2805        1402        1        2
2805        1429        1        2
2778        1429        1        2
2752        1429        1        2
2725        1429        1        2
2699        1429        1        2
2672        1429        1        2
2646        1429        1        2
2619        1429        1        2
2593        1429        1        2
2566        1429        1        2
2540        1429        1        2
2514        1429        1        2
2487        1429        1        2
2461        1429        1        2
2434        1429        1        2
2408        1429        1        2
2381        1402        1        2
2355        1402        1        2
2328        1402        1        2
2302        1402        1        2
2275        1376        1        2
2249        1376        1        2
2196        1376        1        2
2170        1349        1        2
2143        1349        1        2
2117        1323        1        2
2090        1296        1        2
2064        1270        1        2
2037        1270        1        2
2011        1244        1        2
2011        1217        1        2
PEN_UP                  0
END_CHARACTER: NGN
