CHARACTER_NAME: XM
STROKE_COUNT: 4
  X           Y   STYLUS_STATE STROKE
PEN_DOWN
1455        1482        1        1
1429        1455        1        1
1455        1455        1        1
1455        1482        1        1
1455        1508        1        1
1455        1535        1        1
1455        1561        1        1
1455        1588        1        1
1482        1588        1        1
1482        1614        1        1
1482        1640        1        1
1482        1667        1        1
1455        1667        1        1
1455        1693        1        1
1455        1720        1        1
1429        1746        1        1
1402        1773        1        1
1402        1799        1        1
1376        1799        1        1
1376        1826        1        1
1349        1826        1        1
1323        1852        1        1
1296        1852        1        1
1270        1852        1        1
1244        1826        1        1
1217        1826        1        1
1217        1799        1        1
1191        1773        1        1
1217        1773        1        1
1217        1746        1        1
1244        1746        1        1
1244        1720        1        1
1270        1720        1        1
1296        1720        1        1
1323        1720        1        1
1349        1720        1        1
1376        1746        1        1
1402        1746        1        1
1429        1746        1        1
1455        1746        1        1
1455        1773        1        1
1482        1773        1        1
1508        1773        1        1
1535        1773        1        1
1561        1773        1        1
1561        1799        1        1
1588        1799        1        1
1614        1799        1        1
1614        1826        1        1
1640        1826        1        1
1640        1852        1        1
1667        1852        1        1
1667        1879        1        1
1693        1879        1        1
1693        1905        1        1
1693        1931        1        1
1693        1958        1        1
1693        1984        1        1
1693        2011        1        1
1693        2037        1        1
1693        2064        1        1
1693        2090        1        1
1667        2090        1        1
1667        2117        1        1
1667        2143        1        1
1640        2143        1        1
1640        2170        1        1
1614        2196        1        1
1614        2223        1        1
1588        2223        1        1
1588        2249        1        1
1561        2249        1        1
1561        2275        1        1
1535        2302        1        1
1508        2302        1        1
1508        2328        1        1
1482        2328        1        1
1482        2355        1        1
1455        2355        1        1
1455        2381        1        1
1429        2381        1        1
1402        2381        1        1
1402        2408        1        1
1376        2408        1        1
1349        2408        1        1
1323        2408        1        1
1323        2381        1        1
1323        2355        1        1
1349        2355        1        1
1349        2328        1        1
1376        2328        1        1
1402        2328        1        1
1402        2302        1        1
1429        2302        1        1
1455        2302        1        1
1482        2302        1        1
1508        2302        1        1
1535        2328        1        1
1561        2328        1        1
1588        2328        1        1
1614        2355        1        1
1640        2355        1        1
1640        2381        1        1
1667        2381        1        1
1693        2381        1        1
1720        2408        1        1
1746        2408        1        1
1746        2434        1        1
1773        2434        1        1
1799        2461        1        1
1826        2487        1        1
1852        2514        1        1
1852        2540        1        1
1879        2540        1        1
1879        2566        1        1
1905        2566        1        1
1905        2593        1        1
1931        2619        1        1
1958        2646        1        1
1958        2672        1        1
1984        2699        1        1
2011        2725        1        1
2011        2752        1        1
2037        2778        1        1
2037        2805        1        1
2037        2831        1        1
2064        2831        1        1
2064        2858        1        1
2064        2884        1        1
2064        2910        1        1
2090        2937        1        1
2117        2963        1        1
2117        2990        1        1
2117        3016        1        1
2117        3043        1        1
2117        3069        1        1
2143        3069        1        1
2117        3069        1        1
2117        3043        1        1
2117        3016        1        1
2117        2990        1        1
2117        2963        1        1
2117        2937        1        1
2117        2910        1        1
2090        2884        1        1
2090        2858        1        1
2090        2831        1        1
2090        2805        1        1
2090        2778        1        1
2090        2752        1        1
2090        2725        1        1
2090        2699        1        1
2090        2646        1        1
2090        2619        1        1
2090        2593        1        1
2090        2566        1        1
2090        2540        1        1
2090        2487        1        1
2090        2461        1        1
2090        2434        1        1
2090        2381        1        1
2090        2355        1        1
2090        2328        1        1
2090        2302        1        1
2090        2249        1        1
2090        2223        1        1
2090        2170        1        1
2090        2143        1        1
2090        2117        1        1
2090        2064        1        1
2090        2037        1        1
2090        2011        1        1
2090        1984        1        1
2090        1958        1        1
2090        1905        1        1
2090        1879        1        1
2090        1852        1        1
2090        1826        1        1
2090        1799        1        1
2090        1773        1        1
2090        1746        1        1
2090        1720        1        1
2090        1693        1        1
2090        1667        1        1
2090        1640        1        1
2090        1614        1        1
2090        1588        1        1
2090        1561        1        1
2090        1535        1        1
2090        1508        1        1
2090        1482        1        1
2090        1455        1        1
2064        1482        1        1
PEN_UP                  0
PEN_DOWN
1720        1561        1        2
1720        1535        1        2
1746        1535        1        2
1746        1508        1        2
1773        1482        1        2
1773        1508        1        2
1799        1508        1        2
1799        1535        1        2
1799        1561        1        2
1826        1588        1        2
1826        1614        1        2
1826        1640        1        2
1826        1667        1        2
1852        1667        1        2
1852        1693        1        2
1852        1720        1        2
1879        1720        1        2
1879        1746        1        2
1905        1773        1        2
1931        1773        1        2
1931        1799        1        2
1958        1799        1        2
1984        1799        1        2
2011        1799        1        2
2037        1799        1        2
2064        1799        1        2
2090        1799        1        2
2117        1826        1        2
2143        1826        1        2
2170        1826        1        2
2196        1826        1        2
2223        1852        1        2
2249        1852        1        2
2249        1879        1        2
2275        1879        1        2
2302        1905        1        2
2328        1931        1        2
2355        1958        1        2
2355        1984        1        2
2381        1984        1        2
2381        2011        1        2
2381        2037        1        2
2408        2064        1        2
2408        2090        1        2
2408        2117        1        2
2408        2143        1        2
2408        2196        1        2
2434        2223        1        2
2434        2249        1        2
2434        2275        1        2
2434        2302        1        2
2434        2328        1        2
2434        2355        1        2
2434        2381        1        2
2434        2408        1        2
2434        2434        1        2
2408        2434        1        2
2408        2408        1        2
PEN_UP                  0
PEN_DOWN
2090        2725        1        3
2090        2752        1        3
2090        2778        1        3
2090        2805        1        3
2090        2831        1        3
2117        2831        1        3
2117        2858        1        3
2117        2884        1        3
2117        2910        1        3
2117        2937        1        3
2117        2963        1        3
2117        2990        1        3
2117        3016        1        3
2117        3043        1        3
2117        3069        1        3
2090        3069        1        3
2090        3096        1        3
2064        3122        1        3
2064        3149        1        3
2037        3149        1        3
2037        3175        1        3
2011        3175        1        3
1984        3201        1        3
1958        3228        1        3
1931        3228        1        3
1931        3254        1        3
1905        3254        1        3
1879        3254        1        3
1879        3228        1        3
1852        3228        1        3
1852        3201        1        3
1826        3201        1        3
1826        3175        1        3
1826        3149        1        3
1826        3122        1        3
1826        3096        1        3
1826        3069        1        3
1826        3043        1        3
1852        3043        1        3
1852        3016        1        3
1879        3016        1        3
1879        2990        1        3
1905        2990        1        3
1905        2963        1        3
1931        2963        1        3
1931        2990        1        3
1958        2990        1        3
1984        2990        1        3
2011        2990        1        3
2037        2990        1        3
2064        2990        1        3
2064        3016        1        3
2090        3016        1        3
2117        3016        1        3
2143        3043        1        3
2170        3043        1        3
2196        3069        1        3
2223        3069        1        3
2249        3096        1        3
2275        3122        1        3
2302        3122        1        3
2328        3149        1        3
2355        3175        1        3
2381        3175        1        3
2381        3201        1        3
2408        3228        1        3
2434        3228        1        3
2434        3254        1        3
2461        3281        1        3
2487        3307        1        3
2514        3307        1        3
2514        3334        1        3
2540        3360        1        3
2566        3387        1        3
2593        3413        1        3
2619        3440        1        3
2619        3466        1        3
2646        3519        1        3
2672        3545        1        3
2672        3572        1        3
2699        3598        1        3
2699        3625        1        3
2725        3651        1        3
2725        3678        1        3
2752        3704        1        3
2752        3731        1        3
2778        3757        1        3
2778        3784        1        3
2805        3810        1        3
2805        3836        1        3
2805        3863        1        3
2831        3863        1        3
2831        3889        1        3
2831        3863        1        3
2831        3836        1        3
2831        3810        1        3
2831        3784        1        3
2831        3731        1        3
2831        3704        1        3
2805        3651        1        3
2805        3598        1        3
2805        3572        1        3
2805        3519        1        3
2805        3466        1        3
2805        3413        1        3
2805        3360        1        3
2805        3307        1        3
2778        3254        1        3
2778        3201        1        3
2778        3149        1        3
2778        3096        1        3
2778        3043        1        3
2778        2990        1        3
2778        2937        1        3
2778        2884        1        3
2778        2858        1        3
2778        2805        1        3
2778        2752        1        3
2778        2725        1        3
2778        2672        1        3
2778        2646        1        3
2778        2593        1        3
2778        2540        1        3
2778        2514        1        3
2778        2461        1        3
2778        2434        1        3
2778        2381        1        3
2778        2328        1        3
2778        2302        1        3
2778        2249        1        3
2778        2223        1        3
2778        2170        1        3
2778        2117        1        3
2778        2090        1        3
2778        2037        1        3
2778        2011        1        3
2778        1984        1        3
2805        1958        1        3
2805        1905        1        3
2805        1879        1        3
2805        1852        1        3
2778        1826        1        3
2778        1799        1        3
2778        1773        1        3
2778        1746        1        3
2778        1720        1        3
2778        1693        1        3
2778        1667        1        3
2805        1667        1        3
2805        1640        1        3
2805        1614        1        3
2805        1588        1        3
PEN_UP                  0
PEN_DOWN
1085        1455        1        4
1111        1455        1        4
1138        1455        1        4
1164        1455        1        4
1191        1455        1        4
1217        1482        1        4
1244        1482        1        4
1270        1482        1        4
1296        1482        1        4
1349        1482        1        4
1376        1482        1        4
1402        1482        1        4
1429        1482        1        4
1482        1482        1        4
1508        1482        1        4
1535        1482        1        4
1588        1508        1        4
1614        1482        1        4
1667        1508        1        4
1693        1508        1        4
1720        1508        1        4
1773        1508        1        4
1799        1508        1        4
1852        1508        1        4
1905        1508        1        4
1931        1508        1        4
1984        1508        1        4
2011        1508        1        4
2064        1508        1        4
2090        1508        1        4
2143        1508        1        4
2196        1508        1        4
2223        1508        1        4
2275        1508        1        4
2328        1508        1        4
2381        1508        1        4
2434        1508        1        4
2487        1508        1        4
2540        1508        1        4
2593        1508        1        4
2646        1508        1        4
2699        1508        1        4
2752        1508        1        4
2805        1508        1        4
2858        1508        1        4
2937        1508        1        4
2990        1508        1        4
3043        1535        1        4
3096        1535        1        4
3149        1535        1        4
3201        1535        1        4
3254        1535        1        4
3281        1535        1        4
3334        1535        1        4
3387        1535        1        4
3413        1535        1        4
3440        1535        1        4
3466        1508        1        4
3493        1508        1        4
3519        1508        1        4
3545        1508        1        4
3572        1535        1        4
3572        1508        1        4
3545        1535        1        4
PEN_UP                  0
END_CHARACTER: XM
