CHARACTER_NAME: NGJ
STROKE_COUNT: 3
  X           Y   STYLUS_STATE STROKE
PEN_DOWN
2302        1429        1        1
2328        1429        1        1
2328        1402        1        1
2302        1402        1        1
2302        1429        1        1
2275        1429        1        1
2249        1429        1        1
2223        1455        1        1
2196        1455        1        1
2196        1482        1        1
2170        1482        1        1
2170        1508        1        1
2143        1508        1        1
2117        1535        1        1
2090        1535        1        1
2090        1561        1        1
2064        1561        1        1
2037        1588        1        1
2011        1614        1        1
1984        1640        1        1
1958        1667        1        1
1931        1693        1        1
1905        1720        1        1
1879        1746        1        1
1879        1773        1        1
1852        1773        1        1
1852        1799        1        1
1826        1826        1        1
1826        1852        1        1
1799        1879        1        1
1799        1905        1        1
1799        1931        1        1
1799        1958        1        1
1773        1958        1        1
1773        1984        1        1
1773        2011        1        1
1799        2037        1        1
1799        2064        1        1
1799        2090        1        1
1826        2117        1        1
1826        2143        1        1
1852        2143        1        1
1852        2170        1        1
1879        2170        1        1
1905        2170        1        1
1931        2170        1        1
1958        2170        1        1
1984        2143        1        1
2011        2143        1        1
2037        2143        1        1
2064        2117        1        1
2090        2090        1        1
2117        2064        1        1
2143        2064        1        1
2143        2037        1        1
2170        2037        1        1
2196        2011        1        1
2223        1984        1        1
2249        1984        1        1
2275        1958        1        1
2302        1958        1        1
2302        1931        1        1
2328        1931        1        1
2355        1905        1        1
2381        1905        1        1
2381        1879        1        1
2408        1879        1        1
2434        1852        1        1
2461        1852        1        1
2487        1826        1        1
2514        1799        1        1
2540        1799        1        1
2540        1773        1        1
2566        1773        1        1
2566        1746        1        1
2593        1746        1        1
2619        1746        1        1
2619        1720        1        1
2646        1746        1        1
2672        1773        1        1
2672        1799        1        1
2699        1799        1        1
2699        1826        1        1
2725        1826        1        1
2725        1852        1        1
2725        1879        1        1
2725        1905        1        1
2725        1931        1        1
2725        1958        1        1
2725        1984        1        1
2725        2011        1        1
2725        2037        1        1
2725        2064        1        1
2699        2090        1        1
2699        2117        1        1
2699        2143        1        1
2672        2143        1        1
2672        2170        1        1
2672        2196        1        1
2646        2223        1        1
2646        2249        1        1
2619        2275        1        1
2593        2302        1        1
2566        2328        1        1
2540        2355        1        1
2514        2381        1        1
2487        2408        1        1
2461        2434        1        1
2434        2461        1        1
2408        2487        1        1
2381        2487        1        1
2355        2514        1        1
2328        2540        1        1
2275        2566        1        1
2249        2566        1        1
2223        2593        1        1
2170        2593        1        1
2143        2619        1        1
2117        2646        1        1
2090        2646        1        1
2064        2646        1        1
2037        2672        1        1
2011        2672        1        1
1984        2672        1        1
1958        2672        1        1
1958        2646        1        1
1931        2646        1        1
1931        2619        1        1
1958        2593        1        1
1958        2566        1        1
1984        2566        1        1
1984        2540        1        1
2011        2540        1        1
2011        2514        1        1
2037        2514        1        1
2064        2514        1        1
2090        2514        1        1
2117        2487        1        1
2143        2487        1        1
2170        2487        1        1
2196        2487        1        1
2249        2487        1        1
2275        2487        1        1
2302        2514        1        1
2328        2514        1        1
2381        2514        1        1
2408        2514        1        1
2434        2540        1        1
2461        2540        1        1
2514        2566        1        1
2540        2593        1        1
2566        2593        1        1
2593        2619        1        1
2619        2646        1        1
2646        2672        1        1
2672        2699        1        1
2699        2725        1        1
2725        2752        1        1
2778        2778        1        1
2805        2831        1        1
2831        2858        1        1
2858        2884        1        1
2884        2937        1        1
2910        2963        1        1
2937        3016        1        1
2963        3069        1        1
2990        3122        1        1
2990        3149        1        1
3016        3201        1        1
3043        3254        1        1
3069        3281        1        1
3069        3334        1        1
3096        3360        1        1
3096        3387        1        1
3122        3413        1        1
3122        3440        1        1
3149        3440        1        1
3149        3466        1        1
3122        3440        1        1
3122        3413        1        1
3096        3387        1        1
3096        3360        1        1
3069        3334        1        1
3043        3281        1        1
PEN_UP                  0
PEN_DOWN
1905         979        1        2
1905         953        1        2
1931         953        1        2
1931         979        1        2
1931        1005        1        2
1931         979        1        2
1931        1005        1        2
1905        1005        1        2
1905        1032        1        2
1879        1032        1        2
1879        1005        1        2
1879         979        1        2
1879         953        1        2
1905         953        1        2
1905         926        1        2
1931         926        1        2
1931         900        1        2
1958         900        1        2
1984         900        1        2
2011         900        1        2
2037         900        1        2
2064         900        1        2
2064         926        1        2
2090         926        1        2
2117         926        1        2
2117         953        1        2
2143         953        1        2
2143         979        1        2
2170        1005        1        2
2170        1032        1        2
2196        1058        1        2
2196        1085        1        2
2223        1111        1        2
2196        1138        1        2
2223        1138        1        2
2223        1164        1        2
2223        1191        1        2
2223        1217        1        2
2223        1244        1        2
2223        1270        1        2
2223        1296        1        2
2196        1296        1        2
2196        1323        1        2
2196        1349        1        2
2196        1376        1        2
2196        1402        1        2
2196        1429        1        2
2170        1429        1        2
2170        1455        1        2
2143        1455        1        2
2143        1482        1        2
2117        1482        1        2
2090        1508        1        2
2090        1482        1        2
2090        1455        1        2
PEN_UP                  0
PEN_DOWN
2223        1270        1        3
2223        1244        1        3
2249        1244        1        3
2249        1217        1        3
2249        1191        1        3
2249        1164        1        3
2275        1164        1        3
2275        1138        1        3
2302        1138        1        3
2302        1111        1        3
2328        1111        1        3
2328        1085        1        3
2355        1085        1        3
2355        1058        1        3
2381        1032        1        3
2408        1032        1        3
2434        1005        1        3
2461        1005        1        3
2487         979        1        3
2514         979        1        3
2540         979        1        3
2566         979        1        3
2593         953        1        3
2619         953        1        3
2646         953        1        3
2672         953        1        3
2699         953        1        3
2725         953        1        3
2752         926        1        3
2778         953        1        3
2805         953        1        3
2831         953        1        3
2858         979        1        3
2884         979        1        3
2884        1005        1        3
2910        1032        1        3
2910        1058        1        3
2884        1058        1        3
2884        1085        1        3
2858        1111        1        3
2831        1138        1        3
2805        1138        1        3
2805        1164        1        3
2778        1164        1        3
2752        1191        1        3
2725        1191        1        3
2699        1217        1        3
2672        1217        1        3
2699        1191        1        3
2725        1164        1        3
2752        1138        1        3
2778        1138        1        3
2805        1138        1        3
2831        1138        1        3
2858        1138        1        3
2884        1138        1        3
2910        1164        1        3
2937        1164        1        3
2963        1191        1        3
2990        1217        1        3
2990        1244        1        3
2990        1270        1        3
2990        1296        1        3
2990        1323        1        3
2990        1349        1        3
2963        1349        1        3
2963        1376        1        3
2937        1376        1        3
2937        1402        1        3
2910        1402        1        3
2910        1429        1        3
2884        1429        1        3
2858        1455        1        3
2831        1455        1        3
2805        1482        1        3
2778        1482        1        3
2752        1508        1        3
2725        1508        1        3
2699        1508        1        3
2672        1508        1        3
2646        1482        1        3
2619        1482        1        3
2593        1482        1        3
2566        1482        1        3
2540        1482        1        3
2514        1482        1        3
2487        1482        1        3
2487        1455        1        3
2461        1455        1        3
2434        1455        1        3
2408        1455        1        3
2381        1429        1        3
2355        1429        1        3
2328        1429        1        3
2328        1402        1        3
2302        1402        1        3
2275        1402        1        3
2249        1376        1        3
2223        1376        1        3
2223        1349        1        3
2223        1376        1        3
PEN_UP                  0
END_CHARACTER: NGJ
