CHARACTER_NAME: MNTH
STROKE_COUNT: 2
  X           Y   STYLUS_STATE STROKE
PEN_DOWN
2011        1614        1        1
2037        1614        1        1
2037        1640        1        1
2037        1667        1        1
2037        1693        1        1
2064        1693        1        1
2064        1720        1        1
2064        1746        1        1
2064        1773        1        1
2090        1773        1        1
2090        1799        1        1
2090        1826        1        1
2090        1852        1        1
2117        1852        1        1
2117        1879        1        1
2117        1905        1        1
2117        1931        1        1
2117        1958        1        1
2117        1984        1        1
2117        2011        1        1
2117        2037        1        1
2117        2064        1        1
2117        2090        1        1
2117        2117        1        1
2090        2143        1        1
2064        2170        1        1
2064        2196        1        1
2064        2223        1        1
2037        2249        1        1
2011        2275        1        1
2011        2302        1        1
1984        2328        1        1
1958        2355        1        1
1931        2381        1        1
1905        2408        1        1
1879        2434        1        1
1852        2461        1        1
1852        2487        1        1
1826        2514        1        1
1799        2514        1        1
1799        2540        1        1
1773        2566        1        1
1746        2593        1        1
1746        2619        1        1
1720        2646        1        1
1693        2646        1        1
1667        2672        1        1
1667        2699        1        1
1640        2725        1        1
1614        2752        1        1
1588        2778        1        1
1588        2831        1        1
1561        2858        1        1
1535        2884        1        1
1508        2910        1        1
1508        2937        1        1
1482        2963        1        1
1455        2990        1        1
1455        3016        1        1
1455        3043        1        1
1429        3069        1        1
1429        3096        1        1
1429        3122        1        1
1429        3149        1        1
1402        3175        1        1
1429        3201        1        1
1429        3228        1        1
1429        3254        1        1
1429        3281        1        1
1455        3281        1        1
1455        3307        1        1
1482        3307        1        1
1482        3334        1        1
1508        3334        1        1
1535        3334        1        1
1561        3334        1        1
1588        3334        1        1
1614        3334        1        1
1640        3307        1        1
1667        3307        1        1
1693        3281        1        1
1720        3281        1        1
1746        3281        1        1
1773        3281        1        1
1799        3254        1        1
1826        3254        1        1
1852        3254        1        1
1852        3228        1        1
1879        3228        1        1
1905        3228        1        1
1931        3201        1        1
1958        3201        1        1
1984        3175        1        1
2011        3175        1        1
2037        3149        1        1
2037        3122        1        1
2064        3122        1        1
2090        3096        1        1
2117        3096        1        1
2117        3069        1        1
2143        3069        1        1
2170        3043        1        1
2196        3016        1        1
2223        2990        1        1
2223        2963        1        1
2249        2937        1        1
2249        2910        1        1
2275        2910        1        1
2275        2884        1        1
2275        2858        1        1
2302        2831        1        1
2302        2805        1        1
2302        2778        1        1
2328        2778        1        1
2328        2752        1        1
2328        2725        1        1
2328        2699        1        1
2328        2672        1        1
2328        2646        1        1
2328        2619        1        1
2328        2593        1        1
2328        2566        1        1
2302        2540        1        1
2302        2514        1        1
2302        2487        1        1
2302        2461        1        1
2302        2434        1        1
2302        2408        1        1
2302        2381        1        1
2275        2381        1        1
2275        2355        1        1
2275        2328        1        1
2275        2302        1        1
2275        2275        1        1
2249        2249        1        1
2249        2223        1        1
2249        2196        1        1
2249        2170        1        1
2223        2143        1        1
2223        2117        1        1
2223        2090        1        1
2196        2064        1        1
2196        2037        1        1
2196        2011        1        1
2196        1984        1        1
2170        1958        1        1
2170        1931        1        1
2143        1931        1        1
2143        1905        1        1
2117        1879        1        1
2117        1852        1        1
2090        1852        1        1
2064        1826        1        1
2037        1799        1        1
2011        1773        1        1
1984        1773        1        1
1958        1746        1        1
1931        1746        1        1
1905        1720        1        1
1852        1693        1        1
1826        1693        1        1
1799        1667        1        1
1746        1640        1        1
1720        1614        1        1
1667        1588        1        1
1640        1561        1        1
1614        1535        1        1
1588        1508        1        1
1561        1482        1        1
1561        1455        1        1
1535        1429        1        1
1535        1402        1        1
1535        1349        1        1
1508        1323        1        1
1508        1296        1        1
1535        1270        1        1
1535        1244        1        1
1535        1217        1        1
1535        1191        1        1
1535        1164        1        1
1535        1138        1        1
1535        1111        1        1
1535        1085        1        1
1535        1058        1        1
1561        1058        1        1
1561        1032        1        1
1561        1005        1        1
1561         979        1        1
1561         953        1        1
1588         953        1        1
1561         953        1        1
1588         953        1        1
1588         926        1        1
1588         900        1        1
1614         900        1        1
1588         900        1        1
1614         900        1        1
PEN_UP                  0
PEN_DOWN
2143        1905        1        2
2143        1879        1        2
2117        1879        1        2
2117        1852        1        2
2090        1852        1        2
2064        1852        1        2
2064        1826        1        2
2037        1826        1        2
2037        1799        1        2
2011        1799        1        2
1984        1799        1        2
1984        1773        1        2
1958        1773        1        2
1931        1773        1        2
1905        1773        1        2
1879        1773        1        2
1852        1746        1        2
1826        1746        1        2
1799        1746        1        2
1773        1746        1        2
1746        1773        1        2
1720        1773        1        2
1693        1773        1        2
1667        1773        1        2
1640        1799        1        2
1614        1799        1        2
1588        1799        1        2
1561        1799        1        2
1535        1799        1        2
1508        1826        1        2
1482        1826        1        2
1455        1826        1        2
1455        1852        1        2
1429        1852        1        2
1402        1852        1        2
1376        1879        1        2
1349        1879        1        2
1323        1905        1        2
1296        1905        1        2
1296        1931        1        2
1270        1958        1        2
1244        1984        1        2
1244        2011        1        2
1244        2037        1        2
1217        2064        1        2
1217        2090        1        2
1217        2117        1        2
1217        2143        1        2
1217        2170        1        2
1244        2196        1        2
1244        2223        1        2
1244        2249        1        2
1270        2249        1        2
1296        2275        1        2
1323        2302        1        2
1349        2302        1        2
1376        2328        1        2
1402        2328        1        2
1429        2328        1        2
1455        2328        1        2
1482        2302        1        2
1508        2275        1        2
1535        2275        1        2
1535        2249        1        2
1561        2223        1        2
1561        2196        1        2
1561        2170        1        2
1535        2143        1        2
1535        2117        1        2
1535        2090        1        2
1508        2064        1        2
1482        2064        1        2
1455        2064        1        2
1429        2090        1        2
1402        2117        1        2
1402        2143        1        2
1429        2143        1        2
1455        2143        1        2
1482        2117        1        2
PEN_UP                  0
END_CHARACTER: MNTH
