CHARACTER_NAME: NGK
STROKE_COUNT: 3
  X           Y   STYLUS_STATE STROKE
PEN_DOWN
1720        1879        1        1
1720        1852        1        1
1720        1879        1        1
1746        1879        1        1
1746        1852        1        1
1746        1879        1        1
1773        1879        1        1
1746        1905        1        1
1746        1879        1        1
1773        1879        1        1
1773        1905        1        1
1746        1905        1        1
1746        1931        1        1
1746        1905        1        1
1746        1879        1        1
1746        1905        1        1
1773        1905        1        1
1773        1931        1        1
1746        1931        1        1
1746        1958        1        1
1720        1931        1        1
1746        1931        1        1
1746        1905        1        1
1746        1931        1        1
1720        1931        1        1
1720        1958        1        1
1693        1958        1        1
1693        1931        1        1
1720        1931        1        1
1720        1905        1        1
1720        1931        1        1
1720        1958        1        1
1693        1958        1        1
1693        1984        1        1
1693        1958        1        1
1667        1958        1        1
1667        1931        1        1
1667        1905        1        1
1693        1905        1        1
1693        1879        1        1
1720        1879        1        1
1720        1852        1        1
1746        1852        1        1
1746        1826        1        1
1773        1826        1        1
1799        1826        1        1
1799        1799        1        1
1826        1799        1        1
1852        1799        1        1
1879        1773        1        1
1905        1773        1        1
1931        1773        1        1
1958        1773        1        1
1958        1746        1        1
1984        1746        1        1
2011        1746        1        1
2037        1746        1        1
2064        1746        1        1
2090        1746        1        1
2090        1773        1        1
2117        1773        1        1
2143        1773        1        1
2170        1799        1        1
2196        1799        1        1
2223        1826        1        1
2249        1852        1        1
2275        1852        1        1
2275        1879        1        1
2302        1879        1        1
2302        1905        1        1
2328        1905        1        1
2328        1931        1        1
2328        1958        1        1
2328        1984        1        1
2355        1984        1        1
2355        2011        1        1
2355        2037        1        1
2355        2064        1        1
2355        2090        1        1
2381        2090        1        1
2355        2117        1        1
2381        2117        1        1
2381        2143        1        1
2381        2170        1        1
2381        2196        1        1
2381        2223        1        1
2381        2249        1        1
2381        2275        1        1
2381        2302        1        1
2381        2328        1        1
2381        2355        1        1
2381        2381        1        1
2381        2408        1        1
2381        2434        1        1
2381        2461        1        1
2381        2487        1        1
2381        2514        1        1
2381        2540        1        1
2381        2566        1        1
2381        2593        1        1
2381        2619        1        1
2381        2646        1        1
2381        2672        1        1
2381        2699        1        1
2381        2725        1        1
2408        2752        1        1
2381        2752        1        1
2381        2778        1        1
2381        2805        1        1
2381        2831        1        1
2381        2858        1        1
2381        2884        1        1
2381        2910        1        1
2381        2937        1        1
2381        2963        1        1
2381        2990        1        1
2381        3016        1        1
2381        3043        1        1
2381        3069        1        1
2381        3043        1        1
2381        3016        1        1
2381        2990        1        1
2381        2963        1        1
2381        2937        1        1
2381        2910        1        1
2381        2884        1        1
2381        2858        1        1
2381        2831        1        1
2381        2805        1        1
2381        2778        1        1
2381        2752        1        1
2381        2725        1        1
2381        2699        1        1
2381        2672        1        1
2381        2646        1        1
2408        2646        1        1
2408        2619        1        1
2408        2593        1        1
2408        2566        1        1
2381        2540        1        1
2408        2540        1        1
2408        2514        1        1
2408        2487        1        1
2408        2461        1        1
2408        2434        1        1
2408        2408        1        1
2408        2381        1        1
2408        2355        1        1
2408        2328        1        1
2408        2302        1        1
2408        2328        1        1
2381        2355        1        1
2355        2381        1        1
2328        2408        1        1
2302        2434        1        1
2275        2461        1        1
2249        2461        1        1
2249        2487        1        1
2223        2487        1        1
2196        2487        1        1
2170        2514        1        1
2143        2540        1        1
2117        2566        1        1
2090        2566        1        1
2064        2593        1        1
2037        2593        1        1
2011        2593        1        1
1984        2619        1        1
1958        2619        1        1
1958        2646        1        1
1931        2646        1        1
1905        2646        1        1
1905        2672        1        1
1879        2672        1        1
1905        2672        1        1
1931        2672        1        1
1958        2672        1        1
1984        2672        1        1
2011        2672        1        1
2037        2699        1        1
2064        2699        1        1
2090        2699        1        1
2090        2725        1        1
2117        2725        1        1
2143        2725        1        1
2143        2752        1        1
2170        2752        1        1
2170        2778        1        1
2196        2778        1        1
2196        2805        1        1
2223        2831        1        1
2249        2858        1        1
2275        2884        1        1
2275        2910        1        1
2302        2937        1        1
2328        2963        1        1
2328        2990        1        1
2355        2990        1        1
2355        3016        1        1
2355        3043        1        1
2381        3043        1        1
2381        3069        1        1
2408        3096        1        1
2408        3122        1        1
2434        3149        1        1
2434        3175        1        1
2434        3201        1        1
2461        3201        1        1
2461        3228        1        1
2461        3201        1        1
2434        3201        1        1
2434        3175        1        1
2434        3149        1        1
2434        3122        1        1
2434        3096        1        1
2434        3069        1        1
2408        3069        1        1
2408        3043        1        1
2408        3016        1        1
2408        2990        1        1
2408        2963        1        1
2408        2937        1        1
2434        2937        1        1
2434        2910        1        1
2434        2884        1        1
2434        2858        1        1
2434        2831        1        1
2434        2805        1        1
2434        2778        1        1
2434        2752        1        1
2434        2725        1        1
2434        2699        1        1
2434        2672        1        1
2434        2646        1        1
2434        2619        1        1
2434        2593        1        1
2461        2593        1        1
2461        2566        1        1
2461        2540        1        1
2487        2514        1        1
2487        2487        1        1
2487        2461        1        1
2487        2434        1        1
2487        2408        1        1
2514        2408        1        1
2514        2381        1        1
2514        2355        1        1
2540        2355        1        1
2540        2328        1        1
2566        2328        1        1
2593        2328        1        1
2619        2328        1        1
2646        2328        1        1
2672        2328        1        1
2699        2328        1        1
2725        2355        1        1
2752        2355        1        1
2778        2355        1        1
2778        2381        1        1
2805        2381        1        1
2805        2408        1        1
2831        2408        1        1
2831        2434        1        1
2858        2434        1        1
2858        2461        1        1
2858        2487        1        1
2884        2487        1        1
2884        2514        1        1
2884        2540        1        1
2884        2566        1        1
2884        2593        1        1
2884        2619        1        1
2858        2646        1        1
2831        2672        1        1
2805        2672        1        1
2805        2699        1        1
2778        2699        1        1
2778        2672        1        1
2752        2672        1        1
2725        2646        1        1
2725        2619        1        1
2752        2619        1        1
2752        2646        1        1
2752        2619        1        1
PEN_UP                  0
PEN_DOWN
2355        1693        1        2
2355        1667        1        2
2381        1667        1        2
2381        1693        1        2
2408        1693        1        2
2408        1720        1        2
2434        1720        1        2
2434        1746        1        2
2461        1746        1        2
2461        1773        1        2
2487        1773        1        2
2487        1799        1        2
2514        1799        1        2
2514        1826        1        2
2540        1826        1        2
2566        1826        1        2
2566        1852        1        2
2593        1852        1        2
2619        1852        1        2
2619        1879        1        2
2646        1879        1        2
2672        1879        1        2
2699        1879        1        2
2725        1879        1        2
2752        1879        1        2
2778        1879        1        2
2778        1852        1        2
2805        1852        1        2
2831        1852        1        2
2858        1826        1        2
2884        1799        1        2
2884        1773        1        2
2910        1773        1        2
2910        1746        1        2
2937        1720        1        2
2937        1693        1        2
2963        1693        1        2
2963        1667        1        2
2963        1640        1        2
2937        1640        1        2
2910        1640        1        2
PEN_UP                  0
PEN_DOWN
1588        1693        1        3
1561        1693        1        3
1535        1693        1        3
1561        1667        1        3
1588        1667        1        3
1614        1667        1        3
1640        1667        1        3
1667        1667        1        3
1693        1667        1        3
1720        1667        1        3
1773        1667        1        3
1799        1667        1        3
1826        1667        1        3
1852        1667        1        3
1879        1667        1        3
1931        1667        1        3
1958        1667        1        3
1984        1667        1        3
2037        1667        1        3
2064        1667        1        3
2090        1667        1        3
2117        1667        1        3
2170        1667        1        3
2196        1667        1        3
2249        1667        1        3
2275        1667        1        3
2328        1667        1        3
2355        1667        1        3
2408        1667        1        3
2434        1667        1        3
2487        1667        1        3
2514        1667        1        3
2566        1667        1        3
2619        1667        1        3
2646        1667        1        3
2699        1667        1        3
2752        1667        1        3
2778        1667        1        3
2831        1667        1        3
2884        1667        1        3
2937        1667        1        3
2990        1640        1        3
3016        1640        1        3
3069        1640        1        3
3122        1640        1        3
3175        1640        1        3
3201        1640        1        3
3254        1640        1        3
3281        1640        1        3
3334        1640        1        3
3387        1640        1        3
3413        1614        1        3
3466        1614        1        3
3493        1614        1        3
3545        1614        1        3
3572        1614        1        3
3598        1614        1        3
3625        1614        1        3
3651        1614        1        3
3678        1614        1        3
3651        1614        1        3
3625        1614        1        3
PEN_UP                  0
END_CHARACTER: NGK
