CHARACTER_NAME: KR
STROKE_COUNT: 3
  X           Y   STYLUS_STATE STROKE
PEN_DOWN
2170        1826        1        1
2170        1799        1        1
2170        1826        1        1
2196        1826        1        1
2196        1852        1        1
2196        1879        1        1
2170        1905        1        1
2143        1905        1        1
2143        1879        1        1
2117        1879        1        1
2117        1852        1        1
2143        1826        1        1
2170        1826        1        1
2170        1852        1        1
2196        1852        1        1
2196        1879        1        1
2170        1879        1        1
2170        1905        1        1
2143        1905        1        1
2143        1931        1        1
2143        1905        1        1
2143        1879        1        1
2143        1852        1        1
2170        1852        1        1
2170        1826        1        1
2170        1852        1        1
2196        1852        1        1
2196        1879        1        1
2170        1879        1        1
2170        1905        1        1
2170        1879        1        1
2196        1879        1        1
2196        1905        1        1
2196        1931        1        1
2170        1931        1        1
2170        1905        1        1
2143        1905        1        1
2143        1879        1        1
2170        1879        1        1
2143        1879        1        1
2143        1852        1        1
2143        1826        1        1
2170        1826        1        1
2170        1799        1        1
2170        1773        1        1
2196        1773        1        1
2196        1746        1        1
2223        1746        1        1
2223        1720        1        1
2249        1720        1        1
2249        1693        1        1
2275        1693        1        1
2302        1667        1        1
2328        1667        1        1
2355        1667        1        1
2381        1667        1        1
2381        1640        1        1
2408        1640        1        1
2434        1640        1        1
2461        1640        1        1
2487        1640        1        1
2487        1614        1        1
2514        1614        1        1
2540        1614        1        1
2566        1614        1        1
2593        1614        1        1
2593        1588        1        1
2619        1588        1        1
2593        1614        1        1
2619        1614        1        1
2646        1640        1        1
2672        1640        1        1
2672        1667        1        1
2699        1667        1        1
2699        1693        1        1
2699        1720        1        1
2725        1720        1        1
2725        1746        1        1
2725        1773        1        1
2725        1799        1        1
2752        1799        1        1
2725        1799        1        1
2725        1826        1        1
2725        1852        1        1
2725        1879        1        1
2725        1905        1        1
2699        1931        1        1
2699        1958        1        1
2699        1984        1        1
2699        2011        1        1
2699        2037        1        1
2699        2064        1        1
2699        2090        1        1
2699        2117        1        1
2672        2117        1        1
2672        2143        1        1
2672        2170        1        1
2672        2196        1        1
2672        2223        1        1
2672        2249        1        1
2672        2275        1        1
2672        2302        1        1
2672        2328        1        1
2672        2355        1        1
2646        2381        1        1
2646        2408        1        1
2646        2434        1        1
2646        2461        1        1
2646        2487        1        1
2646        2514        1        1
2646        2540        1        1
2646        2566        1        1
2646        2593        1        1
2619        2593        1        1
2619        2619        1        1
2619        2646        1        1
2619        2672        1        1
2619        2699        1        1
2619        2725        1        1
2619        2752        1        1
2619        2778        1        1
2619        2805        1        1
2619        2831        1        1
2619        2858        1        1
2593        2884        1        1
2593        2910        1        1
2593        2937        1        1
2593        2963        1        1
2593        2990        1        1
2593        3016        1        1
2593        3043        1        1
2593        3069        1        1
2593        3096        1        1
2593        3122        1        1
2593        3149        1        1
2593        3122        1        1
2593        3096        1        1
2593        3069        1        1
2593        3043        1        1
2593        3016        1        1
2593        2990        1        1
2593        2963        1        1
2593        2937        1        1
2593        2910        1        1
2593        2884        1        1
2593        2858        1        1
2593        2831        1        1
2593        2805        1        1
2593        2778        1        1
2593        2752        1        1
2593        2725        1        1
2566        2725        1        1
2566        2699        1        1
2566        2672        1        1
2540        2672        1        1
2540        2646        1        1
2514        2646        1        1
2514        2619        1        1
2487        2619        1        1
2461        2619        1        1
2434        2619        1        1
2408        2619        1        1
2381        2619        1        1
2355        2619        1        1
2328        2619        1        1
2302        2619        1        1
2275        2646        1        1
2249        2646        1        1
2223        2646        1        1
2196        2672        1        1
2170        2672        1        1
2170        2699        1        1
2143        2699        1        1
2117        2699        1        1
2117        2725        1        1
2090        2725        1        1
2064        2725        1        1
2037        2752        1        1
2011        2778        1        1
1984        2778        1        1
1958        2778        1        1
1931        2805        1        1
1905        2805        1        1
1879        2805        1        1
1852        2805        1        1
1826        2805        1        1
1799        2778        1        1
1773        2778        1        1
1746        2778        1        1
1720        2752        1        1
1693        2752        1        1
1667        2725        1        1
1640        2699        1        1
1614        2672        1        1
1588        2646        1        1
1561        2619        1        1
1535        2593        1        1
1535        2566        1        1
1508        2540        1        1
1508        2514        1        1
1508        2487        1        1
1482        2461        1        1
1482        2408        1        1
1482        2381        1        1
1482        2355        1        1
1482        2328        1        1
1508        2302        1        1
1508        2275        1        1
1508        2249        1        1
1508        2223        1        1
1535        2196        1        1
1535        2170        1        1
1535        2196        1        1
1561        2196        1        1
PEN_UP                  0
PEN_DOWN
2699        2355        1        2
2699        2328        1        2
2725        2302        1        2
2725        2275        1        2
2752        2275        1        2
2752        2249        1        2
2752        2223        1        2
2778        2196        1        2
2778        2170        1        2
2805        2143        1        2
2805        2117        1        2
2831        2090        1        2
2858        2064        1        2
2858        2037        1        2
2884        2037        1        2
2884        2011        1        2
2910        2011        1        2
2910        1984        1        2
2937        1984        1        2
2937        1958        1        2
2963        1958        1        2
2990        1931        1        2
3016        1931        1        2
3043        1931        1        2
3069        1931        1        2
3096        1931        1        2
3122        1931        1        2
3149        1931        1        2
3149        1958        1        2
3175        1958        1        2
3201        1984        1        2
3201        2011        1        2
3228        2037        1        2
3228        2064        1        2
3228        2090        1        2
3254        2090        1        2
3254        2117        1        2
3254        2143        1        2
3254        2170        1        2
3254        2196        1        2
3254        2223        1        2
3228        2249        1        2
3228        2275        1        2
3228        2302        1        2
3201        2328        1        2
3201        2355        1        2
3175        2381        1        2
3149        2408        1        2
3122        2434        1        2
3096        2434        1        2
3069        2434        1        2
3069        2408        1        2
3043        2381        1        2
3043        2355        1        2
3043        2328        1        2
3043        2302        1        2
3069        2302        1        2
3069        2275        1        2
3069        2302        1        2
3096        2302        1        2
3122        2328        1        2
3122        2355        1        2
3149        2355        1        2
3149        2381        1        2
3149        2408        1        2
3122        2381        1        2
PEN_UP                  0
PEN_DOWN
2143        1429        1        3
2170        1429        1        3
2196        1429        1        3
2223        1429        1        3
2249        1429        1        3
2275        1429        1        3
2302        1429        1        3
2328        1429        1        3
2355        1429        1        3
2381        1429        1        3
2408        1429        1        3
2434        1429        1        3
2461        1429        1        3
2514        1429        1        3
2540        1429        1        3
2593        1429        1        3
2619        1429        1        3
2672        1429        1        3
2699        1429        1        3
2752        1429        1        3
2778        1429        1        3
2831        1429        1        3
2884        1429        1        3
2910        1429        1        3
2963        1429        1        3
2990        1429        1        3
3043        1429        1        3
3069        1429        1        3
3096        1429        1        3
3122        1429        1        3
3149        1429        1        3
3175        1429        1        3
3201        1429        1        3
3228        1429        1        3
3254        1429        1        3
3281        1429        1        3
3307        1429        1        3
PEN_UP                  0
END_CHARACTER: KR
