CHARACTER_NAME: TRU
STROKE_COUNT: 3
  X           Y   STYLUS_STATE STROKE
PEN_DOWN
1561        1614        1        1
1561        1588        1        1
1588        1588        1        1
1614        1588        1        1
1640        1588        1        1
1667        1561        1        1
1693        1561        1        1
1720        1561        1        1
1746        1561        1        1
1773        1561        1        1
1799        1561        1        1
1826        1561        1        1
1852        1561        1        1
1879        1561        1        1
1905        1561        1        1
1931        1561        1        1
1958        1561        1        1
1984        1535        1        1
2011        1535        1        1
2037        1535        1        1
2064        1535        1        1
2090        1535        1        1
2117        1535        1        1
2143        1535        1        1
2170        1535        1        1
2196        1535        1        1
2223        1535        1        1
2249        1535        1        1
2275        1535        1        1
2328        1535        1        1
2355        1508        1        1
2381        1508        1        1
2408        1508        1        1
2434        1508        1        1
2461        1508        1        1
2514        1508        1        1
2540        1508        1        1
2566        1508        1        1
2593        1508        1        1
2646        1508        1        1
2672        1508        1        1
2725        1508        1        1
2752        1508        1        1
2805        1508        1        1
2831        1508        1        1
2884        1508        1        1
2910        1482        1        1
2937        1482        1        1
2990        1482        1        1
3016        1482        1        1
3043        1482        1        1
3069        1482        1        1
3096        1482        1        1
3122        1482        1        1
3096        1482        1        1
PEN_UP                  0
PEN_DOWN
2117        1852        1        2
2117        1826        1        2
2143        1826        1        2
2143        1799        1        2
2143        1826        1        2
2143        1852        1        2
2170        1852        1        2
2170        1826        1        2
2196        1826        1        2
2223        1826        1        2
2223        1852        1        2
2223        1879        1        2
2196        1905        1        2
2196        1931        1        2
2170        1931        1        2
2143        1931        1        2
2143        1905        1        2
2170        1879        1        2
2170        1852        1        2
2196        1852        1        2
2223        1852        1        2
2223        1879        1        2
2223        1905        1        2
2196        1931        1        2
2170        1931        1        2
2170        1905        1        2
2170        1931        1        2
2196        1931        1        2
2170        1931        1        2
2170        1958        1        2
2143        1958        1        2
2143        1931        1        2
2117        1931        1        2
2117        1905        1        2
2090        1905        1        2
2090        1879        1        2
2090        1852        1        2
2090        1826        1        2
2090        1799        1        2
2090        1773        1        2
2090        1746        1        2
2117        1746        1        2
2117        1720        1        2
2143        1720        1        2
2143        1693        1        2
2170        1693        1        2
2170        1667        1        2
2196        1667        1        2
2223        1667        1        2
2249        1667        1        2
2249        1640        1        2
2275        1640        1        2
2302        1640        1        2
2328        1640        1        2
2355        1640        1        2
2381        1640        1        2
2408        1640        1        2
2434        1640        1        2
2461        1640        1        2
2487        1640        1        2
2514        1640        1        2
2514        1667        1        2
2540        1667        1        2
2540        1693        1        2
2540        1720        1        2
2566        1746        1        2
2540        1746        1        2
2540        1773        1        2
2540        1799        1        2
2540        1826        1        2
2540        1852        1        2
2540        1879        1        2
2540        1905        1        2
2540        1931        1        2
2540        1958        1        2
2540        1984        1        2
2540        2011        1        2
2540        2037        1        2
2540        2064        1        2
2540        2090        1        2
2540        2117        1        2
2514        2143        1        2
2514        2170        1        2
2514        2196        1        2
2514        2223        1        2
2514        2249        1        2
2514        2275        1        2
2514        2302        1        2
2514        2328        1        2
2514        2355        1        2
2487        2381        1        2
2514        2408        1        2
2487        2434        1        2
2487        2461        1        2
2487        2487        1        2
2487        2514        1        2
2487        2540        1        2
2487        2566        1        2
2487        2593        1        2
2487        2619        1        2
2487        2646        1        2
2487        2672        1        2
2461        2699        1        2
2461        2725        1        2
2461        2752        1        2
2461        2778        1        2
2461        2805        1        2
2461        2831        1        2
2461        2858        1        2
2461        2884        1        2
2461        2910        1        2
2461        2937        1        2
2434        2937        1        2
2434        2963        1        2
2434        2937        1        2
2434        2910        1        2
2434        2884        1        2
2434        2858        1        2
2434        2831        1        2
2434        2805        1        2
2461        2778        1        2
2434        2752        1        2
2434        2725        1        2
2434        2699        1        2
2434        2672        1        2
2434        2646        1        2
2434        2619        1        2
2434        2593        1        2
2408        2593        1        2
2408        2566        1        2
2408        2540        1        2
2381        2540        1        2
2381        2514        1        2
2355        2514        1        2
2328        2514        1        2
2302        2514        1        2
2275        2514        1        2
2249        2514        1        2
2223        2540        1        2
2196        2540        1        2
2170        2566        1        2
2143        2566        1        2
2143        2593        1        2
2117        2593        1        2
2117        2619        1        2
2090        2646        1        2
2064        2672        1        2
2037        2699        1        2
2011        2725        1        2
1984        2752        1        2
1958        2778        1        2
1931        2778        1        2
1905        2805        1        2
1879        2805        1        2
1879        2831        1        2
1852        2831        1        2
1826        2831        1        2
1826        2858        1        2
1799        2858        1        2
1773        2858        1        2
1746        2858        1        2
1720        2858        1        2
1693        2858        1        2
1667        2858        1        2
1640        2831        1        2
1614        2831        1        2
1588        2831        1        2
1561        2831        1        2
1535        2805        1        2
1508        2805        1        2
1482        2778        1        2
1482        2752        1        2
1455        2752        1        2
1429        2725        1        2
1429        2699        1        2
1402        2672        1        2
1402        2646        1        2
1376        2619        1        2
1376        2593        1        2
1376        2540        1        2
1376        2514        1        2
1376        2487        1        2
1402        2461        1        2
1402        2434        1        2
1402        2408        1        2
1402        2381        1        2
1429        2381        1        2
1429        2355        1        2
1455        2355        1        2
PEN_UP                  0
PEN_DOWN
2487        2249        1        3
2487        2223        1        3
2487        2196        1        3
2514        2196        1        3
2514        2170        1        3
2540        2170        1        3
2540        2143        1        3
2540        2117        1        3
2566        2143        1        3
2566        2170        1        3
2566        2196        1        3
2593        2223        1        3
2593        2249        1        3
2593        2275        1        3
2593        2302        1        3
2593        2328        1        3
2593        2355        1        3
2619        2381        1        3
2619        2408        1        3
2619        2434        1        3
2619        2461        1        3
2646        2487        1        3
2646        2514        1        3
2672        2540        1        3
2672        2566        1        3
2699        2593        1        3
2725        2593        1        3
2752        2593        1        3
2778        2619        1        3
2805        2619        1        3
2831        2619        1        3
2858        2619        1        3
2884        2619        1        3
2910        2619        1        3
2937        2593        1        3
2963        2593        1        3
2990        2593        1        3
3016        2566        1        3
3043        2566        1        3
3069        2566        1        3
3069        2540        1        3
3096        2540        1        3
3122        2514        1        3
3149        2487        1        3
3175        2461        1        3
3201        2434        1        3
3201        2408        1        3
3228        2381        1        3
3228        2355        1        3
3254        2328        1        3
3254        2302        1        3
3254        2275        1        3
3281        2223        1        3
3281        2196        1        3
3281        2170        1        3
3281        2143        1        3
3254        2117        1        3
3254        2090        1        3
3254        2064        1        3
3254        2037        1        3
3254        2011        1        3
3254        1984        1        3
3254        1958        1        3
3228        1958        1        3
3228        1931        1        3
3228        1905        1        3
3201        1879        1        3
3201        1852        1        3
3201        1826        1        3
3175        1826        1        3
3149        1826        1        3
3122        1826        1        3
3122        1852        1        3
3096        1852        1        3
3096        1879        1        3
3069        1879        1        3
3069        1905        1        3
3069        1931        1        3
3069        1958        1        3
3096        1984        1        3
3122        2011        1        3
3149        2037        1        3
3175        2037        1        3
3175        2011        1        3
3201        2011        1        3
3228        1984        1        3
3254        1958        1        3
3228        1958        1        3
3201        1958        1        3
PEN_UP                  0
END_CHARACTER: TRU
