CHARACTER_NAME: BHR
STROKE_COUNT: 2
  X           Y   STYLUS_STATE STROKE
PEN_DOWN
1852        1826        1        1
1852        1799        1        1
1879        1799        1        1
1905        1799        1        1
1879        1826        1        1
1852        1852        1        1
1826        1852        1        1
1826        1879        1        1
1826        1852        1        1
1799        1852        1        1
1826        1826        1        1
1826        1799        1        1
1852        1799        1        1
1852        1773        1        1
1879        1773        1        1
1905        1746        1        1
1905        1773        1        1
1931        1773        1        1
1905        1799        1        1
1905        1826        1        1
1879        1826        1        1
1879        1852        1        1
1852        1852        1        1
1852        1826        1        1
1852        1799        1        1
1879        1799        1        1
1879        1773        1        1
1905        1773        1        1
1905        1799        1        1
1905        1826        1        1
1879        1826        1        1
1879        1799        1        1
1879        1773        1        1
1905        1746        1        1
1931        1746        1        1
1931        1773        1        1
1931        1799        1        1
1905        1799        1        1
1905        1826        1        1
1879        1799        1        1
1852        1799        1        1
1852        1773        1        1
1852        1746        1        1
1852        1720        1        1
1879        1720        1        1
1905        1720        1        1
1905        1746        1        1
1931        1773        1        1
1905        1773        1        1
1905        1799        1        1
1879        1799        1        1
1852        1799        1        1
1852        1773        1        1
1826        1773        1        1
1826        1746        1        1
1826        1720        1        1
1852        1693        1        1
1879        1693        1        1
1879        1720        1        1
1905        1720        1        1
1905        1746        1        1
1931        1746        1        1
1931        1773        1        1
1905        1799        1        1
1879        1799        1        1
1852        1799        1        1
1826        1799        1        1
1826        1773        1        1
1826        1746        1        1
1826        1720        1        1
1852        1720        1        1
1852        1693        1        1
1879        1720        1        1
1905        1746        1        1
1905        1773        1        1
1879        1773        1        1
1879        1799        1        1
1879        1773        1        1
1852        1773        1        1
1852        1746        1        1
1852        1720        1        1
1879        1720        1        1
1879        1693        1        1
1905        1693        1        1
1879        1693        1        1
1852        1693        1        1
1852        1720        1        1
1826        1746        1        1
1799        1773        1        1
1799        1799        1        1
1773        1826        1        1
1773        1852        1        1
1773        1879        1        1
1773        1905        1        1
1773        1931        1        1
1799        1931        1        1
1799        1958        1        1
1826        1984        1        1
1826        2011        1        1
1852        2011        1        1
1879        2037        1        1
1905        2037        1        1
1905        2064        1        1
1931        2064        1        1
1958        2064        1        1
1984        2037        1        1
2011        2037        1        1
2037        2037        1        1
2064        2037        1        1
2064        2011        1        1
2090        2011        1        1
2117        2011        1        1
2143        1984        1        1
2170        1958        1        1
2196        1958        1        1
2196        1931        1        1
2223        1931        1        1
2223        1905        1        1
2249        1905        1        1
2249        1879        1        1
2275        1879        1        1
2275        1852        1        1
2302        1826        1        1
2328        1799        1        1
2328        1773        1        1
2355        1773        1        1
2355        1746        1        1
2381        1720        1        1
2381        1693        1        1
2381        1667        1        1
2408        1640        1        1
2408        1614        1        1
2408        1588        1        1
2408        1561        1        1
2408        1535        1        1
2408        1561        1        1
2434        1588        1        1
2461        1614        1        1
2487        1640        1        1
2514        1640        1        1
2514        1667        1        1
2540        1667        1        1
2566        1667        1        1
2593        1667        1        1
2619        1667        1        1
2646        1667        1        1
2672        1667        1        1
2699        1667        1        1
2725        1667        1        1
2752        1640        1        1
2778        1640        1        1
2805        1640        1        1
2831        1640        1        1
2831        1614        1        1
2831        1640        1        1
2805        1640        1        1
2805        1667        1        1
2778        1667        1        1
2778        1693        1        1
2778        1720        1        1
2752        1720        1        1
2752        1746        1        1
2752        1773        1        1
2752        1799        1        1
2725        1826        1        1
2725        1852        1        1
2725        1879        1        1
2725        1905        1        1
2725        1931        1        1
2725        1958        1        1
2725        1984        1        1
2725        2037        1        1
2725        2064        1        1
2725        2090        1        1
2725        2117        1        1
2725        2143        1        1
2725        2170        1        1
2725        2196        1        1
2725        2223        1        1
2725        2249        1        1
2752        2275        1        1
2752        2302        1        1
2752        2328        1        1
2752        2355        1        1
2752        2381        1        1
2752        2434        1        1
2752        2461        1        1
2752        2487        1        1
2778        2514        1        1
2778        2540        1        1
2778        2566        1        1
2778        2593        1        1
2778        2619        1        1
2778        2646        1        1
2778        2672        1        1
2752        2699        1        1
2778        2725        1        1
2778        2752        1        1
2778        2778        1        1
2778        2805        1        1
2752        2805        1        1
2752        2831        1        1
2752        2858        1        1
2752        2884        1        1
2752        2910        1        1
2752        2937        1        1
2752        2963        1        1
2752        2937        1        1
2752        2910        1        1
2752        2884        1        1
2752        2858        1        1
2725        2858        1        1
2725        2831        1        1
2725        2805        1        1
2725        2778        1        1
2725        2752        1        1
2725        2725        1        1
2699        2725        1        1
2699        2699        1        1
2672        2672        1        1
2646        2646        1        1
2619        2646        1        1
2593        2646        1        1
2566        2646        1        1
2540        2646        1        1
2514        2646        1        1
2514        2672        1        1
2487        2672        1        1
2461        2672        1        1
2461        2699        1        1
2434        2699        1        1
2408        2699        1        1
2408        2725        1        1
2381        2725        1        1
2381        2752        1        1
2355        2752        1        1
2328        2778        1        1
2328        2805        1        1
2302        2805        1        1
2275        2831        1        1
2275        2858        1        1
2249        2858        1        1
2223        2884        1        1
2223        2910        1        1
2196        2910        1        1
2170        2937        1        1
2143        2963        1        1
2117        2990        1        1
2090        2990        1        1
2064        2990        1        1
2037        3016        1        1
2011        3016        1        1
1984        3043        1        1
1958        3043        1        1
1905        3043        1        1
1879        3069        1        1
1852        3069        1        1
1799        3069        1        1
1773        3069        1        1
1720        3069        1        1
1693        3069        1        1
1640        3043        1        1
1614        3043        1        1
1561        3043        1        1
1535        3016        1        1
1508        3016        1        1
1455        2990        1        1
1429        2963        1        1
1402        2937        1        1
1376        2910        1        1
1349        2884        1        1
1323        2858        1        1
1296        2805        1        1
1296        2778        1        1
1270        2752        1        1
1270        2699        1        1
1244        2672        1        1
1244        2646        1        1
1244        2593        1        1
1217        2566        1        1
1217        2540        1        1
1217        2487        1        1
1244        2461        1        1
1244        2434        1        1
1244        2408        1        1
1244        2381        1        1
1270        2355        1        1
1270        2328        1        1
1296        2328        1        1
1296        2355        1        1
1323        2355        1        1
1349        2381        1        1
1376        2381        1        1
1376        2408        1        1
PEN_UP                  0
PEN_DOWN
2090        1191        1        2
2064        1191        1        2
2090        1191        1        2
2117        1191        1        2
2143        1191        1        2
2170        1191        1        2
2196        1191        1        2
2223        1191        1        2
2249        1191        1        2
2302        1191        1        2
2328        1191        1        2
2381        1191        1        2
2434        1191        1        2
2487        1191        1        2
2540        1164        1        2
2593        1164        1        2
2646        1164        1        2
2699        1164        1        2
2778        1164        1        2
2831        1164        1        2
2910        1164        1        2
2963        1164        1        2
3016        1164        1        2
3069        1164        1        2
3122        1138        1        2
3149        1138        1        2
3201        1138        1        2
3228        1138        1        2
3254        1138        1        2
3281        1138        1        2
3307        1138        1        2
3334        1138        1        2
3360        1138        1        2
3334        1138        1        2
PEN_UP                  0
END_CHARACTER: BHR
