CHARACTER_NAME: THB
STROKE_COUNT: 2
  X           Y   STYLUS_STATE STROKE
PEN_DOWN
1217        1693        1        1
1191        1693        1        1
1191        1667        1        1
1217        1667        1        1
1217        1640        1        1
1244        1640        1        1
1244        1614        1        1
1270        1614        1        1
1296        1640        1        1
1270        1640        1        1
1270        1667        1        1
1244        1693        1        1
1217        1693        1        1
1217        1720        1        1
1191        1720        1        1
1164        1720        1        1
1164        1693        1        1
1164        1667        1        1
1164        1640        1        1
1191        1640        1        1
1191        1614        1        1
1217        1614        1        1
1244        1614        1        1
1244        1640        1        1
1244        1667        1        1
1244        1640        1        1
1244        1614        1        1
1270        1614        1        1
1270        1588        1        1
1296        1588        1        1
1296        1614        1        1
1323        1640        1        1
1296        1640        1        1
1296        1667        1        1
1270        1667        1        1
1270        1640        1        1
1270        1614        1        1
1296        1588        1        1
1323        1588        1        1
1323        1614        1        1
1323        1640        1        1
1296        1640        1        1
1270        1640        1        1
1244        1640        1        1
1244        1614        1        1
1244        1588        1        1
1270        1561        1        1
1296        1535        1        1
1323        1508        1        1
1349        1508        1        1
1349        1482        1        1
1376        1482        1        1
1402        1455        1        1
1429        1455        1        1
1455        1455        1        1
1482        1429        1        1
1508        1429        1        1
1535        1429        1        1
1561        1429        1        1
1588        1429        1        1
1614        1429        1        1
1640        1429        1        1
1667        1429        1        1
1693        1429        1        1
1720        1429        1        1
1746        1429        1        1
1746        1455        1        1
1773        1455        1        1
1799        1455        1        1
1799        1482        1        1
1826        1482        1        1
1826        1508        1        1
1852        1508        1        1
1852        1535        1        1
1879        1535        1        1
1879        1561        1        1
1879        1588        1        1
1852        1588        1        1
1852        1614        1        1
1852        1640        1        1
1826        1667        1        1
1799        1693        1        1
1773        1720        1        1
1773        1746        1        1
1746        1746        1        1
1746        1773        1        1
1720        1773        1        1
1693        1799        1        1
1667        1799        1        1
1667        1826        1        1
1640        1826        1        1
1614        1826        1        1
1614        1852        1        1
1588        1852        1        1
1561        1852        1        1
1535        1879        1        1
1508        1879        1        1
1482        1879        1        1
1455        1905        1        1
1429        1905        1        1
1402        1905        1        1
1376        1931        1        1
1349        1931        1        1
1323        1931        1        1
1296        1931        1        1
1270        1958        1        1
1217        1958        1        1
1191        1958        1        1
1164        1958        1        1
1138        1958        1        1
1111        1984        1        1
1085        1984        1        1
1111        1984        1        1
1138        1984        1        1
1164        1984        1        1
1191        1984        1        1
1191        1958        1        1
1217        1984        1        1
1244        1984        1        1
1270        1984        1        1
1296        1984        1        1
1323        1984        1        1
1349        1984        1        1
1376        2011        1        1
1402        2011        1        1
1429        2011        1        1
1455        2011        1        1
1482        2037        1        1
1508        2037        1        1
1535        2037        1        1
1561        2064        1        1
1588        2064        1        1
1640        2090        1        1
1667        2090        1        1
1693        2117        1        1
1720        2117        1        1
1746        2143        1        1
1773        2143        1        1
1799        2170        1        1
1826        2170        1        1
1852        2196        1        1
1879        2196        1        1
1879        2223        1        1
1905        2249        1        1
1931        2275        1        1
1958        2275        1        1
1984        2302        1        1
2011        2328        1        1
2011        2355        1        1
2037        2381        1        1
2064        2408        1        1
2090        2434        1        1
2117        2434        1        1
2117        2461        1        1
2143        2487        1        1
2170        2514        1        1
2196        2540        1        1
2196        2566        1        1
2223        2593        1        1
2249        2619        1        1
2249        2646        1        1
2275        2672        1        1
2275        2699        1        1
2302        2725        1        1
2328        2752        1        1
2355        2778        1        1
2355        2805        1        1
2355        2831        1        1
2381        2831        1        1
2381        2858        1        1
2381        2831        1        1
2355        2805        1        1
2355        2778        1        1
2355        2752        1        1
2328        2725        1        1
2328        2699        1        1
2328        2672        1        1
2328        2646        1        1
2328        2619        1        1
2302        2593        1        1
2302        2566        1        1
2302        2540        1        1
2302        2514        1        1
2302        2461        1        1
2302        2434        1        1
2302        2408        1        1
2302        2381        1        1
2275        2355        1        1
2275        2328        1        1
2275        2302        1        1
2275        2249        1        1
2275        2223        1        1
2275        2196        1        1
2275        2143        1        1
2275        2117        1        1
2275        2064        1        1
2275        2037        1        1
2275        2011        1        1
2275        1958        1        1
2275        1931        1        1
2275        1905        1        1
2275        1879        1        1
2275        1852        1        1
2249        1826        1        1
2249        1799        1        1
2249        1773        1        1
2249        1746        1        1
2249        1720        1        1
2249        1693        1        1
2249        1667        1        1
2249        1640        1        1
2249        1614        1        1
2249        1588        1        1
2249        1561        1        1
2249        1535        1        1
2249        1508        1        1
2249        1482        1        1
2249        1455        1        1
2249        1429        1        1
2249        1402        1        1
2249        1376        1        1
2249        1349        1        1
2223        1349        1        1
2249        1349        1        1
2275        1349        1        1
2302        1349        1        1
2328        1349        1        1
2355        1349        1        1
2408        1349        1        1
2434        1349        1        1
2461        1349        1        1
2514        1349        1        1
2566        1323        1        1
2619        1323        1        1
2672        1323        1        1
2725        1323        1        1
2778        1323        1        1
2831        1323        1        1
2884        1323        1        1
2937        1296        1        1
2990        1296        1        1
3016        1296        1        1
3069        1270        1        1
3096        1270        1        1
3122        1270        1        1
3149        1270        1        1
3175        1270        1        1
3149        1296        1        1
3122        1296        1        1
3096        1296        1        1
PEN_UP                  0
PEN_DOWN
2170        2672        1        2
2196        2672        1        2
2196        2646        1        2
2170        2672        1        2
2143        2699        1        2
2117        2725        1        2
2090        2725        1        2
2064        2752        1        2
2037        2752        1        2
2011        2778        1        2
1984        2778        1        2
1958        2805        1        2
1905        2831        1        2
1879        2831        1        2
1852        2858        1        2
1799        2884        1        2
1773        2884        1        2
1746        2910        1        2
1720        2937        1        2
1693        2937        1        2
1667        2963        1        2
1640        2963        1        2
1614        2963        1        2
1588        2990        1        2
1561        2990        1        2
1561        3016        1        2
1535        3016        1        2
1561        3016        1        2
1588        3043        1        2
1614        3043        1        2
1640        3069        1        2
1667        3069        1        2
1693        3069        1        2
1720        3096        1        2
1746        3096        1        2
1773        3122        1        2
1799        3122        1        2
1826        3149        1        2
1852        3175        1        2
1879        3201        1        2
1905        3201        1        2
1931        3228        1        2
1958        3254        1        2
1984        3281        1        2
2011        3307        1        2
2037        3334        1        2
2064        3360        1        2
2090        3387        1        2
2117        3387        1        2
2143        3413        1        2
2170        3440        1        2
2170        3466        1        2
2196        3493        1        2
2223        3519        1        2
2223        3545        1        2
2249        3572        1        2
2275        3598        1        2
2275        3625        1        2
2302        3625        1        2
2302        3651        1        2
2328        3678        1        2
2355        3704        1        2
2381        3704        1        2
2381        3678        1        2
2355        3678        1        2
2355        3651        1        2
2355        3625        1        2
2355        3598        1        2
2355        3572        1        2
2355        3545        1        2
2355        3519        1        2
2355        3493        1        2
2355        3466        1        2
2355        3440        1        2
2355        3413        1        2
2355        3387        1        2
2355        3360        1        2
2355        3334        1        2
2355        3307        1        2
2355        3281        1        2
2355        3254        1        2
2355        3228        1        2
2355        3201        1        2
2355        3175        1        2
2355        3149        1        2
2328        3122        1        2
2328        3096        1        2
2328        3069        1        2
2328        3043        1        2
2328        3016        1        2
2328        2990        1        2
2328        2963        1        2
2328        2937        1        2
2328        2910        1        2
2328        2884        1        2
2328        2858        1        2
2328        2831        1        2
2328        2805        1        2
2328        2778        1        2
2328        2752        1        2
2328        2725        1        2
2328        2699        1        2
2328        2672        1        2
PEN_UP                  0
END_CHARACTER: THB
