CHARACTER_NAME: DG
STROKE_COUNT: 5
  X           Y   STYLUS_STATE STROKE
PEN_DOWN
2858        2037        1        1
2884        2037        1        1
2884        2011        1        1
2858        2011        1        1
2858        1984        1        1
2858        1958        1        1
2831        1958        1        1
2831        1931        1        1
2831        1905        1        1
2805        1905        1        1
2805        1879        1        1
2778        1879        1        1
2778        1852        1        1
2752        1852        1        1
2752        1826        1        1
2725        1826        1        1
2699        1799        1        1
2672        1773        1        1
2646        1773        1        1
2646        1746        1        1
2619        1746        1        1
2619        1720        1        1
2593        1720        1        1
2593        1693        1        1
2566        1693        1        1
2540        1667        1        1
2514        1667        1        1
2514        1640        1        1
2487        1640        1        1
2461        1640        1        1
2434        1614        1        1
2408        1614        1        1
2408        1588        1        1
2381        1588        1        1
2355        1588        1        1
2328        1561        1        1
2302        1561        1        1
2275        1561        1        1
2249        1535        1        1
2223        1535        1        1
2196        1535        1        1
2196        1508        1        1
2170        1508        1        1
2143        1508        1        1
2117        1508        1        1
2090        1508        1        1
2064        1508        1        1
2037        1508        1        1
2011        1508        1        1
1984        1508        1        1
1958        1535        1        1
1931        1535        1        1
1905        1535        1        1
1879        1535        1        1
1852        1561        1        1
1826        1561        1        1
1826        1588        1        1
1799        1588        1        1
1773        1614        1        1
1746        1640        1        1
1746        1667        1        1
1720        1667        1        1
1720        1693        1        1
1693        1693        1        1
1693        1720        1        1
1667        1746        1        1
1667        1773        1        1
1640        1773        1        1
1640        1799        1        1
1614        1799        1        1
1614        1826        1        1
1588        1826        1        1
1588        1852        1        1
1561        1852        1        1
1561        1879        1        1
1535        1905        1        1
1561        1905        1        1
1588        1905        1        1
1614        1905        1        1
1614        1879        1        1
1640        1879        1        1
1667        1879        1        1
1693        1879        1        1
1720        1879        1        1
1746        1879        1        1
1773        1879        1        1
1799        1879        1        1
1826        1879        1        1
1852        1879        1        1
1879        1852        1        1
1905        1852        1        1
1931        1852        1        1
1958        1852        1        1
1984        1852        1        1
2011        1852        1        1
2037        1879        1        1
2064        1879        1        1
2090        1879        1        1
2117        1879        1        1
2143        1879        1        1
2170        1879        1        1
2170        1905        1        1
2196        1905        1        1
2223        1905        1        1
2223        1931        1        1
2249        1931        1        1
2249        1958        1        1
2275        1958        1        1
2275        1984        1        1
2302        1984        1        1
2302        2011        1        1
2302        2037        1        1
2275        2037        1        1
2275        2064        1        1
2275        2090        1        1
2275        2117        1        1
2249        2143        1        1
2249        2170        1        1
2249        2196        1        1
2223        2223        1        1
2223        2249        1        1
2196        2249        1        1
2196        2275        1        1
2170        2302        1        1
2143        2328        1        1
2143        2355        1        1
2117        2355        1        1
2117        2381        1        1
2090        2381        1        1
2064        2408        1        1
2037        2408        1        1
2011        2408        1        1
1984        2408        1        1
1958        2408        1        1
1931        2408        1        1
1905        2408        1        1
1879        2408        1        1
1852        2408        1        1
1826        2408        1        1
1799        2408        1        1
1773        2408        1        1
1746        2408        1        1
1720        2408        1        1
1746        2381        1        1
1773        2381        1        1
PEN_UP                  0
PEN_DOWN
 873        1508        1        2
 873        1482        1        2
 873        1455        1        2
 873        1429        1        2
 873        1455        1        2
 873        1482        1        2
 873        1508        1        2
 873        1535        1        2
 873        1561        1        2
 873        1588        1        2
 873        1614        1        2
 873        1640        1        2
 873        1667        1        2
 873        1693        1        2
 873        1746        1        2
 873        1773        1        2
 873        1799        1        2
 873        1852        1        2
 873        1905        1        2
 873        1931        1        2
 873        1984        1        2
 900        2037        1        2
 900        2090        1        2
 900        2143        1        2
 900        2196        1        2
 900        2275        1        2
 900        2328        1        2
 900        2381        1        2
 900        2434        1        2
 900        2461        1        2
 900        2514        1        2
 873        2540        1        2
 873        2593        1        2
 873        2619        1        2
 873        2646        1        2
 873        2672        1        2
 900        2699        1        2
 873        2699        1        2
 900        2699        1        2
 900        2672        1        2
 900        2646        1        2
 900        2619        1        2
 926        2619        1        2
 926        2593        1        2
 926        2566        1        2
 953        2566        1        2
 953        2540        1        2
 979        2514        1        2
 979        2487        1        2
1005        2461        1        2
1032        2434        1        2
1058        2408        1        2
1085        2381        1        2
1085        2355        1        2
1111        2328        1        2
1138        2275        1        2
1164        2249        1        2
1191        2223        1        2
1217        2196        1        2
1217        2170        1        2
1244        2117        1        2
1270        2090        1        2
1296        2064        1        2
1323        2037        1        2
1349        2011        1        2
1349        1984        1        2
1376        1984        1        2
1402        1958        1        2
1429        1931        1        2
1455        1905        1        2
1482        1905        1        2
1508        1879        1        2
1508        1852        1        2
1535        1852        1        2
1561        1852        1        2
1561        1826        1        2
1588        1826        1        2
1588        1799        1        2
1614        1799        1        2
1640        1773        1        2
1667        1746        1        2
1667        1773        1        2
1640        1773        1        2
1640        1799        1        2
1614        1799        1        2
1614        1826        1        2
1588        1852        1        2
1588        1879        1        2
1561        1879        1        2
1561        1905        1        2
1561        1931        1        2
1535        1958        1        2
1535        1984        1        2
1535        2011        1        2
1508        2037        1        2
1508        2064        1        2
1508        2090        1        2
1508        2117        1        2
1482        2143        1        2
1482        2196        1        2
1482        2223        1        2
1482        2275        1        2
1482        2328        1        2
1482        2355        1        2
1482        2408        1        2
1455        2461        1        2
1482        2487        1        2
1482        2540        1        2
1482        2593        1        2
1482        2619        1        2
1482        2672        1        2
1482        2725        1        2
1508        2778        1        2
1508        2831        1        2
1508        2884        1        2
1535        2937        1        2
1535        2990        1        2
1561        3043        1        2
1588        3096        1        2
1614        3175        1        2
1640        3228        1        2
1667        3307        1        2
1693        3360        1        2
1720        3413        1        2
1746        3466        1        2
1773        3519        1        2
1826        3572        1        2
1852        3598        1        2
1852        3625        1        2
1879        3651        1        2
1905        3678        1        2
1905        3704        1        2
1931        3704        1        2
1905        3704        1        2
1905        3678        1        2
1879        3651        1        2
PEN_UP                  0
PEN_DOWN
2752        1244        1        3
2778        1244        1        3
2778        1217        1        3
2778        1191        1        3
2805        1191        1        3
2805        1217        1        3
2805        1244        1        3
2831        1244        1        3
2831        1270        1        3
2831        1296        1        3
2831        1323        1        3
2858        1349        1        3
2858        1376        1        3
2858        1429        1        3
2858        1455        1        3
2884        1508        1        3
2884        1535        1        3
2884        1588        1        3
2884        1640        1        3
2884        1693        1        3
2910        1746        1        3
2910        1799        1        3
2910        1852        1        3
2910        1931        1        3
2910        1984        1        3
2910        2064        1        3
2910        2143        1        3
2910        2223        1        3
2910        2302        1        3
2910        2355        1        3
2910        2434        1        3
2910        2487        1        3
2910        2540        1        3
2910        2593        1        3
2910        2646        1        3
2910        2699        1        3
2910        2725        1        3
2910        2752        1        3
2910        2778        1        3
2937        2805        1        3
2937        2831        1        3
2910        2831        1        3
2910        2805        1        3
2910        2778        1        3
2910        2752        1        3
2884        2725        1        3
2884        2672        1        3
PEN_UP                  0
PEN_DOWN
2858        1191        1        4
2858        1217        1        4
2884        1217        1        4
2910        1217        1        4
2963        1217        1        4
3016        1217        1        4
3069        1217        1        4
3149        1191        1        4
3228        1191        1        4
3307        1191        1        4
3387        1191        1        4
3466        1191        1        4
3545        1191        1        4
3598        1191        1        4
3651        1191        1        4
3704        1191        1        4
3731        1191        1        4
3757        1191        1        4
3757        1164        1        4
3784        1164        1        4
3757        1164        1        4
3731        1164        1        4
PEN_UP                  0
PEN_DOWN
 609        1429        1        5
 582        1429        1        5
 556        1429        1        5
 556        1402        1        5
 582        1402        1        5
 609        1402        1        5
 635        1402        1        5
 661        1402        1        5
 688        1402        1        5
 714        1376        1        5
 741        1376        1        5
 794        1376        1        5
 820        1349        1        5
 873        1349        1        5
 900        1349        1        5
 953        1349        1        5
1005        1323        1        5
1058        1323        1        5
1111        1323        1        5
1164        1296        1        5
1217        1296        1        5
1296        1296        1        5
1349        1296        1        5
1402        1296        1        5
1455        1270        1        5
1508        1270        1        5
1561        1270        1        5
1614        1270        1        5
1640        1244        1        5
1693        1244        1        5
1746        1244        1        5
1773        1244        1        5
1799        1244        1        5
1852        1244        1        5
1879        1217        1        5
1905        1217        1        5
1931        1217        1        5
1931        1244        1        5
PEN_UP                  0
END_CHARACTER: DG
