CHARACTER_NAME: GA
STROKE_COUNT: 2
  X           Y   STYLUS_STATE STROKE
PEN_DOWN
1005        3016        1        1
1032        3016        1        1
1058        2990        1        1
1085        2990        1        1
1085        2963        1        1
1111        2963        1        1
1138        2963        1        1
1164        2937        1        1
1191        2937        1        1
1217        2910        1        1
1244        2910        1        1
1270        2884        1        1
1296        2858        1        1
1323        2831        1        1
1349        2831        1        1
1376        2805        1        1
1402        2778        1        1
1429        2778        1        1
1455        2752        1        1
1482        2725        1        1
1508        2699        1        1
1508        2672        1        1
1535        2672        1        1
1535        2646        1        1
1561        2619        1        1
1561        2593        1        1
1588        2566        1        1
1588        2540        1        1
1588        2514        1        1
1614        2487        1        1
1614        2461        1        1
1614        2434        1        1
1614        2408        1        1
1614        2381        1        1
1614        2355        1        1
1588        2355        1        1
1588        2328        1        1
1561        2302        1        1
1535        2302        1        1
1508        2275        1        1
1482        2275        1        1
1455        2275        1        1
1429        2249        1        1
1402        2249        1        1
1376        2249        1        1
1349        2249        1        1
1323        2249        1        1
1296        2249        1        1
1270        2249        1        1
1270        2275        1        1
1244        2275        1        1
1217        2275        1        1
1191        2275        1        1
1191        2302        1        1
1164        2302        1        1
1138        2302        1        1
1138        2328        1        1
1111        2328        1        1
1085        2355        1        1
1058        2355        1        1
1032        2381        1        1
1005        2408        1        1
 979        2408        1        1
 979        2434        1        1
 979        2461        1        1
 953        2461        1        1
 953        2487        1        1
 926        2487        1        1
 926        2514        1        1
 900        2540        1        1
 873        2540        1        1
 873        2566        1        1
 873        2540        1        1
 873        2514        1        1
 873        2487        1        1
 900        2487        1        1
 900        2461        1        1
 900        2434        1        1
 900        2408        1        1
 900        2381        1        1
 926        2355        1        1
 926        2328        1        1
 926        2302        1        1
 926        2275        1        1
 953        2249        1        1
 953        2223        1        1
 953        2196        1        1
 953        2170        1        1
 979        2143        1        1
 979        2117        1        1
 979        2090        1        1
1005        2064        1        1
1005        2037        1        1
1005        2011        1        1
1005        1984        1        1
1032        1984        1        1
1032        1958        1        1
1058        1931        1        1
1058        1905        1        1
1085        1905        1        1
1085        1879        1        1
1111        1879        1        1
1138        1852        1        1
1164        1852        1        1
1191        1826        1        1
1217        1826        1        1
1270        1799        1        1
1296        1799        1        1
1323        1799        1        1
1349        1799        1        1
1376        1799        1        1
1402        1773        1        1
1455        1773        1        1
1482        1773        1        1
1508        1773        1        1
1561        1799        1        1
1588        1799        1        1
1614        1799        1        1
1640        1799        1        1
1667        1799        1        1
1720        1826        1        1
1746        1826        1        1
1773        1826        1        1
1799        1852        1        1
1826        1852        1        1
1852        1879        1        1
1879        1879        1        1
1905        1905        1        1
1931        1905        1        1
1958        1931        1        1
1984        1958        1        1
1984        1984        1        1
2011        1984        1        1
2037        2011        1        1
2037        2037        1        1
2064        2064        1        1
2090        2090        1        1
2090        2117        1        1
2117        2143        1        1
2117        2170        1        1
2143        2196        1        1
2143        2223        1        1
2143        2249        1        1
2170        2275        1        1
2170        2302        1        1
2170        2328        1        1
2170        2355        1        1
2196        2381        1        1
2196        2408        1        1
2196        2434        1        1
2196        2461        1        1
2223        2487        1        1
2223        2514        1        1
2223        2540        1        1
2223        2566        1        1
2223        2593        1        1
2223        2619        1        1
2223        2646        1        1
2249        2672        1        1
2249        2699        1        1
2249        2725        1        1
2249        2699        1        1
2249        2672        1        1
2223        2646        1        1
2223        2619        1        1
2223        2593        1        1
2223        2566        1        1
2223        2540        1        1
2196        2540        1        1
2196        2514        1        1
2196        2487        1        1
2196        2461        1        1
2196        2408        1        1
2196        2381        1        1
2196        2355        1        1
2196        2328        1        1
2196        2275        1        1
2196        2249        1        1
2196        2223        1        1
2196        2170        1        1
2196        2143        1        1
2196        2090        1        1
2196        2064        1        1
2223        2037        1        1
2223        2011        1        1
2223        1984        1        1
2196        1958        1        1
2196        1931        1        1
2196        1905        1        1
2196        1879        1        1
2196        1852        1        1
2196        1826        1        1
2196        1799        1        1
2196        1773        1        1
2196        1746        1        1
2196        1720        1        1
2196        1693        1        1
2196        1667        1        1
2196        1640        1        1
2196        1614        1        1
2223        1588        1        1
2196        1588        1        1
2223        1588        1        1
2223        1614        1        1
2223        1640        1        1
2223        1667        1        1
2223        1693        1        1
2223        1720        1        1
2223        1746        1        1
2223        1799        1        1
2223        1826        1        1
2223        1879        1        1
2223        1958        1        1
2223        2011        1        1
2223        2090        1        1
2223        2143        1        1
2249        2223        1        1
2249        2302        1        1
2249        2355        1        1
2275        2434        1        1
2275        2514        1        1
2275        2566        1        1
2275        2646        1        1
2302        2725        1        1
2302        2778        1        1
2302        2858        1        1
2302        2937        1        1
2302        3016        1        1
2302        3096        1        1
2328        3201        1        1
2328        3281        1        1
2328        3334        1        1
2328        3413        1        1
2355        3493        1        1
2355        3545        1        1
2381        3598        1        1
2381        3651        1        1
2408        3704        1        1
2408        3757        1        1
2408        3784        1        1
2434        3810        1        1
2434        3836        1        1
2434        3863        1        1
2434        3889        1        1
2434        3916        1        1
2434        3889        1        1
2434        3863        1        1
2434        3836        1        1
2434        3810        1        1
2408        3784        1        1
2381        3731        1        1
PEN_UP                  0
PEN_DOWN
1693        1588        1        2
1693        1561        1        2
1693        1535        1        2
1720        1535        1        2
1720        1508        1        2
1746        1508        1        2
1746        1482        1        2
1773        1482        1        2
1799        1482        1        2
1852        1455        1        2
1879        1455        1        2
1958        1429        1        2
2011        1429        1        2
2090        1402        1        2
2196        1376        1        2
2275        1349        1        2
2381        1349        1        2
2461        1323        1        2
2514        1296        1        2
2593        1296        1        2
2619        1296        1        2
2672        1296        1        2
2699        1270        1        2
2725        1270        1        2
2752        1270        1        2
2778        1270        1        2
2805        1270        1        2
2831        1270        1        2
2858        1270        1        2
2884        1270        1        2
2910        1244        1        2
2937        1244        1        2
2963        1244        1        2
2990        1244        1        2
2990        1270        1        2
2963        1270        1        2
PEN_UP                  0
END_CHARACTER: GA
