CHARACTER_NAME: DGH
STROKE_COUNT: 3
  X           Y   STYLUS_STATE STROKE
PEN_DOWN
1138        1852        1        1
1138        1879        1        1
1138        1905        1        1
1111        1905        1        1
1111        1931        1        1
1111        1958        1        1
1111        1984        1        1
1111        2011        1        1
1111        2037        1        1
1111        2064        1        1
1111        2090        1        1
1111        2117        1        1
1111        2143        1        1
1085        2170        1        1
1085        2196        1        1
1085        2223        1        1
1085        2249        1        1
1085        2275        1        1
1085        2302        1        1
1085        2328        1        1
1085        2355        1        1
1085        2381        1        1
1085        2408        1        1
1085        2434        1        1
1085        2461        1        1
1085        2487        1        1
1085        2514        1        1
1085        2540        1        1
1111        2566        1        1
1085        2566        1        1
1111        2593        1        1
1111        2619        1        1
1111        2646        1        1
1111        2672        1        1
1111        2699        1        1
1111        2725        1        1
1111        2752        1        1
1138        2725        1        1
1164        2699        1        1
1164        2672        1        1
1191        2672        1        1
1191        2646        1        1
1217        2646        1        1
1217        2619        1        1
1244        2619        1        1
1244        2593        1        1
1270        2593        1        1
1270        2566        1        1
1296        2540        1        1
1323        2540        1        1
1349        2514        1        1
1349        2487        1        1
1376        2487        1        1
1402        2461        1        1
1429        2434        1        1
1455        2408        1        1
1482        2381        1        1
1508        2381        1        1
1535        2355        1        1
1561        2328        1        1
1588        2328        1        1
1614        2302        1        1
1640        2275        1        1
1667        2275        1        1
1693        2249        1        1
1720        2223        1        1
1746        2223        1        1
1746        2196        1        1
1773        2196        1        1
1773        2170        1        1
1799        2170        1        1
1799        2143        1        1
1799        2170        1        1
1799        2196        1        1
1799        2223        1        1
1799        2249        1        1
1773        2249        1        1
1773        2275        1        1
1773        2302        1        1
1773        2328        1        1
1773        2355        1        1
1746        2381        1        1
1746        2408        1        1
1746        2434        1        1
1746        2461        1        1
1746        2487        1        1
1746        2514        1        1
1720        2540        1        1
1720        2566        1        1
1720        2593        1        1
1720        2619        1        1
1693        2646        1        1
1693        2672        1        1
1693        2699        1        1
1693        2725        1        1
1693        2752        1        1
1667        2778        1        1
1667        2805        1        1
1667        2831        1        1
1667        2858        1        1
1667        2884        1        1
1667        2910        1        1
1667        2937        1        1
1667        2963        1        1
1667        2990        1        1
1693        3016        1        1
1693        3043        1        1
1693        3069        1        1
1693        3096        1        1
1720        3122        1        1
1720        3149        1        1
1720        3175        1        1
1746        3201        1        1
1746        3228        1        1
1746        3254        1        1
1773        3281        1        1
1799        3307        1        1
1799        3334        1        1
1826        3334        1        1
1826        3360        1        1
1826        3387        1        1
1826        3360        1        1
1799        3360        1        1
1799        3334        1        1
1799        3307        1        1
1773        3281        1        1
1746        3281        1        1
PEN_UP                  0
PEN_DOWN
1879        1561        1        2
1879        1588        1        2
1852        1588        1        2
1826        1588        1        2
1799        1588        1        2
1773        1588        1        2
1773        1614        1        2
1746        1614        1        2
1746        1640        1        2
1720        1640        1        2
1693        1667        1        2
1667        1693        1        2
1667        1720        1        2
1640        1720        1        2
1640        1746        1        2
1640        1773        1        2
1640        1799        1        2
1640        1826        1        2
1640        1852        1        2
1640        1879        1        2
1667        1905        1        2
1667        1931        1        2
1693        1931        1        2
1693        1958        1        2
1693        1984        1        2
1720        1984        1        2
1720        2011        1        2
1746        2011        1        2
1746        2037        1        2
1773        2037        1        2
1773        2064        1        2
1799        2064        1        2
1826        2064        1        2
1826        2090        1        2
1852        2090        1        2
1879        2090        1        2
1905        2090        1        2
1905        2117        1        2
1931        2117        1        2
1958        2117        1        2
1984        2117        1        2
2011        2117        1        2
2037        2117        1        2
2064        2117        1        2
2090        2117        1        2
2117        2117        1        2
2143        2117        1        2
2170        2117        1        2
2196        2117        1        2
2223        2117        1        2
2249        2090        1        2
2275        2090        1        2
2302        2090        1        2
2328        2090        1        2
2328        2064        1        2
2355        2064        1        2
2381        2064        1        2
2408        2064        1        2
2434        2037        1        2
2461        2037        1        2
2434        2037        1        2
2434        2064        1        2
2408        2064        1        2
2408        2090        1        2
2381        2090        1        2
2381        2117        1        2
2355        2117        1        2
2355        2143        1        2
2328        2143        1        2
2328        2170        1        2
2302        2170        1        2
2302        2196        1        2
2275        2223        1        2
2275        2249        1        2
2249        2249        1        2
2249        2275        1        2
2223        2302        1        2
2223        2328        1        2
2196        2328        1        2
2196        2355        1        2
2170        2381        1        2
2143        2408        1        2
2143        2434        1        2
2117        2461        1        2
2090        2487        1        2
2064        2514        1        2
2037        2540        1        2
2011        2566        1        2
2011        2593        1        2
1984        2593        1        2
1984        2619        1        2
1958        2619        1        2
1984        2619        1        2
2011        2619        1        2
2011        2593        1        2
2037        2593        1        2
2064        2593        1        2
2090        2593        1        2
2117        2619        1        2
2143        2619        1        2
2170        2619        1        2
2196        2619        1        2
2223        2646        1        2
2249        2646        1        2
2275        2646        1        2
2302        2646        1        2
2328        2672        1        2
2355        2699        1        2
2381        2699        1        2
2408        2725        1        2
2434        2752        1        2
2461        2752        1        2
2487        2778        1        2
2487        2805        1        2
2514        2831        1        2
2540        2858        1        2
2566        2884        1        2
2593        2910        1        2
2619        2963        1        2
2619        2990        1        2
2646        3016        1        2
2672        3069        1        2
2699        3096        1        2
2725        3122        1        2
2725        3175        1        2
2752        3201        1        2
2778        3228        1        2
2805        3281        1        2
2831        3307        1        2
2858        3334        1        2
2884        3360        1        2
2884        3387        1        2
2910        3387        1        2
2910        3360        1        2
2884        3360        1        2
2884        3334        1        2
2884        3307        1        2
2884        3281        1        2
2858        3281        1        2
2858        3228        1        2
2858        3175        1        2
2858        3149        1        2
2858        3122        1        2
2858        3069        1        2
2858        3043        1        2
2858        3016        1        2
2858        2963        1        2
2858        2937        1        2
2858        2884        1        2
2858        2858        1        2
2858        2805        1        2
2884        2778        1        2
2884        2752        1        2
2884        2699        1        2
2884        2672        1        2
2884        2619        1        2
2910        2593        1        2
2910        2540        1        2
2910        2514        1        2
2910        2461        1        2
2910        2434        1        2
2910        2381        1        2
2910        2355        1        2
2937        2302        1        2
2937        2275        1        2
2937        2223        1        2
2937        2170        1        2
2937        2117        1        2
2937        2090        1        2
2937        2037        1        2
2937        2011        1        2
2937        1958        1        2
2937        1931        1        2
2937        1879        1        2
2937        1852        1        2
2937        1826        1        2
2937        1799        1        2
2937        1773        1        2
2937        1746        1        2
2937        1720        1        2
2937        1693        1        2
2937        1667        1        2
2937        1640        1        2
2937        1614        1        2
2910        1588        1        2
PEN_UP                  0
PEN_DOWN
 741        1746        1        3
 767        1746        1        3
 794        1746        1        3
 820        1746        1        3
 847        1746        1        3
 873        1746        1        3
 900        1746        1        3
 926        1746        1        3
 953        1746        1        3
 979        1746        1        3
1005        1746        1        3
1032        1746        1        3
1058        1746        1        3
1085        1720        1        3
1138        1720        1        3
1164        1720        1        3
1217        1720        1        3
1244        1720        1        3
1296        1720        1        3
1349        1720        1        3
1376        1720        1        3
1429        1693        1        3
1455        1693        1        3
1508        1693        1        3
1535        1693        1        3
1588        1693        1        3
1640        1693        1        3
1693        1693        1        3
1720        1693        1        3
1773        1693        1        3
1826        1693        1        3
1879        1693        1        3
1905        1667        1        3
1958        1667        1        3
2011        1667        1        3
2064        1667        1        3
2090        1667        1        3
2143        1667        1        3
2170        1667        1        3
2223        1640        1        3
2275        1640        1        3
2302        1640        1        3
2355        1640        1        3
2408        1640        1        3
2461        1640        1        3
2514        1614        1        3
2566        1614        1        3
2619        1614        1        3
2672        1614        1        3
2725        1614        1        3
2778        1614        1        3
2831        1588        1        3
2884        1588        1        3
2937        1588        1        3
2990        1588        1        3
3043        1588        1        3
3096        1588        1        3
3175        1561        1        3
3228        1561        1        3
3281        1561        1        3
3334        1561        1        3
3387        1561        1        3
3413        1561        1        3
3466        1561        1        3
3519        1535        1        3
3572        1535        1        3
3598        1535        1        3
3625        1535        1        3
3651        1535        1        3
3678        1535        1        3
3704        1535        1        3
3731        1535        1        3
3731        1508        1        3
3704        1508        1        3
3678        1535        1        3
PEN_UP                  0
END_CHARACTER: DGH
