CHARACTER_NAME: DD
STROKE_COUNT: 2
  X           Y   STYLUS_STATE STROKE
PEN_DOWN
1429        1667        1        1
1429        1640        1        1
1455        1640        1        1
1429        1640        1        1
1455        1640        1        1
1429        1640        1        1
1455        1667        1        1
1429        1667        1        1
1455        1667        1        1
1455        1693        1        1
1455        1720        1        1
1455        1746        1        1
1455        1773        1        1
1455        1799        1        1
1429        1799        1        1
1429        1826        1        1
1429        1852        1        1
1429        1879        1        1
1429        1905        1        1
1429        1931        1        1
1429        1958        1        1
1429        1984        1        1
1402        2011        1        1
1402        2037        1        1
1402        2064        1        1
1402        2090        1        1
1402        2143        1        1
1402        2170        1        1
1376        2196        1        1
1376        2223        1        1
1376        2275        1        1
1376        2302        1        1
1349        2328        1        1
1349        2355        1        1
1349        2381        1        1
1349        2408        1        1
1349        2434        1        1
1349        2461        1        1
1323        2487        1        1
1323        2514        1        1
1349        2514        1        1
1349        2487        1        1
1376        2487        1        1
1376        2461        1        1
1402        2434        1        1
1402        2408        1        1
1429        2381        1        1
1429        2355        1        1
1455        2328        1        1
1482        2328        1        1
1508        2302        1        1
1508        2275        1        1
1535        2249        1        1
1561        2223        1        1
1588        2196        1        1
1614        2170        1        1
1614        2143        1        1
1640        2117        1        1
1667        2090        1        1
1693        2064        1        1
1720        2037        1        1
1720        2011        1        1
1746        1984        1        1
1773        1958        1        1
1826        1931        1        1
1852        1905        1        1
1879        1879        1        1
1905        1879        1        1
1905        1852        1        1
1931        1826        1        1
1958        1826        1        1
1984        1799        1        1
2011        1799        1        1
2011        1773        1        1
2037        1773        1        1
2064        1746        1        1
2064        1773        1        1
2037        1773        1        1
2037        1799        1        1
2037        1826        1        1
2011        1826        1        1
2011        1852        1        1
2011        1879        1        1
2011        1905        1        1
2011        1931        1        1
1984        1931        1        1
1984        1958        1        1
1984        1984        1        1
1984        2011        1        1
1984        2037        1        1
1984        2064        1        1
1984        2090        1        1
1984        2117        1        1
1984        2143        1        1
1984        2170        1        1
1984        2196        1        1
1984        2223        1        1
1984        2249        1        1
1984        2275        1        1
1984        2302        1        1
1984        2328        1        1
1984        2381        1        1
1984        2408        1        1
1984        2434        1        1
1984        2461        1        1
1984        2487        1        1
1984        2514        1        1
1984        2540        1        1
1984        2566        1        1
1958        2593        1        1
1958        2619        1        1
1958        2646        1        1
1958        2672        1        1
1958        2699        1        1
1958        2725        1        1
1958        2752        1        1
1958        2778        1        1
1958        2805        1        1
1958        2831        1        1
1984        2805        1        1
2011        2778        1        1
2037        2778        1        1
2037        2752        1        1
2064        2752        1        1
2064        2725        1        1
2090        2699        1        1
2117        2699        1        1
2117        2672        1        1
2143        2672        1        1
2143        2646        1        1
2170        2619        1        1
2196        2593        1        1
2223        2566        1        1
2249        2540        1        1
2275        2514        1        1
2302        2487        1        1
2328        2461        1        1
2355        2408        1        1
2381        2381        1        1
2408        2355        1        1
2461        2328        1        1
2487        2302        1        1
2514        2275        1        1
2514        2249        1        1
2540        2249        1        1
2566        2223        1        1
2540        2249        1        1
2540        2275        1        1
2514        2275        1        1
2514        2302        1        1
2487        2328        1        1
2461        2355        1        1
2461        2381        1        1
2434        2408        1        1
2408        2434        1        1
2408        2461        1        1
2381        2487        1        1
2381        2514        1        1
2355        2540        1        1
2355        2566        1        1
2355        2593        1        1
2328        2646        1        1
2328        2672        1        1
2328        2699        1        1
2328        2725        1        1
2328        2778        1        1
2328        2805        1        1
2328        2858        1        1
2328        2884        1        1
2328        2937        1        1
2328        2990        1        1
2328        3016        1        1
2328        3069        1        1
2328        3122        1        1
2328        3175        1        1
2328        3201        1        1
2328        3254        1        1
2328        3307        1        1
2328        3334        1        1
2355        3387        1        1
2355        3440        1        1
2355        3466        1        1
2381        3493        1        1
2381        3545        1        1
2381        3572        1        1
2408        3625        1        1
2408        3651        1        1
2434        3678        1        1
2461        3704        1        1
2461        3731        1        1
2487        3757        1        1
2514        3784        1        1
2540        3810        1        1
2566        3836        1        1
2566        3863        1        1
2593        3889        1        1
2619        3916        1        1
2646        3942        1        1
2619        3916        1        1
2619        3889        1        1
2593        3889        1        1
2593        3863        1        1
2566        3836        1        1
PEN_UP                  0
PEN_DOWN
1085        1588        1        2
1058        1561        1        2
1085        1588        1        2
1111        1588        1        2
1138        1588        1        2
1164        1588        1        2
1191        1588        1        2
1217        1588        1        2
1270        1588        1        2
1296        1588        1        2
1349        1588        1        2
1376        1588        1        2
1429        1561        1        2
1508        1561        1        2
1561        1561        1        2
1614        1561        1        2
1693        1561        1        2
1746        1561        1        2
1826        1561        1        2
1879        1535        1        2
1958        1535        1        2
2011        1535        1        2
2064        1535        1        2
2117        1535        1        2
2170        1535        1        2
2223        1535        1        2
2275        1535        1        2
2328        1535        1        2
2381        1535        1        2
2408        1535        1        2
2461        1535        1        2
2487        1535        1        2
2514        1535        1        2
2540        1535        1        2
2566        1535        1        2
2593        1535        1        2
PEN_UP                  0
END_CHARACTER: DD
