CHARACTER_NAME: DDH
STROKE_COUNT: 3
  X           Y   STYLUS_STATE STROKE
PEN_DOWN
1482        1508        1        1
1482        1482        1        1
1482        1455        1        1
1482        1482        1        1
1482        1508        1        1
1482        1535        1        1
1508        1561        1        1
1508        1588        1        1
1508        1614        1        1
1508        1640        1        1
1508        1667        1        1
1508        1693        1        1
1508        1720        1        1
1508        1746        1        1
1508        1773        1        1
1508        1799        1        1
1508        1826        1        1
1508        1852        1        1
1508        1879        1        1
1508        1931        1        1
1508        1958        1        1
1508        1984        1        1
1508        2037        1        1
1508        2064        1        1
1508        2117        1        1
1508        2143        1        1
1508        2196        1        1
1508        2223        1        1
1508        2275        1        1
1508        2302        1        1
1508        2328        1        1
1508        2381        1        1
1508        2408        1        1
1508        2434        1        1
1508        2461        1        1
1508        2487        1        1
1508        2514        1        1
1508        2540        1        1
1508        2566        1        1
1508        2593        1        1
1508        2619        1        1
1508        2646        1        1
1535        2646        1        1
1535        2619        1        1
1561        2619        1        1
1561        2593        1        1
1588        2593        1        1
1614        2566        1        1
1640        2540        1        1
1667        2540        1        1
1693        2514        1        1
1720        2487        1        1
1746        2461        1        1
1773        2461        1        1
1773        2434        1        1
1799        2408        1        1
1826        2381        1        1
1879        2355        1        1
1905        2328        1        1
1931        2302        1        1
1958        2275        1        1
1984        2223        1        1
2037        2196        1        1
2064        2170        1        1
2090        2143        1        1
2143        2090        1        1
2170        2064        1        1
2196        2037        1        1
2249        2011        1        1
2275        1984        1        1
2328        1958        1        1
2355        1931        1        1
2381        1905        1        1
2408        1905        1        1
2434        1879        1        1
2461        1879        1        1
2461        1852        1        1
2487        1852        1        1
2461        1879        1        1
2434        1905        1        1
2434        1931        1        1
2408        1931        1        1
2408        1958        1        1
2381        1984        1        1
2381        2011        1        1
2355        2037        1        1
2355        2064        1        1
2355        2090        1        1
2355        2117        1        1
2328        2143        1        1
2328        2170        1        1
2328        2196        1        1
2302        2249        1        1
2302        2275        1        1
2302        2302        1        1
2302        2328        1        1
2275        2355        1        1
2275        2408        1        1
2275        2434        1        1
2275        2487        1        1
2249        2514        1        1
2249        2540        1        1
2249        2593        1        1
2249        2619        1        1
2223        2672        1        1
2223        2699        1        1
2223        2725        1        1
2223        2778        1        1
2223        2805        1        1
2223        2831        1        1
2223        2884        1        1
2223        2910        1        1
2223        2963        1        1
2223        2990        1        1
2223        3043        1        1
2223        3096        1        1
2223        3149        1        1
2223        3201        1        1
2249        3254        1        1
2249        3307        1        1
2249        3360        1        1
2249        3387        1        1
2275        3440        1        1
2275        3493        1        1
2275        3545        1        1
2275        3572        1        1
2302        3625        1        1
2302        3651        1        1
2302        3678        1        1
2302        3704        1        1
2302        3731        1        1
2302        3757        1        1
2302        3784        1        1
2302        3757        1        1
2275        3731        1        1
2275        3704        1        1
PEN_UP                  0
PEN_DOWN
2170        2487        1        2
2196        2487        1        2
2170        2487        1        2
2170        2514        1        2
2143        2514        1        2
2117        2540        1        2
2117        2566        1        2
2090        2566        1        2
2090        2593        1        2
2064        2593        1        2
2064        2619        1        2
2037        2646        1        2
2037        2672        1        2
2011        2672        1        2
1984        2699        1        2
1958        2725        1        2
1958        2778        1        2
1931        2805        1        2
1905        2831        1        2
1852        2884        1        2
1826        2910        1        2
1799        2963        1        2
1773        3016        1        2
1746        3069        1        2
1693        3096        1        2
1667        3149        1        2
1640        3175        1        2
1614        3201        1        2
1588        3228        1        2
1588        3254        1        2
1561        3281        1        2
1561        3307        1        2
1535        3307        1        2
1535        3334        1        2
1561        3334        1        2
1588        3334        1        2
1614        3334        1        2
1640        3334        1        2
1667        3334        1        2
1693        3334        1        2
1720        3334        1        2
1773        3334        1        2
1799        3360        1        2
1826        3360        1        2
1879        3360        1        2
1905        3360        1        2
1931        3387        1        2
1958        3387        1        2
1984        3413        1        2
2011        3440        1        2
2037        3466        1        2
2064        3466        1        2
2090        3493        1        2
2117        3519        1        2
2143        3545        1        2
2170        3572        1        2
2170        3598        1        2
2196        3625        1        2
2223        3651        1        2
2249        3678        1        2
2249        3704        1        2
2275        3704        1        2
2275        3731        1        2
2302        3731        1        2
2275        3731        1        2
2275        3704        1        2
2275        3678        1        2
2275        3651        1        2
2249        3625        1        2
2249        3598        1        2
2249        3572        1        2
2249        3545        1        2
2249        3519        1        2
2223        3519        1        2
2223        3466        1        2
2223        3440        1        2
2223        3413        1        2
2223        3387        1        2
2223        3360        1        2
2223        3307        1        2
2223        3254        1        2
2223        3228        1        2
2223        3175        1        2
2223        3122        1        2
2223        3096        1        2
2223        3043        1        2
2223        3016        1        2
2223        2963        1        2
2223        2910        1        2
2223        2884        1        2
2223        2831        1        2
2223        2805        1        2
2223        2778        1        2
2249        2725        1        2
2249        2699        1        2
2249        2672        1        2
2249        2619        1        2
2249        2593        1        2
2249        2566        1        2
2249        2540        1        2
2249        2514        1        2
2249        2487        1        2
2275        2461        1        2
2275        2434        1        2
2275        2408        1        2
2275        2434        1        2
2302        2434        1        2
2328        2434        1        2
2355        2434        1        2
2381        2434        1        2
2408        2461        1        2
2408        2434        1        2
2434        2434        1        2
2487        2434        1        2
2514        2461        1        2
2540        2461        1        2
2566        2461        1        2
2619        2461        1        2
2646        2461        1        2
2699        2461        1        2
2725        2461        1        2
2752        2461        1        2
2778        2461        1        2
2805        2461        1        2
2831        2461        1        2
2858        2461        1        2
2858        2487        1        2
2831        2487        1        2
2831        2514        1        2
2805        2540        1        2
2805        2566        1        2
2778        2593        1        2
2778        2619        1        2
2778        2646        1        2
2752        2672        1        2
2752        2699        1        2
2752        2752        1        2
2752        2778        1        2
2725        2831        1        2
2725        2884        1        2
2725        2937        1        2
2725        3016        1        2
2725        3069        1        2
2752        3149        1        2
2752        3228        1        2
2752        3307        1        2
2752        3360        1        2
2778        3440        1        2
2778        3493        1        2
2778        3545        1        2
2805        3598        1        2
2805        3625        1        2
2831        3651        1        2
2831        3704        1        2
2858        3731        1        2
2858        3757        1        2
2884        3784        1        2
2884        3757        1        2
2858        3757        1        2
2858        3731        1        2
2831        3704        1        2
PEN_UP                  0
PEN_DOWN
1164        1429        1        3
1191        1429        1        3
1217        1429        1        3
1244        1429        1        3
1270        1429        1        3
1323        1429        1        3
1349        1402        1        3
1376        1402        1        3
1429        1402        1        3
1482        1402        1        3
1561        1402        1        3
1614        1376        1        3
1693        1376        1        3
1799        1376        1        3
1879        1349        1        3
1958        1349        1        3
2064        1349        1        3
2143        1349        1        3
2223        1349        1        3
2302        1323        1        3
2381        1323        1        3
2434        1323        1        3
2487        1323        1        3
2540        1323        1        3
2593        1323        1        3
2619        1323        1        3
2646        1323        1        3
2672        1323        1        3
2699        1323        1        3
PEN_UP                  0
END_CHARACTER: DDH
