CHARACTER_NAME: HR
STROKE_COUNT: 3
  X           Y   STYLUS_STATE STROKE
PEN_DOWN
1376        1455        1        1
1376        1429        1        1
1376        1455        1        1
1376        1482        1        1
1376        1508        1        1
1376        1535        1        1
1376        1561        1        1
1376        1588        1        1
1349        1614        1        1
1349        1640        1        1
1349        1667        1        1
1349        1693        1        1
1349        1746        1        1
1349        1773        1        1
1349        1799        1        1
1349        1826        1        1
1349        1852        1        1
1349        1879        1        1
1349        1905        1        1
1349        1931        1        1
1349        1958        1        1
1349        1984        1        1
1349        2011        1        1
1323        2011        1        1
1323        2037        1        1
1296        2037        1        1
1270        2011        1        1
1244        2011        1        1
1217        1984        1        1
1217        1958        1        1
1217        1931        1        1
1244        1905        1        1
1270        1879        1        1
1296        1879        1        1
1296        1852        1        1
1323        1852        1        1
1349        1852        1        1
1349        1879        1        1
1376        1905        1        1
1376        1931        1        1
1376        1958        1        1
1376        1984        1        1
1349        1984        1        1
1323        1984        1        1
1323        1958        1        1
1323        1931        1        1
1349        1931        1        1
1349        1905        1        1
1349        1931        1        1
1376        1931        1        1
1376        1958        1        1
1349        1984        1        1
1323        1984        1        1
1296        1958        1        1
1296        1931        1        1
1296        1905        1        1
1323        1905        1        1
1323        1879        1        1
1349        1879        1        1
1349        1852        1        1
1376        1852        1        1
1402        1852        1        1
1429        1852        1        1
1429        1826        1        1
1455        1826        1        1
1482        1826        1        1
1508        1826        1        1
1535        1826        1        1
1561        1826        1        1
1588        1826        1        1
1614        1826        1        1
1640        1826        1        1
1667        1826        1        1
1693        1852        1        1
1720        1852        1        1
1746        1852        1        1
1773        1852        1        1
1799        1879        1        1
1826        1879        1        1
1826        1905        1        1
1852        1905        1        1
1879        1931        1        1
1905        1958        1        1
1931        1984        1        1
1931        2011        1        1
1958        2037        1        1
1958        2064        1        1
1958        2090        1        1
1958        2117        1        1
1958        2143        1        1
1958        2170        1        1
1958        2196        1        1
1958        2223        1        1
1931        2249        1        1
1931        2275        1        1
1931        2302        1        1
1905        2328        1        1
1879        2355        1        1
1879        2381        1        1
1852        2408        1        1
1826        2434        1        1
1773        2461        1        1
1746        2487        1        1
1720        2514        1        1
1667        2540        1        1
1640        2566        1        1
1588        2593        1        1
1535        2619        1        1
1508        2646        1        1
1455        2672        1        1
1402        2672        1        1
1376        2699        1        1
1323        2725        1        1
1296        2725        1        1
1244        2725        1        1
1217        2752        1        1
1191        2752        1        1
1164        2752        1        1
1138        2752        1        1
1111        2752        1        1
1085        2725        1        1
1058        2725        1        1
1058        2699        1        1
1058        2672        1        1
1058        2646        1        1
1085        2646        1        1
1085        2672        1        1
1111        2672        1        1
1138        2672        1        1
1138        2699        1        1
1164        2699        1        1
1191        2699        1        1
1217        2699        1        1
1244        2725        1        1
1270        2725        1        1
1296        2752        1        1
1323        2752        1        1
1349        2752        1        1
1376        2778        1        1
1402        2805        1        1
1429        2805        1        1
1455        2831        1        1
1482        2858        1        1
1508        2884        1        1
1535        2910        1        1
1561        2937        1        1
1588        2963        1        1
1614        2990        1        1
1614        3016        1        1
1640        3069        1        1
1667        3096        1        1
1693        3149        1        1
1693        3175        1        1
1720        3228        1        1
1746        3281        1        1
1773        3334        1        1
1773        3387        1        1
1799        3466        1        1
1826        3519        1        1
1826        3572        1        1
1852        3625        1        1
1879        3678        1        1
1905        3731        1        1
1905        3784        1        1
1931        3836        1        1
1958        3863        1        1
1958        3889        1        1
1958        3916        1        1
1984        3942        1        1
1984        3969        1        1
1984        3942        1        1
1984        3916        1        1
1958        3889        1        1
1958        3863        1        1
1931        3810        1        1
PEN_UP                  0
PEN_DOWN
1958        2064        1        2
1984        2064        1        2
1984        2090        1        2
2011        2090        1        2
2011        2117        1        2
2037        2117        1        2
2037        2090        1        2
2064        2090        1        2
2064        2064        1        2
2090        2064        1        2
2117        2037        1        2
2143        2037        1        2
2170        2011        1        2
2196        2011        1        2
2223        2011        1        2
2249        2011        1        2
2275        2011        1        2
2302        2011        1        2
2328        2037        1        2
2355        2037        1        2
2355        2064        1        2
2381        2064        1        2
2381        2090        1        2
2408        2090        1        2
2408        2117        1        2
2408        2143        1        2
2434        2143        1        2
2434        2170        1        2
2434        2196        1        2
2434        2223        1        2
2434        2249        1        2
2434        2275        1        2
2434        2302        1        2
2434        2328        1        2
2408        2355        1        2
2408        2408        1        2
2408        2434        1        2
2408        2461        1        2
2381        2514        1        2
2381        2566        1        2
2381        2593        1        2
2381        2646        1        2
2355        2699        1        2
2355        2752        1        2
2355        2805        1        2
2328        2858        1        2
2328        2910        1        2
2328        2990        1        2
2328        3043        1        2
2328        3096        1        2
2328        3149        1        2
2328        3201        1        2
2328        3254        1        2
2328        3281        1        2
2328        3307        1        2
2328        3334        1        2
2328        3360        1        2
2328        3334        1        2
2328        3307        1        2
2328        3281        1        2
2302        3254        1        2
PEN_UP                  0
PEN_DOWN
 900        1561        1        3
 900        1535        1        3
 926        1535        1        3
 953        1535        1        3
 979        1535        1        3
1005        1535        1        3
1005        1508        1        3
1032        1508        1        3
1058        1508        1        3
1111        1508        1        3
1164        1508        1        3
1217        1482        1        3
1270        1482        1        3
1349        1482        1        3
1455        1455        1        3
1561        1455        1        3
1640        1455        1        3
1746        1455        1        3
1852        1429        1        3
1931        1429        1        3
2011        1429        1        3
2090        1429        1        3
2143        1429        1        3
2196        1402        1        3
2249        1402        1        3
2302        1402        1        3
2328        1402        1        3
2355        1402        1        3
2381        1402        1        3
2408        1402        1        3
2381        1429        1        3
PEN_UP                  0
END_CHARACTER: HR
