CHARACTER_NAME: GGU
STROKE_COUNT: 1
  X           Y   STYLUS_STATE STROKE
PEN_DOWN
1164        2302        1        1
1191        2275        1        1
1217        2275        1        1
1244        2249        1        1
1270        2249        1        1
1270        2223        1        1
1296        2223        1        1
1323        2223        1        1
1323        2196        1        1
1349        2196        1        1
1376        2196        1        1
1402        2170        1        1
1429        2143        1        1
1455        2143        1        1
1482        2117        1        1
1508        2117        1        1
1508        2090        1        1
1535        2090        1        1
1535        2064        1        1
1561        2037        1        1
1588        2011        1        1
1614        1984        1        1
1640        1958        1        1
1667        1931        1        1
1667        1905        1        1
1693        1879        1        1
1693        1852        1        1
1720        1826        1        1
1720        1799        1        1
1720        1773        1        1
1720        1746        1        1
1720        1720        1        1
1720        1693        1        1
1720        1667        1        1
1693        1667        1        1
1693        1640        1        1
1667        1614        1        1
1640        1588        1        1
1614        1588        1        1
1588        1588        1        1
1561        1614        1        1
1535        1614        1        1
1508        1614        1        1
1482        1640        1        1
1455        1640        1        1
1429        1640        1        1
1429        1667        1        1
1402        1667        1        1
1376        1667        1        1
1376        1693        1        1
1349        1693        1        1
1323        1720        1        1
1296        1746        1        1
1270        1773        1        1
1244        1773        1        1
1244        1799        1        1
1217        1826        1        1
1217        1852        1        1
1191        1852        1        1
1191        1879        1        1
1164        1905        1        1
1164        1879        1        1
1164        1852        1        1
1138        1852        1        1
1138        1826        1        1
1138        1799        1        1
1138        1773        1        1
1111        1773        1        1
1111        1746        1        1
1111        1720        1        1
1111        1693        1        1
1111        1667        1        1
1111        1640        1        1
1111        1614        1        1
1111        1588        1        1
1111        1561        1        1
1138        1561        1        1
1138        1535        1        1
1164        1508        1        1
1164        1482        1        1
1191        1482        1        1
1191        1455        1        1
1217        1455        1        1
1217        1429        1        1
1244        1429        1        1
1244        1402        1        1
1270        1402        1        1
1296        1376        1        1
1323        1376        1        1
1349        1376        1        1
1376        1349        1        1
1402        1349        1        1
1429        1349        1        1
1455        1323        1        1
1482        1323        1        1
1508        1323        1        1
1535        1323        1        1
1561        1296        1        1
1588        1296        1        1
1614        1296        1        1
1640        1296        1        1
1667        1296        1        1
1693        1296        1        1
1720        1296        1        1
1746        1296        1        1
1746        1323        1        1
1773        1323        1        1
1799        1323        1        1
1826        1323        1        1
1852        1349        1        1
1879        1349        1        1
1905        1349        1        1
1931        1376        1        1
1958        1376        1        1
1984        1402        1        1
2011        1402        1        1
2011        1429        1        1
2037        1429        1        1
2037        1455        1        1
2064        1482        1        1
2090        1508        1        1
2090        1535        1        1
2117        1535        1        1
2117        1561        1        1
2143        1588        1        1
2143        1614        1        1
2170        1640        1        1
2170        1667        1        1
2196        1693        1        1
2196        1720        1        1
2196        1746        1        1
2223        1773        1        1
2223        1799        1        1
2223        1826        1        1
2223        1852        1        1
2249        1852        1        1
2249        1879        1        1
2249        1905        1        1
2249        1931        1        1
2249        1958        1        1
2275        1958        1        1
2275        1984        1        1
2275        1958        1        1
2249        1931        1        1
2249        1905        1        1
2249        1879        1        1
2249        1852        1        1
2249        1826        1        1
2249        1799        1        1
2249        1773        1        1
2249        1746        1        1
2249        1720        1        1
2249        1693        1        1
2249        1667        1        1
2249        1640        1        1
2249        1614        1        1
2249        1588        1        1
2249        1561        1        1
2275        1561        1        1
2275        1535        1        1
2275        1508        1        1
2275        1482        1        1
2275        1455        1        1
2275        1482        1        1
2275        1455        1        1
2302        1455        1        1
2302        1429        1        1
2302        1402        1        1
2302        1376        1        1
2302        1349        1        1
2328        1349        1        1
2355        1376        1        1
2381        1376        1        1
2408        1376        1        1
2408        1402        1        1
2434        1402        1        1
2461        1429        1        1
2487        1429        1        1
2487        1455        1        1
2514        1455        1        1
2514        1482        1        1
2540        1508        1        1
2566        1535        1        1
2566        1561        1        1
2593        1588        1        1
2593        1614        1        1
2619        1614        1        1
2619        1640        1        1
2619        1667        1        1
2646        1693        1        1
2646        1720        1        1
2646        1746        1        1
2672        1773        1        1
2672        1799        1        1
2672        1826        1        1
2646        1826        1        1
2646        1852        1        1
2646        1879        1        1
2646        1905        1        1
2646        1931        1        1
2619        1958        1        1
2619        1984        1        1
2619        2011        1        1
2593        2037        1        1
2593        2064        1        1
2566        2090        1        1
2566        2117        1        1
2540        2143        1        1
2514        2170        1        1
2514        2196        1        1
2487        2223        1        1
2461        2249        1        1
2434        2275        1        1
2434        2302        1        1
2408        2328        1        1
2381        2328        1        1
2355        2355        1        1
2355        2381        1        1
2328        2381        1        1
2302        2381        1        1
2302        2408        1        1
2275        2408        1        1
2249        2434        1        1
2223        2434        1        1
2196        2434        1        1
2196        2461        1        1
2170        2434        1        1
2143        2434        1        1
2117        2434        1        1
2117        2408        1        1
2090        2408        1        1
2090        2381        1        1
2064        2355        1        1
2064        2328        1        1
2064        2302        1        1
2090        2275        1        1
2090        2249        1        1
2117        2249        1        1
2143        2223        1        1
2170        2223        1        1
2196        2223        1        1
2223        2223        1        1
2223        2249        1        1
2249        2249        1        1
2249        2275        1        1
2275        2275        1        1
2275        2302        1        1
2275        2328        1        1
2275        2355        1        1
2275        2381        1        1
2249        2381        1        1
2249        2408        1        1
2223        2408        1        1
2196        2408        1        1
2196        2381        1        1
2196        2355        1        1
2196        2381        1        1
2196        2408        1        1
2170        2434        1        1
2170        2408        1        1
2170        2381        1        1
2170        2355        1        1
2170        2381        1        1
2143        2408        1        1
2143        2381        1        1
2117        2381        1        1
2117        2355        1        1
2143        2328        1        1
2170        2302        1        1
2196        2328        1        1
2196        2355        1        1
2170        2355        1        1
2170        2381        1        1
2170        2355        1        1
2170        2328        1        1
2170        2302        1        1
2170        2275        1        1
2196        2275        1        1
2196        2249        1        1
2223        2249        1        1
2249        2249        1        1
2275        2249        1        1
2302        2249        1        1
2328        2249        1        1
2355        2275        1        1
2381        2275        1        1
2408        2302        1        1
2434        2328        1        1
2461        2328        1        1
2461        2355        1        1
2487        2355        1        1
2487        2381        1        1
2514        2381        1        1
2514        2408        1        1
2540        2434        1        1
2540        2461        1        1
2566        2487        1        1
2566        2514        1        1
2593        2540        1        1
2593        2566        1        1
2593        2593        1        1
2593        2619        1        1
2619        2646        1        1
2619        2672        1        1
2619        2699        1        1
2593        2725        1        1
2593        2752        1        1
2593        2778        1        1
2566        2805        1        1
2566        2858        1        1
2540        2884        1        1
2540        2910        1        1
2514        2937        1        1
2487        2963        1        1
2461        3016        1        1
2461        3043        1        1
2434        3069        1        1
2408        3096        1        1
2381        3122        1        1
2355        3149        1        1
2328        3175        1        1
2302        3201        1        1
2275        3228        1        1
2249        3228        1        1
2223        3254        1        1
2196        3254        1        1
2170        3281        1        1
2143        3281        1        1
2090        3281        1        1
2064        3281        1        1
2011        3281        1        1
1984        3281        1        1
1931        3281        1        1
1905        3254        1        1
1852        3228        1        1
1799        3228        1        1
1773        3201        1        1
1720        3175        1        1
1693        3149        1        1
1640        3122        1        1
1588        3069        1        1
1561        3043        1        1
1508        3016        1        1
1455        2990        1        1
1402        2937        1        1
1349        2910        1        1
1323        2884        1        1
1270        2831        1        1
1217        2805        1        1
1164        2778        1        1
1111        2725        1        1
1085        2699        1        1
1032        2646        1        1
 979        2619        1        1
 953        2566        1        1
 900        2514        1        1
 873        2487        1        1
 847        2434        1        1
 794        2408        1        1
 767        2355        1        1
 741        2328        1        1
 714        2275        1        1
 661        2249        1        1
 635        2223        1        1
 635        2170        1        1
 609        2143        1        1
 582        2117        1        1
 556        2064        1        1
 529        2037        1        1
 529        2011        1        1
 503        1958        1        1
 503        1931        1        1
 503        1905        1        1
 476        1879        1        1
 476        1852        1        1
 450        1826        1        1
 450        1799        1        1
 450        1773        1        1
 423        1773        1        1
 450        1773        1        1
 450        1799        1        1
PEN_UP                  0
END_CHARACTER: GGU
