CHARACTER_NAME: GGN
STROKE_COUNT: 3
  X           Y   STYLUS_STATE STROKE
PEN_DOWN
3016        1931        1        1
2990        1931        1        1
2963        1931        1        1
2937        1931        1        1
2910        1931        1        1
2910        1958        1        1
2884        1958        1        1
2858        1958        1        1
2831        1958        1        1
2805        1958        1        1
2778        1931        1        1
2752        1931        1        1
2725        1931        1        1
2699        1931        1        1
2672        1905        1        1
2646        1905        1        1
2619        1879        1        1
2593        1879        1        1
2566        1852        1        1
2540        1852        1        1
2514        1826        1        1
2487        1799        1        1
2461        1773        1        1
2434        1746        1        1
2408        1720        1        1
2408        1693        1        1
2381        1667        1        1
2355        1640        1        1
2328        1614        1        1
2328        1588        1        1
2302        1561        1        1
2302        1535        1        1
2302        1508        1        1
2275        1508        1        1
2275        1482        1        1
2275        1455        1        1
2275        1429        1        1
2249        1429        1        1
2249        1402        1        1
2249        1376        1        1
2249        1349        1        1
2249        1323        1        1
2249        1296        1        1
2249        1270        1        1
2249        1244        1        1
2249        1270        1        1
2249        1296        1        1
2249        1323        1        1
2249        1349        1        1
2223        1349        1        1
2223        1376        1        1
2223        1402        1        1
2223        1429        1        1
2196        1455        1        1
2196        1482        1        1
2196        1508        1        1
2170        1535        1        1
2170        1561        1        1
2143        1588        1        1
2143        1614        1        1
2117        1640        1        1
2117        1667        1        1
2117        1693        1        1
2090        1693        1        1
2090        1720        1        1
2090        1746        1        1
2064        1746        1        1
2064        1773        1        1
2064        1799        1        1
2037        1826        1        1
2037        1852        1        1
2037        1879        1        1
2037        1905        1        1
2037        1931        1        1
2037        1958        1        1
2037        1984        1        1
2037        2011        1        1
2037        2037        1        1
2064        2037        1        1
2064        2064        1        1
2064        2090        1        1
2064        2117        1        1
2064        2143        1        1
2090        2170        1        1
2090        2196        1        1
2090        2223        1        1
2117        2223        1        1
2117        2249        1        1
2117        2275        1        1
2143        2275        1        1
2143        2302        1        1
2170        2302        1        1
2170        2328        1        1
2170        2355        1        1
2196        2355        1        1
2196        2381        1        1
2223        2381        1        1
2249        2408        1        1
2275        2408        1        1
2302        2434        1        1
2328        2434        1        1
2355        2434        1        1
2381        2461        1        1
2408        2461        1        1
2434        2461        1        1
2461        2461        1        1
2487        2434        1        1
2514        2434        1        1
2540        2434        1        1
2593        2434        1        1
2619        2434        1        1
2646        2408        1        1
2672        2408        1        1
2699        2408        1        1
2725        2408        1        1
2752        2381        1        1
2778        2381        1        1
2805        2355        1        1
2831        2355        1        1
2858        2355        1        1
2858        2328        1        1
2884        2328        1        1
2910        2302        1        1
2910        2275        1        1
2937        2275        1        1
2937        2249        1        1
2963        2223        1        1
2963        2196        1        1
2990        2170        1        1
2990        2143        1        1
3016        2117        1        1
3016        2090        1        1
3016        2064        1        1
3016        2090        1        1
3016        2117        1        1
3016        2143        1        1
2990        2143        1        1
2990        2170        1        1
2990        2196        1        1
2990        2223        1        1
2990        2249        1        1
2990        2275        1        1
2990        2302        1        1
2990        2328        1        1
2990        2355        1        1
2990        2381        1        1
2990        2408        1        1
2990        2434        1        1
2990        2461        1        1
2963        2461        1        1
2963        2487        1        1
2963        2514        1        1
2963        2540        1        1
2937        2566        1        1
2937        2593        1        1
2937        2619        1        1
2910        2646        1        1
2910        2672        1        1
2910        2699        1        1
2884        2725        1        1
2858        2752        1        1
2858        2805        1        1
2831        2831        1        1
2805        2858        1        1
2778        2884        1        1
2752        2910        1        1
2725        2937        1        1
2699        2963        1        1
2646        3016        1        1
2619        3043        1        1
2593        3069        1        1
2566        3096        1        1
2514        3122        1        1
2487        3149        1        1
2461        3149        1        1
2408        3175        1        1
2381        3201        1        1
2328        3201        1        1
2302        3228        1        1
2275        3228        1        1
2223        3228        1        1
2170        3254        1        1
2143        3254        1        1
2090        3254        1        1
2037        3228        1        1
1984        3228        1        1
1931        3228        1        1
1879        3201        1        1
1826        3175        1        1
1773        3149        1        1
1720        3122        1        1
1667        3096        1        1
1614        3069        1        1
1588        3016        1        1
1535        2963        1        1
1482        2910        1        1
1455        2858        1        1
1402        2805        1        1
1376        2752        1        1
1349        2699        1        1
1323        2619        1        1
1296        2566        1        1
1296        2487        1        1
1270        2434        1        1
1244        2355        1        1
1244        2302        1        1
1244        2223        1        1
1244        2170        1        1
1217        2117        1        1
1217        2064        1        1
1217        2011        1        1
1217        1958        1        1
1217        1931        1        1
1217        1905        1        1
1217        1879        1        1
1217        1852        1        1
1217        1826        1        1
1217        1799        1        1
1244        1799        1        1
1244        1826        1        1
PEN_UP                  0
PEN_DOWN
3069        1826        1        2
3069        1852        1        2
3069        1879        1        2
3069        1905        1        2
3069        1879        1        2
3069        1852        1        2
3069        1826        1        2
3069        1799        1        2
3096        1799        1        2
3096        1773        1        2
3096        1746        1        2
3122        1746        1        2
3122        1720        1        2
3149        1720        1        2
3149        1693        1        2
3175        1693        1        2
3201        1667        1        2
3228        1667        1        2
3254        1667        1        2
3281        1640        1        2
3307        1640        1        2
3334        1640        1        2
3360        1640        1        2
3387        1614        1        2
3413        1614        1        2
3440        1614        1        2
3466        1614        1        2
3493        1614        1        2
3519        1614        1        2
3545        1614        1        2
3545        1640        1        2
3572        1640        1        2
3572        1667        1        2
3598        1667        1        2
3598        1693        1        2
3625        1693        1        2
3625        1720        1        2
3651        1746        1        2
3651        1773        1        2
3651        1799        1        2
3651        1826        1        2
3651        1852        1        2
3625        1879        1        2
3598        1905        1        2
3598        1931        1        2
3572        1958        1        2
3545        1958        1        2
3545        1984        1        2
3519        1984        1        2
3493        2011        1        2
3466        2037        1        2
3440        2037        1        2
3413        2064        1        2
3387        2064        1        2
3360        2064        1        2
3360        2090        1        2
3334        2064        1        2
3307        2064        1        2
3307        2037        1        2
3334        2011        1        2
3334        1984        1        2
3360        1984        1        2
3360        1958        1        2
3387        1958        1        2
3413        1931        1        2
3440        1931        1        2
3466        1931        1        2
3493        1931        1        2
3519        1931        1        2
3519        1958        1        2
3545        1958        1        2
3545        1984        1        2
3572        1984        1        2
3572        2011        1        2
3598        2011        1        2
3598        2037        1        2
3625        2064        1        2
3625        2090        1        2
3651        2090        1        2
3651        2117        1        2
3678        2143        1        2
3678        2170        1        2
3678        2196        1        2
3704        2196        1        2
3704        2223        1        2
3704        2249        1        2
3704        2275        1        2
3704        2302        1        2
3704        2328        1        2
3704        2355        1        2
3704        2381        1        2
3704        2408        1        2
3678        2434        1        2
3678        2461        1        2
3678        2487        1        2
3678        2514        1        2
3651        2540        1        2
3625        2566        1        2
3625        2593        1        2
3598        2593        1        2
3598        2619        1        2
3572        2619        1        2
3572        2646        1        2
3545        2646        1        2
3519        2646        1        2
3519        2672        1        2
3493        2672        1        2
3466        2672        1        2
3440        2672        1        2
3413        2672        1        2
3413        2646        1        2
3387        2646        1        2
3360        2646        1        2
3334        2646        1        2
3334        2619        1        2
3307        2619        1        2
3281        2593        1        2
3281        2566        1        2
3254        2540        1        2
3228        2540        1        2
3228        2514        1        2
3201        2487        1        2
3175        2461        1        2
3175        2434        1        2
3149        2408        1        2
3149        2381        1        2
3122        2355        1        2
3122        2328        1        2
3096        2302        1        2
3096        2275        1        2
3096        2249        1        2
3069        2223        1        2
3069        2196        1        2
3069        2170        1        2
3069        2143        1        2
3069        2117        1        2
3069        2090        1        2
3043        2064        1        2
3043        2037        1        2
3069        2037        1        2
3069        2011        1        2
3043        2011        1        2
3043        1984        1        2
PEN_UP                  0
PEN_DOWN
1270        1270        1        3
1270        1244        1        3
1296        1244        1        3
1323        1244        1        3
1349        1244        1        3
1376        1244        1        3
1402        1244        1        3
1429        1244        1        3
1455        1244        1        3
1482        1244        1        3
1535        1244        1        3
1561        1244        1        3
1614        1244        1        3
1667        1244        1        3
1720        1244        1        3
1773        1244        1        3
1826        1244        1        3
1905        1244        1        3
1958        1244        1        3
2037        1244        1        3
2090        1244        1        3
2143        1244        1        3
2223        1244        1        3
2275        1244        1        3
2328        1244        1        3
2381        1244        1        3
2434        1244        1        3
2487        1244        1        3
2540        1244        1        3
2593        1244        1        3
2646        1244        1        3
2672        1244        1        3
2725        1244        1        3
2778        1270        1        3
2805        1270        1        3
2831        1270        1        3
2884        1270        1        3
2910        1270        1        3
2937        1270        1        3
2963        1270        1        3
2990        1270        1        3
3016        1270        1        3
3043        1270        1        3
3069        1270        1        3
3069        1244        1        3
PEN_UP                  0
END_CHARACTER: GGN
