CHARACTER_NAME: NKH
STROKE_COUNT: 2
  X           Y   STYLUS_STATE STROKE
PEN_DOWN
 979        1191        1        1
 953        1164        1        1
 979        1164        1        1
 979        1191        1        1
1005        1191        1        1
1032        1217        1        1
1058        1217        1        1
1058        1244        1        1
1085        1244        1        1
1111        1244        1        1
1138        1244        1        1
1164        1244        1        1
1191        1270        1        1
1217        1270        1        1
1244        1270        1        1
1270        1270        1        1
1296        1270        1        1
1323        1270        1        1
1349        1270        1        1
1376        1270        1        1
1402        1270        1        1
1429        1270        1        1
1455        1270        1        1
1482        1270        1        1
1508        1270        1        1
1535        1270        1        1
1561        1270        1        1
1588        1270        1        1
1614        1270        1        1
1640        1270        1        1
1667        1270        1        1
1693        1270        1        1
1720        1270        1        1
1746        1270        1        1
1773        1270        1        1
1826        1244        1        1
1852        1244        1        1
1879        1244        1        1
1905        1244        1        1
1931        1244        1        1
1958        1217        1        1
1984        1217        1        1
2011        1217        1        1
2037        1191        1        1
2064        1191        1        1
2090        1191        1        1
2117        1164        1        1
2143        1164        1        1
2170        1164        1        1
2170        1138        1        1
2196        1138        1        1
2223        1111        1        1
2249        1111        1        1
2249        1085        1        1
2275        1085        1        1
2302        1058        1        1
2302        1032        1        1
2328        1032        1        1
2328        1005        1        1
2328         979        1        1
2355         953        1        1
2355         926        1        1
2355         900        1        1
2381         900        1        1
2355         873        1        1
2355         847        1        1
2355         820        1        1
2355         794        1        1
2328         794        1        1
2328         767        1        1
2302         767        1        1
2275         741        1        1
2249         741        1        1
2223         741        1        1
2196         767        1        1
2170         767        1        1
2143         767        1        1
2117         794        1        1
2090         794        1        1
2064         794        1        1
2064         820        1        1
2037         820        1        1
2037         847        1        1
2011         847        1        1
1984         873        1        1
1984         900        1        1
1958         900        1        1
1958         926        1        1
1958         953        1        1
1931         979        1        1
1931        1005        1        1
1931        1032        1        1
1931        1058        1        1
1905        1058        1        1
1905        1085        1        1
1905        1111        1        1
1905        1138        1        1
1905        1164        1        1
1905        1191        1        1
1905        1217        1        1
1905        1244        1        1
1879        1244        1        1
1879        1270        1        1
1879        1296        1        1
1879        1323        1        1
1879        1349        1        1
1879        1376        1        1
1879        1402        1        1
1879        1429        1        1
1879        1455        1        1
1879        1482        1        1
1879        1508        1        1
1879        1535        1        1
1879        1561        1        1
1879        1588        1        1
1852        1614        1        1
1852        1640        1        1
1852        1667        1        1
1852        1693        1        1
1852        1667        1        1
1879        1667        1        1
1879        1640        1        1
1905        1640        1        1
1931        1640        1        1
1931        1614        1        1
1958        1614        1        1
1984        1614        1        1
1984        1588        1        1
2011        1588        1        1
2037        1588        1        1
2037        1561        1        1
2064        1561        1        1
2090        1561        1        1
2117        1535        1        1
2143        1535        1        1
2143        1508        1        1
2170        1508        1        1
2196        1508        1        1
2223        1482        1        1
2249        1482        1        1
2275        1482        1        1
2302        1482        1        1
2302        1455        1        1
2328        1455        1        1
2355        1455        1        1
2381        1455        1        1
2408        1455        1        1
2434        1455        1        1
2461        1455        1        1
2487        1482        1        1
2514        1482        1        1
2514        1508        1        1
2514        1535        1        1
2540        1561        1        1
2540        1588        1        1
2540        1614        1        1
2540        1640        1        1
2540        1667        1        1
2514        1693        1        1
2514        1720        1        1
2514        1746        1        1
2487        1773        1        1
2487        1799        1        1
2461        1799        1        1
2461        1826        1        1
2434        1852        1        1
2434        1879        1        1
2434        1905        1        1
2408        1931        1        1
2408        1958        1        1
2381        1984        1        1
2355        2011        1        1
2355        2064        1        1
2328        2090        1        1
2302        2117        1        1
2275        2143        1        1
2275        2196        1        1
2249        2223        1        1
2223        2249        1        1
2223        2275        1        1
2196        2302        1        1
2170        2328        1        1
2143        2328        1        1
2117        2355        1        1
2117        2381        1        1
2090        2381        1        1
2064        2408        1        1
2011        2408        1        1
1984        2408        1        1
1958        2434        1        1
1931        2408        1        1
1879        2408        1        1
1852        2408        1        1
1799        2408        1        1
1773        2381        1        1
1720        2381        1        1
1667        2381        1        1
1640        2381        1        1
1588        2355        1        1
1561        2355        1        1
1508        2328        1        1
1455        2302        1        1
1429        2275        1        1
1376        2275        1        1
1349        2249        1        1
1296        2196        1        1
1244        2170        1        1
1217        2143        1        1
1164        2090        1        1
1138        2037        1        1
1111        2011        1        1
1058        1984        1        1
1032        1931        1        1
1005        1905        1        1
 979        1879        1        1
 953        1852        1        1
 926        1826        1        1
 900        1799        1        1
 900        1773        1        1
 873        1746        1        1
 847        1720        1        1
 847        1693        1        1
 820        1693        1        1
 820        1667        1        1
 794        1667        1        1
 820        1667        1        1
 847        1667        1        1
 873        1667        1        1
 900        1667        1        1
PEN_UP                  0
PEN_DOWN
2355        1535        1        2
2328        1508        1        2
2355        1508        1        2
2355        1535        1        2
2381        1535        1        2
2408        1535        1        2
2434        1535        1        2
2461        1535        1        2
2487        1535        1        2
2514        1535        1        2
2540        1535        1        2
2566        1535        1        2
2593        1535        1        2
2593        1561        1        2
2619        1561        1        2
2646        1561        1        2
2672        1561        1        2
2699        1588        1        2
2725        1588        1        2
2752        1614        1        2
2778        1614        1        2
2805        1640        1        2
2831        1640        1        2
2858        1667        1        2
2884        1693        1        2
2884        1720        1        2
2910        1720        1        2
2910        1746        1        2
2937        1746        1        2
2937        1773        1        2
2937        1799        1        2
2963        1799        1        2
2963        1826        1        2
2990        1852        1        2
2990        1879        1        2
2990        1905        1        2
2990        1931        1        2
2990        1958        1        2
2990        1984        1        2
2990        2011        1        2
2963        2037        1        2
2963        2064        1        2
2963        2090        1        2
2937        2117        1        2
2937        2143        1        2
2937        2170        1        2
2910        2196        1        2
2910        2223        1        2
2884        2249        1        2
2884        2275        1        2
2858        2302        1        2
2831        2328        1        2
2831        2355        1        2
2805        2381        1        2
2778        2408        1        2
2752        2434        1        2
2752        2461        1        2
2725        2487        1        2
2699        2514        1        2
2672        2514        1        2
2646        2540        1        2
2619        2566        1        2
2593        2593        1        2
2566        2593        1        2
2540        2619        1        2
2514        2619        1        2
2487        2646        1        2
2461        2646        1        2
2434        2672        1        2
2408        2672        1        2
2408        2699        1        2
2381        2699        1        2
2355        2699        1        2
2328        2699        1        2
2302        2699        1        2
2275        2699        1        2
2302        2672        1        2
2302        2646        1        2
2328        2646        1        2
2328        2619        1        2
2355        2619        1        2
2381        2619        1        2
2381        2593        1        2
2408        2593        1        2
2434        2593        1        2
2461        2593        1        2
2487        2593        1        2
2514        2593        1        2
2540        2593        1        2
2566        2593        1        2
2566        2619        1        2
2593        2619        1        2
2619        2619        1        2
2646        2619        1        2
2672        2646        1        2
2699        2646        1        2
2725        2646        1        2
2752        2672        1        2
2778        2672        1        2
2805        2672        1        2
2831        2699        1        2
2858        2699        1        2
2884        2725        1        2
2910        2725        1        2
2937        2752        1        2
2963        2778        1        2
2990        2805        1        2
3016        2831        1        2
3043        2858        1        2
3043        2884        1        2
3069        2884        1        2
3096        2937        1        2
3096        2963        1        2
3122        2990        1        2
3122        3043        1        2
3149        3096        1        2
3175        3122        1        2
3175        3175        1        2
3201        3228        1        2
3228        3281        1        2
3228        3334        1        2
3254        3387        1        2
3281        3440        1        2
3281        3493        1        2
3307        3519        1        2
3307        3572        1        2
3334        3598        1        2
3334        3625        1        2
3360        3678        1        2
3360        3704        1        2
3360        3731        1        2
3387        3731        1        2
3387        3757        1        2
3387        3784        1        2
3387        3757        1        2
3387        3731        1        2
3387        3704        1        2
3387        3678        1        2
3387        3651        1        2
3387        3598        1        2
3387        3572        1        2
3387        3519        1        2
3387        3466        1        2
3387        3413        1        2
3387        3360        1        2
3387        3307        1        2
3387        3254        1        2
3387        3201        1        2
3387        3149        1        2
3387        3069        1        2
3360        3016        1        2
3360        2937        1        2
3360        2884        1        2
3334        2831        1        2
3334        2752        1        2
3334        2699        1        2
3334        2619        1        2
3307        2566        1        2
3307        2487        1        2
3307        2434        1        2
3307        2381        1        2
3281        2302        1        2
3281        2249        1        2
3281        2196        1        2
3281        2117        1        2
3281        2064        1        2
3254        2011        1        2
3254        1958        1        2
3254        1905        1        2
3254        1826        1        2
3228        1773        1        2
3228        1720        1        2
3228        1667        1        2
3228        1614        1        2
3201        1561        1        2
3201        1535        1        2
3201        1482        1        2
3201        1429        1        2
3201        1402        1        2
3201        1349        1        2
3175        1323        1        2
3175        1296        1        2
3175        1244        1        2
3175        1217        1        2
3175        1191        1        2
3149        1138        1        2
3149        1111        1        2
3149        1085        1        2
3149        1058        1        2
3149        1032        1        2
3149        1005        1        2
3149         979        1        2
3175         979        1        2
3201        1005        1        2
3228        1005        1        2
3254        1005        1        2
3281        1032        1        2
3334        1032        1        2
3387        1058        1        2
3413        1058        1        2
3493        1058        1        2
3545        1085        1        2
3598        1085        1        2
3678        1085        1        2
3757        1085        1        2
3836        1111        1        2
3916        1111        1        2
3995        1111        1        2
4048        1111        1        2
4128        1111        1        2
4180        1111        1        2
4233        1111        1        2
4260        1111        1        2
4286        1111        1        2
4313        1111        1        2
4339        1111        1        2
4366        1111        1        2
4339        1085        1        2
4313        1085        1        2
PEN_UP                  0
END_CHARACTER: NKH
