CHARACTER_NAME: NGH
STROKE_COUNT: 4
  X           Y   STYLUS_STATE STROKE
PEN_DOWN
 635        1164        1        1
 635        1138        1        1
 609        1138        1        1
 635        1138        1        1
 635        1164        1        1
 661        1191        1        1
 661        1217        1        1
 688        1217        1        1
 688        1244        1        1
 714        1244        1        1
 714        1270        1        1
 741        1296        1        1
 767        1323        1        1
 794        1323        1        1
 794        1349        1        1
 820        1349        1        1
 847        1376        1        1
 873        1376        1        1
 873        1402        1        1
 900        1402        1        1
 926        1402        1        1
 953        1402        1        1
 979        1402        1        1
1005        1429        1        1
1032        1429        1        1
1058        1429        1        1
1058        1402        1        1
1085        1402        1        1
1111        1402        1        1
1138        1402        1        1
1164        1402        1        1
1191        1402        1        1
1191        1376        1        1
1217        1376        1        1
1244        1349        1        1
1270        1349        1        1
1296        1323        1        1
1323        1323        1        1
1323        1296        1        1
1349        1296        1        1
1349        1270        1        1
1376        1270        1        1
1376        1244        1        1
1402        1217        1        1
1402        1191        1        1
1429        1191        1        1
1429        1164        1        1
1429        1138        1        1
1455        1138        1        1
1455        1111        1        1
1455        1085        1        1
1482        1085        1        1
1482        1058        1        1
1482        1032        1        1
1455        1005        1        1
1455         979        1        1
1455         953        1        1
1455         926        1        1
1429         900        1        1
1429         873        1        1
1402         873        1        1
1402         847        1        1
1376         847        1        1
1376         820        1        1
1349         820        1        1
1349         847        1        1
1323         847        1        1
1296         847        1        1
1296         873        1        1
1270         873        1        1
1244         900        1        1
1244         926        1        1
1217         926        1        1
1217         953        1        1
1217         979        1        1
1191        1005        1        1
1191        1032        1        1
1191        1058        1        1
1191        1085        1        1
1191        1111        1        1
1191        1138        1        1
1191        1164        1        1
1191        1191        1        1
1191        1217        1        1
1191        1244        1        1
1191        1270        1        1
1191        1296        1        1
1191        1323        1        1
1191        1349        1        1
1191        1376        1        1
1191        1402        1        1
1191        1429        1        1
1191        1455        1        1
1191        1482        1        1
1191        1508        1        1
1191        1535        1        1
1191        1561        1        1
1191        1588        1        1
1191        1614        1        1
1191        1640        1        1
1191        1667        1        1
1191        1693        1        1
1191        1720        1        1
1191        1746        1        1
1191        1773        1        1
1191        1799        1        1
1191        1826        1        1
1191        1852        1        1
1191        1879        1        1
1191        1905        1        1
1191        1931        1        1
1191        1958        1        1
1191        1984        1        1
1191        2011        1        1
1191        2037        1        1
1191        2064        1        1
1191        2090        1        1
1191        2117        1        1
1191        2143        1        1
1191        2170        1        1
1191        2196        1        1
1217        2196        1        1
1217        2170        1        1
1244        2170        1        1
1244        2143        1        1
1270        2143        1        1
1270        2117        1        1
1296        2117        1        1
1323        2090        1        1
1349        2064        1        1
1349        2037        1        1
1376        2037        1        1
1402        2011        1        1
1402        1984        1        1
1429        1984        1        1
1455        1958        1        1
1482        1931        1        1
1482        1905        1        1
1508        1905        1        1
1535        1879        1        1
1561        1852        1        1
1588        1852        1        1
1588        1826        1        1
1614        1799        1        1
1640        1799        1        1
1667        1799        1        1
1667        1773        1        1
1693        1773        1        1
1720        1773        1        1
1720        1746        1        1
1746        1746        1        1
1773        1746        1        1
1799        1746        1        1
1826        1746        1        1
1852        1746        1        1
1879        1746        1        1
1879        1773        1        1
1905        1773        1        1
1931        1799        1        1
1958        1826        1        1
1984        1852        1        1
1984        1879        1        1
1984        1905        1        1
2011        1905        1        1
2011        1958        1        1
2011        1984        1        1
2011        2011        1        1
2011        2037        1        1
2011        2064        1        1
2011        2117        1        1
2011        2143        1        1
2011        2196        1        1
1984        2223        1        1
1984        2275        1        1
1984        2302        1        1
1958        2355        1        1
1958        2381        1        1
1958        2434        1        1
1931        2461        1        1
1931        2487        1        1
1905        2540        1        1
1905        2566        1        1
1879        2593        1        1
1879        2619        1        1
1852        2646        1        1
1852        2672        1        1
1826        2699        1        1
1799        2725        1        1
1799        2752        1        1
1773        2778        1        1
1746        2778        1        1
1720        2805        1        1
1720        2831        1        1
1693        2831        1        1
1667        2858        1        1
1640        2858        1        1
1614        2884        1        1
1561        2884        1        1
1535        2910        1        1
1508        2910        1        1
1455        2910        1        1
1429        2937        1        1
1376        2910        1        1
1349        2910        1        1
1323        2910        1        1
1296        2910        1        1
1244        2884        1        1
1217        2884        1        1
1191        2884        1        1
1164        2858        1        1
1138        2858        1        1
1111        2831        1        1
1085        2805        1        1
1058        2805        1        1
1005        2778        1        1
 979        2752        1        1
 953        2725        1        1
 926        2699        1        1
 900        2672        1        1
 847        2646        1        1
 820        2593        1        1
 794        2566        1        1
 767        2540        1        1
 741        2514        1        1
 714        2461        1        1
 688        2434        1        1
 661        2408        1        1
 635        2381        1        1
 635        2328        1        1
 609        2302        1        1
 609        2249        1        1
 582        2223        1        1
 582        2170        1        1
 582        2143        1        1
 556        2117        1        1
 556        2064        1        1
 556        2037        1        1
 556        2011        1        1
 529        1984        1        1
 529        1958        1        1
 529        1931        1        1
PEN_UP                  0
PEN_DOWN
2170         900        1        2
2170         873        1        2
2170         847        1        2
2143         847        1        2
2117         847        1        2
2117         873        1        2
2090         873        1        2
2064         900        1        2
2037         900        1        2
2037         926        1        2
2011         926        1        2
2011         953        1        2
1984         953        1        2
1984         979        1        2
1958         979        1        2
1958        1005        1        2
1931        1005        1        2
1931        1032        1        2
1905        1058        1        2
1905        1085        1        2
1879        1111        1        2
1879        1138        1        2
1852        1164        1        2
1852        1191        1        2
1826        1191        1        2
1826        1217        1        2
1826        1244        1        2
1799        1270        1        2
1799        1296        1        2
1773        1323        1        2
1773        1349        1        2
1773        1376        1        2
1773        1402        1        2
1773        1429        1        2
1799        1455        1        2
1799        1482        1        2
1799        1508        1        2
1799        1535        1        2
1799        1561        1        2
1826        1588        1        2
1826        1614        1        2
1826        1640        1        2
1852        1640        1        2
1852        1667        1        2
1852        1693        1        2
1879        1693        1        2
1905        1720        1        2
1931        1720        1        2
1931        1746        1        2
1958        1746        1        2
1984        1746        1        2
2011        1746        1        2
2037        1746        1        2
2064        1746        1        2
2090        1746        1        2
2117        1746        1        2
2143        1746        1        2
2170        1746        1        2
2196        1746        1        2
2223        1746        1        2
2223        1720        1        2
2249        1720        1        2
2275        1720        1        2
2302        1720        1        2
2328        1720        1        2
2355        1720        1        2
2355        1693        1        2
2381        1693        1        2
2408        1693        1        2
2434        1693        1        2
2408        1693        1        2
2381        1693        1        2
2381        1720        1        2
2355        1720        1        2
2328        1720        1        2
2328        1746        1        2
2302        1746        1        2
2302        1773        1        2
2275        1773        1        2
2275        1799        1        2
2249        1799        1        2
2223        1826        1        2
2223        1852        1        2
2196        1852        1        2
2196        1879        1        2
2170        1905        1        2
2170        1931        1        2
2170        1958        1        2
2143        1958        1        2
2143        1984        1        2
2143        2011        1        2
2117        2037        1        2
2117        2064        1        2
2117        2090        1        2
2090        2117        1        2
2090        2143        1        2
2090        2170        1        2
2064        2196        1        2
2064        2223        1        2
2064        2249        1        2
2037        2249        1        2
2037        2275        1        2
2037        2302        1        2
2037        2328        1        2
2011        2328        1        2
2011        2355        1        2
2011        2381        1        2
2011        2408        1        2
2011        2434        1        2
1984        2434        1        2
1984        2461        1        2
1984        2487        1        2
1984        2514        1        2
2011        2514        1        2
2011        2540        1        2
2011        2566        1        2
2037        2566        1        2
2037        2593        1        2
2064        2593        1        2
2064        2619        1        2
2090        2619        1        2
2090        2646        1        2
2117        2646        1        2
2143        2672        1        2
2143        2699        1        2
2170        2699        1        2
2196        2725        1        2
2223        2752        1        2
2249        2752        1        2
2275        2778        1        2
2302        2805        1        2
2328        2805        1        2
2355        2831        1        2
2381        2858        1        2
2408        2858        1        2
2408        2884        1        2
2434        2884        1        2
2461        2884        1        2
2461        2910        1        2
2487        2910        1        2
2514        2937        1        2
2540        2963        1        2
2566        2963        1        2
2593        2990        1        2
2619        3016        1        2
2646        3043        1        2
2672        3069        1        2
2699        3096        1        2
2725        3122        1        2
2752        3149        1        2
2778        3175        1        2
2805        3201        1        2
2831        3228        1        2
2858        3254        1        2
2858        3281        1        2
2884        3281        1        2
2884        3307        1        2
2910        3334        1        2
2937        3360        1        2
2937        3387        1        2
2910        3360        1        2
2910        3334        1        2
2910        3307        1        2
2910        3281        1        2
2910        3254        1        2
2910        3228        1        2
2884        3201        1        2
2884        3175        1        2
2884        3122        1        2
2884        3096        1        2
2884        3043        1        2
2884        2990        1        2
2884        2963        1        2
2884        2910        1        2
2884        2858        1        2
2884        2805        1        2
2884        2752        1        2
2884        2725        1        2
2884        2672        1        2
2884        2619        1        2
2884        2566        1        2
2884        2514        1        2
2884        2461        1        2
2884        2408        1        2
2884        2355        1        2
2884        2302        1        2
2884        2249        1        2
2884        2196        1        2
2884        2143        1        2
2884        2090        1        2
2884        2037        1        2
2858        1984        1        2
2858        1905        1        2
2858        1852        1        2
2858        1799        1        2
2858        1773        1        2
2858        1720        1        2
2858        1667        1        2
2858        1640        1        2
2858        1588        1        2
2858        1561        1        2
2858        1508        1        2
2858        1482        1        2
2858        1455        1        2
2858        1429        1        2
2884        1402        1        2
2884        1376        1        2
2884        1349        1        2
2884        1323        1        2
2884        1296        1        2
2884        1270        1        2
2884        1244        1        2
2884        1217        1        2
2884        1191        1        2
2884        1164        1        2
2910        1164        1        2
2910        1138        1        2
2910        1111        1        2
2910        1085        1        2
2910        1058        1        2
2910        1032        1        2
2910        1005        1        2
2910         979        1        2
2937         979        1        2
2937         953        1        2
2937         926        1        2
2937         900        1        2
2910         926        1        2
PEN_UP                  0
PEN_DOWN
2170         847        1        3
2143         847        1        3
2170         847        1        3
2196         847        1        3
2223         847        1        3
2249         847        1        3
2275         847        1        3
2302         847        1        3
2328         847        1        3
2381         847        1        3
2434         847        1        3
2487         847        1        3
2566         847        1        3
2619         847        1        3
2699         847        1        3
2778         847        1        3
2858         847        1        3
2937         847        1        3
3016         847        1        3
3096         847        1        3
3175         847        1        3
3254         847        1        3
3334         847        1        3
3387         847        1        3
3466         820        1        3
3519         820        1        3
3545         820        1        3
3598         820        1        3
3625         820        1        3
3651         820        1        3
3678         820        1        3
3704         820        1        3
3731         820        1        3
3704         820        1        3
3704         847        1        3
3678         847        1        3
3651         847        1        3
PEN_UP                  0
PEN_DOWN
1852         820        1        4
1879         820        1        4
PEN_UP                  0
END_CHARACTER: NGH
