CHARACTER_NAME: NGKH
STROKE_COUNT: 4
  X           Y   STYLUS_STATE STROKE
PEN_DOWN
 979        1244        1        1
1005        1244        1        1
1032        1244        1        1
1058        1244        1        1
1085        1270        1        1
1111        1270        1        1
1138        1270        1        1
1164        1270        1        1
1191        1270        1        1
1217        1270        1        1
1270        1270        1        1
1296        1270        1        1
1323        1270        1        1
1349        1270        1        1
1376        1244        1        1
1429        1244        1        1
1455        1244        1        1
1482        1244        1        1
1508        1217        1        1
1535        1217        1        1
1561        1191        1        1
1588        1191        1        1
1614        1164        1        1
1640        1138        1        1
1667        1138        1        1
1693        1111        1        1
1693        1085        1        1
1720        1085        1        1
1720        1058        1        1
1746        1032        1        1
1746        1005        1        1
1773        1005        1        1
1773         979        1        1
1773         953        1        1
1773         926        1        1
1773         900        1        1
1773         873        1        1
1773         847        1        1
1746         847        1        1
1746         820        1        1
1720         820        1        1
1693         820        1        1
1667         820        1        1
1640         820        1        1
1614         820        1        1
1588         820        1        1
1561         820        1        1
1535         820        1        1
1508         820        1        1
1482         820        1        1
1482         847        1        1
1455         847        1        1
1429         847        1        1
1429         873        1        1
1402         873        1        1
1402         900        1        1
1376         900        1        1
1376         926        1        1
1349         953        1        1
1349         979        1        1
1349        1005        1        1
1323        1032        1        1
1323        1058        1        1
1323        1085        1        1
1323        1111        1        1
1323        1138        1        1
1323        1164        1        1
1323        1191        1        1
1323        1217        1        1
1323        1244        1        1
1323        1296        1        1
1323        1323        1        1
1323        1349        1        1
1323        1402        1        1
1323        1429        1        1
1323        1482        1        1
1323        1508        1        1
1323        1561        1        1
1323        1588        1        1
1296        1614        1        1
1296        1667        1        1
1296        1693        1        1
1296        1720        1        1
1296        1746        1        1
1296        1773        1        1
1296        1799        1        1
1296        1826        1        1
1296        1852        1        1
1270        1879        1        1
1270        1905        1        1
1270        1931        1        1
1270        1958        1        1
1296        1958        1        1
1296        1931        1        1
1323        1931        1        1
1323        1905        1        1
1349        1879        1        1
1376        1879        1        1
1376        1852        1        1
1402        1852        1        1
1402        1826        1        1
1429        1826        1        1
1455        1799        1        1
1482        1799        1        1
1508        1773        1        1
1535        1773        1        1
1561        1746        1        1
1588        1746        1        1
1614        1720        1        1
1640        1720        1        1
1667        1693        1        1
1693        1693        1        1
1720        1667        1        1
1746        1667        1        1
1746        1640        1        1
1773        1640        1        1
1799        1640        1        1
1826        1640        1        1
1826        1614        1        1
1852        1614        1        1
1879        1640        1        1
1905        1640        1        1
1905        1667        1        1
1931        1667        1        1
1958        1693        1        1
1984        1720        1        1
1984        1746        1        1
2011        1773        1        1
2011        1799        1        1
2011        1826        1        1
2011        1852        1        1
2011        1879        1        1
2011        1905        1        1
2037        1931        1        1
2037        1958        1        1
2037        2011        1        1
2037        2037        1        1
2037        2090        1        1
2037        2117        1        1
2011        2143        1        1
2011        2196        1        1
2011        2249        1        1
1984        2275        1        1
1984        2302        1        1
1984        2355        1        1
1958        2381        1        1
1958        2408        1        1
1931        2461        1        1
1905        2487        1        1
1905        2514        1        1
1879        2540        1        1
1852        2566        1        1
1852        2593        1        1
1826        2619        1        1
1799        2646        1        1
1773        2672        1        1
1773        2699        1        1
1746        2699        1        1
1720        2725        1        1
1693        2725        1        1
1693        2752        1        1
1667        2752        1        1
1640        2752        1        1
1614        2778        1        1
1588        2778        1        1
1561        2778        1        1
1535        2778        1        1
1508        2778        1        1
1482        2778        1        1
1429        2778        1        1
1402        2778        1        1
1376        2752        1        1
1349        2752        1        1
1296        2752        1        1
1270        2725        1        1
1244        2725        1        1
1217        2699        1        1
1191        2672        1        1
1138        2646        1        1
1111        2619        1        1
1085        2593        1        1
1058        2566        1        1
1032        2540        1        1
1005        2514        1        1
 979        2487        1        1
 953        2434        1        1
 953        2408        1        1
 926        2355        1        1
 900        2302        1        1
 873        2275        1        1
 847        2223        1        1
 847        2196        1        1
 820        2143        1        1
 820        2090        1        1
 794        2064        1        1
 767        2037        1        1
 767        2011        1        1
 767        1984        1        1
 741        1958        1        1
 741        1931        1        1
 741        1905        1        1
 741        1879        1        1
 741        1852        1        1
 714        1852        1        1
 714        1826        1        1
 714        1799        1        1
 714        1773        1        1
 714        1746        1        1
 714        1773        1        1
 688        1773        1        1
PEN_UP                  0
PEN_DOWN
2143         873        1        2
2143         847        1        2
2170         873        1        2
2196         900        1        2
2196         926        1        2
2223         926        1        2
2223         953        1        2
2249         979        1        2
2249        1005        1        2
2249        1032        1        2
2275        1058        1        2
2275        1085        1        2
2275        1111        1        2
2275        1138        1        2
2249        1138        1        2
2249        1164        1        2
2249        1191        1        2
2249        1217        1        2
2223        1244        1        2
2223        1270        1        2
2196        1296        1        2
2196        1323        1        2
2170        1323        1        2
2170        1349        1        2
2143        1376        1        2
2117        1376        1        2
2117        1402        1        2
2090        1402        1        2
2064        1402        1        2
2037        1402        1        2
2011        1376        1        2
1984        1376        1        2
1984        1349        1        2
1958        1349        1        2
1958        1323        1        2
1984        1296        1        2
2011        1270        1        2
2037        1270        1        2
2037        1244        1        2
2064        1244        1        2
2090        1244        1        2
2117        1244        1        2
2143        1270        1        2
2170        1270        1        2
2170        1296        1        2
2196        1296        1        2
2223        1323        1        2
2249        1323        1        2
2249        1349        1        2
2275        1349        1        2
2302        1349        1        2
2302        1376        1        2
2328        1376        1        2
2328        1402        1        2
2355        1402        1        2
2355        1429        1        2
2381        1455        1        2
2381        1482        1        2
2408        1482        1        2
2408        1508        1        2
2408        1535        1        2
2408        1561        1        2
2408        1588        1        2
2408        1614        1        2
2408        1640        1        2
2381        1640        1        2
2381        1667        1        2
2355        1693        1        2
2328        1720        1        2
2302        1746        1        2
2275        1773        1        2
2249        1773        1        2
2249        1799        1        2
2223        1799        1        2
2196        1799        1        2
2170        1799        1        2
2143        1773        1        2
2117        1746        1        2
2143        1746        1        2
2143        1720        1        2
2143        1693        1        2
2170        1693        1        2
2170        1667        1        2
2196        1667        1        2
2223        1667        1        2
2249        1667        1        2
2275        1667        1        2
2302        1667        1        2
2302        1693        1        2
2328        1693        1        2
2355        1693        1        2
2355        1720        1        2
2381        1720        1        2
2381        1746        1        2
2408        1746        1        2
2408        1773        1        2
2434        1773        1        2
2434        1799        1        2
2461        1799        1        2
2461        1826        1        2
2461        1852        1        2
2487        1852        1        2
2487        1879        1        2
2514        1905        1        2
2514        1931        1        2
2540        1958        1        2
2540        1984        1        2
2540        2011        1        2
2566        2011        1        2
2566        2037        1        2
2566        2064        1        2
2593        2090        1        2
2593        2117        1        2
2619        2143        1        2
2619        2170        1        2
2619        2196        1        2
2646        2223        1        2
2646        2249        1        2
2646        2275        1        2
2672        2302        1        2
2672        2328        1        2
2672        2355        1        2
2672        2381        1        2
2699        2408        1        2
2699        2434        1        2
2699        2461        1        2
2699        2487        1        2
2725        2514        1        2
2725        2540        1        2
2725        2566        1        2
2725        2619        1        2
2752        2646        1        2
2752        2672        1        2
2752        2725        1        2
2778        2752        1        2
2778        2778        1        2
2778        2831        1        2
2778        2858        1        2
2778        2910        1        2
2805        2937        1        2
2805        2963        1        2
2805        2990        1        2
2805        3016        1        2
2805        3043        1        2
2805        3069        1        2
2805        3096        1        2
2805        3069        1        2
2805        3043        1        2
2831        3016        1        2
2831        2990        1        2
2831        2963        1        2
2831        2937        1        2
2858        2884        1        2
2858        2858        1        2
2858        2831        1        2
2858        2778        1        2
2884        2752        1        2
2884        2725        1        2
2884        2672        1        2
2884        2646        1        2
2884        2593        1        2
2910        2566        1        2
2910        2540        1        2
2910        2487        1        2
2910        2461        1        2
2910        2434        1        2
2910        2381        1        2
2910        2355        1        2
2910        2328        1        2
2910        2275        1        2
2910        2249        1        2
2910        2196        1        2
2910        2143        1        2
2910        2117        1        2
2910        2064        1        2
2910        2037        1        2
2910        1984        1        2
2910        1958        1        2
2910        1931        1        2
2910        1905        1        2
2910        1852        1        2
2910        1826        1        2
2910        1799        1        2
2910        1773        1        2
2910        1746        1        2
2910        1720        1        2
2910        1693        1        2
2910        1667        1        2
2910        1614        1        2
2910        1588        1        2
2910        1561        1        2
2910        1535        1        2
2910        1508        1        2
2910        1482        1        2
2910        1455        1        2
2910        1429        1        2
2910        1402        1        2
2910        1376        1        2
2910        1349        1        2
2910        1323        1        2
2910        1296        1        2
2910        1270        1        2
2910        1244        1        2
2910        1217        1        2
2910        1191        1        2
2910        1164        1        2
2910        1138        1        2
2910        1111        1        2
2910        1085        1        2
2910        1058        1        2
2910        1032        1        2
2910        1005        1        2
2910         979        1        2
2910         953        1        2
2910         926        1        2
2910         900        1        2
2910         873        1        2
2910         900        1        2
2884         900        1        2
PEN_UP                  0
PEN_DOWN
2487        1005        1        3
2487         979        1        3
2461         953        1        3
2487         953        1        3
2487         979        1        3
2487        1005        1        3
2487        1032        1        3
2487        1058        1        3
2487        1085        1        3
2487        1111        1        3
2487        1138        1        3
2487        1164        1        3
2487        1191        1        3
2487        1217        1        3
2487        1244        1        3
2487        1270        1        3
2514        1296        1        3
2514        1323        1        3
2514        1349        1        3
2514        1376        1        3
2540        1402        1        3
2540        1429        1        3
2566        1455        1        3
2593        1482        1        3
2619        1482        1        3
2646        1508        1        3
2672        1508        1        3
2699        1508        1        3
2725        1508        1        3
2752        1508        1        3
2778        1535        1        3
2805        1535        1        3
2831        1535        1        3
2858        1535        1        3
2884        1535        1        3
2910        1535        1        3
2937        1535        1        3
2963        1535        1        3
2990        1535        1        3
3016        1535        1        3
3043        1535        1        3
3069        1535        1        3
3096        1561        1        3
3122        1561        1        3
3149        1588        1        3
3175        1588        1        3
3201        1614        1        3
3228        1640        1        3
3254        1640        1        3
3281        1667        1        3
3281        1693        1        3
3307        1720        1        3
3334        1773        1        3
3334        1799        1        3
3334        1852        1        3
3360        1879        1        3
3360        1931        1        3
3360        1984        1        3
3360        2037        1        3
3360        2090        1        3
3360        2117        1        3
3360        2196        1        3
3360        2249        1        3
3360        2302        1        3
3360        2355        1        3
3360        2408        1        3
3360        2461        1        3
3360        2514        1        3
3360        2566        1        3
3360        2619        1        3
3360        2672        1        3
3360        2725        1        3
3387        2752        1        3
3387        2805        1        3
3387        2831        1        3
3387        2858        1        3
3387        2884        1        3
3387        2858        1        3
3360        2831        1        3
3360        2805        1        3
3360        2752        1        3
3334        2699        1        3
PEN_UP                  0
PEN_DOWN
1032         688        1        4
1058         688        1        4
1085         688        1        4
1111         688        1        4
1138         688        1        4
1164         688        1        4
1191         688        1        4
1217         688        1        4
1244         688        1        4
1296         688        1        4
1349         688        1        4
1402         688        1        4
1455         688        1        4
1482         688        1        4
1535         688        1        4
1588         714        1        4
1640         714        1        4
1693         714        1        4
1746         714        1        4
1799         714        1        4
1826         714        1        4
1879         714        1        4
1931         714        1        4
1958         714        1        4
2011         714        1        4
2064         714        1        4
2117         714        1        4
2143         714        1        4
2196         714        1        4
2249         741        1        4
2302         741        1        4
2355         741        1        4
2408         741        1        4
2434         741        1        4
2487         741        1        4
2540         741        1        4
2593         741        1        4
2646         741        1        4
2699         741        1        4
2725         741        1        4
2778         741        1        4
2831         741        1        4
2884         741        1        4
2937         741        1        4
2990         741        1        4
3043         741        1        4
3069         767        1        4
3122         767        1        4
3149         767        1        4
3201         767        1        4
3228         767        1        4
3281         767        1        4
3307         767        1        4
3360         767        1        4
3387         767        1        4
3413         767        1        4
3440         767        1        4
3466         767        1        4
3493         767        1        4
3466         767        1        4
PEN_UP                  0
END_CHARACTER: NGKH
