CHARACTER_NAME: TTH
STROKE_COUNT: 2
  X           Y   STYLUS_STATE STROKE
PEN_DOWN
 873        1852        1        1
 873        1826        1        1
 847        1826        1        1
 847        1799        1        1
 873        1799        1        1
 900        1799        1        1
 873        1826        1        1
 873        1852        1        1
 847        1852        1        1
 820        1852        1        1
 847        1826        1        1
 847        1799        1        1
 873        1799        1        1
 873        1826        1        1
 847        1852        1        1
 847        1826        1        1
 847        1852        1        1
 847        1826        1        1
 820        1826        1        1
 820        1799        1        1
 820        1773        1        1
 820        1746        1        1
 820        1720        1        1
 820        1693        1        1
 820        1667        1        1
 820        1640        1        1
 847        1640        1        1
 847        1614        1        1
 847        1588        1        1
 873        1588        1        1
 873        1561        1        1
 900        1561        1        1
 900        1535        1        1
 926        1535        1        1
 926        1508        1        1
 953        1508        1        1
 953        1482        1        1
 979        1482        1        1
1005        1455        1        1
1032        1455        1        1
1058        1455        1        1
1058        1429        1        1
1085        1429        1        1
1111        1429        1        1
1138        1402        1        1
1164        1402        1        1
1191        1402        1        1
1217        1402        1        1
1217        1376        1        1
1244        1376        1        1
1270        1376        1        1
1296        1376        1        1
1323        1376        1        1
1349        1402        1        1
1376        1402        1        1
1402        1402        1        1
1402        1429        1        1
1429        1429        1        1
1429        1455        1        1
1429        1482        1        1
1429        1508        1        1
1455        1508        1        1
1455        1535        1        1
1455        1561        1        1
1455        1588        1        1
1455        1614        1        1
1455        1640        1        1
1455        1667        1        1
1429        1667        1        1
1429        1693        1        1
1429        1720        1        1
1429        1746        1        1
1402        1746        1        1
1402        1773        1        1
1402        1799        1        1
1376        1799        1        1
1376        1826        1        1
1376        1852        1        1
1349        1879        1        1
1376        1879        1        1
1376        1852        1        1
1402        1852        1        1
1429        1826        1        1
1455        1799        1        1
1482        1799        1        1
1508        1773        1        1
1535        1773        1        1
1535        1746        1        1
1561        1746        1        1
1561        1720        1        1
1588        1720        1        1
1588        1693        1        1
1614        1693        1        1
1640        1667        1        1
1667        1640        1        1
1693        1640        1        1
1693        1614        1        1
1720        1614        1        1
1720        1588        1        1
1746        1588        1        1
1746        1561        1        1
1773        1561        1        1
1773        1535        1        1
1799        1535        1        1
1826        1535        1        1
1852        1535        1        1
1852        1508        1        1
1879        1508        1        1
1852        1535        1        1
1852        1561        1        1
1826        1561        1        1
1799        1561        1        1
1799        1535        1        1
1826        1508        1        1
1826        1482        1        1
1852        1482        1        1
1879        1482        1        1
1905        1482        1        1
1905        1508        1        1
1879        1535        1        1
1879        1561        1        1
1852        1561        1        1
1852        1535        1        1
1852        1508        1        1
1852        1482        1        1
1879        1482        1        1
1905        1455        1        1
1931        1455        1        1
1958        1455        1        1
1958        1482        1        1
1984        1482        1        1
2011        1482        1        1
2011        1508        1        1
2037        1508        1        1
2064        1535        1        1
2064        1561        1        1
2090        1561        1        1
2090        1588        1        1
2090        1614        1        1
2064        1640        1        1
2064        1667        1        1
2064        1693        1        1
2037        1720        1        1
2037        1746        1        1
2037        1773        1        1
2011        1773        1        1
2011        1799        1        1
2011        1826        1        1
1984        1826        1        1
1984        1852        1        1
1958        1879        1        1
1958        1905        1        1
1931        1905        1        1
1931        1931        1        1
1905        1958        1        1
1879        1984        1        1
1852        2011        1        1
1826        2037        1        1
1799        2064        1        1
1773        2090        1        1
1746        2117        1        1
1720        2117        1        1
1693        2143        1        1
1667        2170        1        1
1640        2196        1        1
1588        2223        1        1
1561        2249        1        1
1508        2249        1        1
1455        2275        1        1
1429        2302        1        1
1376        2302        1        1
1349        2328        1        1
1296        2328        1        1
1270        2355        1        1
1217        2355        1        1
1191        2355        1        1
1138        2355        1        1
1111        2355        1        1
1085        2355        1        1
1058        2355        1        1
1032        2355        1        1
1032        2328        1        1
1005        2328        1        1
1032        2328        1        1
1032        2302        1        1
1058        2302        1        1
1085        2275        1        1
1111        2275        1        1
1138        2249        1        1
1164        2249        1        1
1191        2249        1        1
1217        2249        1        1
1244        2249        1        1
1270        2249        1        1
1296        2249        1        1
1323        2249        1        1
1376        2249        1        1
1402        2275        1        1
1429        2275        1        1
1482        2275        1        1
1508        2275        1        1
1561        2275        1        1
1588        2302        1        1
1640        2302        1        1
1667        2302        1        1
1720        2302        1        1
1746        2328        1        1
1799        2328        1        1
1826        2355        1        1
1852        2355        1        1
1905        2381        1        1
1931        2408        1        1
1958        2434        1        1
2011        2461        1        1
2037        2487        1        1
2064        2540        1        1
2090        2566        1        1
2143        2593        1        1
2170        2646        1        1
2196        2672        1        1
2223        2725        1        1
2223        2778        1        1
2249        2805        1        1
2275        2858        1        1
2302        2910        1        1
2302        2963        1        1
2328        2990        1        1
2355        3043        1        1
2355        3096        1        1
2381        3175        1        1
2381        3228        1        1
2408        3281        1        1
2408        3334        1        1
2434        3387        1        1
2434        3413        1        1
2461        3466        1        1
2461        3519        1        1
2461        3545        1        1
2487        3572        1        1
2487        3598        1        1
2487        3625        1        1
2514        3651        1        1
2487        3625        1        1
2487        3598        1        1
2487        3572        1        1
2487        3545        1        1
2487        3519        1        1
2487        3493        1        1
2514        3440        1        1
2514        3413        1        1
2514        3360        1        1
2514        3307        1        1
2514        3254        1        1
2514        3201        1        1
2514        3149        1        1
2514        3096        1        1
2514        3016        1        1
2514        2963        1        1
2514        2884        1        1
2514        2831        1        1
2514        2778        1        1
2540        2699        1        1
2540        2646        1        1
2540        2593        1        1
2540        2514        1        1
2540        2461        1        1
2540        2408        1        1
2540        2355        1        1
2540        2302        1        1
2540        2223        1        1
2540        2170        1        1
2540        2117        1        1
2540        2037        1        1
2540        1984        1        1
2540        1931        1        1
2540        1879        1        1
2540        1826        1        1
2566        1799        1        1
2566        1746        1        1
2566        1693        1        1
2566        1640        1        1
2566        1588        1        1
2566        1561        1        1
2566        1535        1        1
2566        1508        1        1
2566        1482        1        1
2593        1455        1        1
2593        1429        1        1
2593        1402        1        1
2566        1402        1        1
PEN_UP                  0
PEN_DOWN
2328        1270        1        2
2328        1244        1        2
2302        1244        1        2
2275        1217        1        2
2302        1217        1        2
2328        1217        1        2
2355        1217        1        2
2381        1244        1        2
2434        1244        1        2
2461        1244        1        2
2514        1244        1        2
2566        1244        1        2
2619        1244        1        2
2672        1244        1        2
2752        1244        1        2
2858        1244        1        2
2937        1244        1        2
3043        1244        1        2
3149        1217        1        2
3254        1217        1        2
3360        1217        1        2
3466        1217        1        2
3545        1191        1        2
3625        1191        1        2
3704        1191        1        2
3757        1191        1        2
3810        1191        1        2
3863        1191        1        2
3889        1191        1        2
3916        1191        1        2
3942        1191        1        2
3916        1191        1        2
3889        1217        1        2
3863        1217        1        2
PEN_UP                  0
END_CHARACTER: TTH
