CHARACTER_NAME: GHA
STROKE_COUNT: 2
  X           Y   STYLUS_STATE STROKE
PEN_DOWN
1535        1164        1        1
1508        1164        1        1
1482        1191        1        1
1455        1191        1        1
1429        1217        1        1
1402        1217        1        1
1402        1244        1        1
1376        1244        1        1
1376        1270        1        1
1349        1270        1        1
1323        1296        1        1
1296        1296        1        1
1296        1323        1        1
1270        1323        1        1
1270        1349        1        1
1244        1349        1        1
1244        1376        1        1
1217        1402        1        1
1191        1429        1        1
1164        1455        1        1
1164        1482        1        1
1138        1508        1        1
1138        1535        1        1
1111        1535        1        1
1111        1561        1        1
1111        1588        1        1
1111        1614        1        1
1111        1640        1        1
1138        1667        1        1
1138        1693        1        1
1138        1720        1        1
1164        1746        1        1
1164        1773        1        1
1191        1773        1        1
1191        1799        1        1
1217        1799        1        1
1244        1826        1        1
1270        1826        1        1
1296        1826        1        1
1296        1852        1        1
1323        1852        1        1
1349        1852        1        1
1376        1852        1        1
1376        1879        1        1
1402        1879        1        1
1429        1879        1        1
1455        1879        1        1
1455        1852        1        1
1482        1852        1        1
1508        1852        1        1
1535        1852        1        1
1561        1852        1        1
1588        1852        1        1
1614        1826        1        1
1640        1826        1        1
1667        1826        1        1
1693        1799        1        1
1720        1799        1        1
1746        1799        1        1
1773        1799        1        1
1773        1773        1        1
1799        1773        1        1
1826        1773        1        1
1852        1746        1        1
1879        1746        1        1
1905        1720        1        1
1931        1720        1        1
1958        1720        1        1
1984        1693        1        1
2011        1693        1        1
2037        1693        1        1
2037        1667        1        1
2064        1667        1        1
2090        1667        1        1
2090        1640        1        1
2117        1640        1        1
2090        1640        1        1
2090        1667        1        1
2064        1667        1        1
2064        1693        1        1
2037        1693        1        1
2011        1720        1        1
1984        1720        1        1
1984        1746        1        1
1958        1746        1        1
1931        1746        1        1
1931        1773        1        1
1905        1773        1        1
1879        1773        1        1
1879        1799        1        1
1852        1799        1        1
1826        1799        1        1
1826        1826        1        1
1799        1826        1        1
1773        1826        1        1
1746        1852        1        1
1720        1852        1        1
1693        1879        1        1
1667        1879        1        1
1667        1905        1        1
1640        1905        1        1
1614        1931        1        1
1588        1931        1        1
1561        1958        1        1
1535        1958        1        1
1508        1984        1        1
1482        1984        1        1
1482        2011        1        1
1455        2011        1        1
1429        2037        1        1
1402        2037        1        1
1402        2064        1        1
1376        2064        1        1
1349        2064        1        1
1323        2090        1        1
1296        2117        1        1
1270        2143        1        1
1244        2143        1        1
1217        2170        1        1
1191        2170        1        1
1191        2196        1        1
1164        2196        1        1
1138        2223        1        1
1111        2249        1        1
1085        2275        1        1
1058        2275        1        1
1058        2302        1        1
1085        2302        1        1
1111        2302        1        1
1138        2302        1        1
1164        2302        1        1
1191        2302        1        1
1217        2302        1        1
1244        2302        1        1
1270        2302        1        1
1296        2302        1        1
1323        2302        1        1
1349        2302        1        1
1376        2302        1        1
1402        2302        1        1
1429        2302        1        1
1455        2302        1        1
1482        2302        1        1
1535        2328        1        1
1561        2328        1        1
1588        2328        1        1
1640        2355        1        1
1667        2355        1        1
1720        2381        1        1
1746        2381        1        1
1773        2408        1        1
1826        2434        1        1
1852        2461        1        1
1905        2487        1        1
1931        2514        1        1
1958        2540        1        1
2011        2566        1        1
2037        2593        1        1
2064        2619        1        1
2090        2646        1        1
2117        2672        1        1
2143        2699        1        1
2196        2725        1        1
2223        2778        1        1
2249        2805        1        1
2275        2858        1        1
2302        2884        1        1
2328        2937        1        1
2328        2963        1        1
2355        2990        1        1
2381        3043        1        1
2408        3069        1        1
2408        3096        1        1
2408        3122        1        1
2434        3149        1        1
2434        3175        1        1
2461        3201        1        1
2434        3175        1        1
2434        3149        1        1
2434        3122        1        1
2408        3096        1        1
2408        3069        1        1
2408        3043        1        1
2381        3016        1        1
2381        2990        1        1
2381        2937        1        1
2381        2910        1        1
2355        2884        1        1
2355        2858        1        1
2355        2831        1        1
2355        2805        1        1
2355        2778        1        1
2355        2752        1        1
2355        2725        1        1
2355        2699        1        1
2355        2672        1        1
2355        2646        1        1
2355        2593        1        1
2355        2566        1        1
2328        2540        1        1
2355        2487        1        1
2328        2461        1        1
2355        2434        1        1
2328        2381        1        1
2328        2355        1        1
2355        2302        1        1
2355        2275        1        1
2355        2223        1        1
2355        2196        1        1
2355        2143        1        1
2328        2117        1        1
2328        2064        1        1
2328        2037        1        1
2328        1984        1        1
2328        1958        1        1
2328        1931        1        1
2328        1879        1        1
2328        1852        1        1
2328        1826        1        1
2328        1799        1        1
2328        1773        1        1
2328        1746        1        1
2328        1720        1        1
2328        1693        1        1
2328        1667        1        1
2328        1640        1        1
2328        1614        1        1
2328        1588        1        1
2328        1561        1        1
2328        1535        1        1
2328        1508        1        1
2328        1482        1        1
2328        1429        1        1
2328        1402        1        1
2328        1376        1        1
2328        1349        1        1
2328        1323        1        1
2328        1296        1        1
2328        1270        1        1
2328        1244        1        1
2328        1217        1        1
2328        1191        1        1
2328        1164        1        1
2328        1138        1        1
2328        1111        1        1
2355        1111        1        1
2355        1085        1        1
2355        1058        1        1
2355        1032        1        1
2355        1005        1        1
2355         979        1        1
2355         953        1        1
2355         979        1        1
2355        1005        1        1
PEN_UP                  0
PEN_DOWN
 847         873        1        2
 847         900        1        2
 847         926        1        2
 820         926        1        2
 820         953        1        2
 847         979        1        2
 873         979        1        2
 900         979        1        2
 926         979        1        2
 953         979        1        2
 979         979        1        2
1005         953        1        2
1032         953        1        2
1058         953        1        2
1111         953        1        2
1138         953        1        2
1191         953        1        2
1244         953        1        2
1296         926        1        2
1323         926        1        2
1376         926        1        2
1429         900        1        2
1482         900        1        2
1535         900        1        2
1588         900        1        2
1614         900        1        2
1667         900        1        2
1720         873        1        2
1773         873        1        2
1826         873        1        2
1852         873        1        2
1905         873        1        2
1958         847        1        2
2011         847        1        2
2064         847        1        2
2117         847        1        2
2170         820        1        2
2196         820        1        2
2249         820        1        2
2302         820        1        2
2355         820        1        2
2408         794        1        2
2461         794        1        2
2514         794        1        2
2593         794        1        2
2646         794        1        2
2699         794        1        2
2752         767        1        2
2805         767        1        2
2858         767        1        2
2910         767        1        2
2963         767        1        2
3016         767        1        2
3069         741        1        2
3122         741        1        2
3175         741        1        2
3228         741        1        2
3281         741        1        2
3334         741        1        2
3360         714        1        2
3413         714        1        2
3440         714        1        2
3493         714        1        2
3519         714        1        2
3545         714        1        2
3572         714        1        2
3545         714        1        2
3519         714        1        2
3466         714        1        2
PEN_UP                  0
END_CHARACTER: GHA
