CHARACTER_NAME: PN
STROKE_COUNT: 3
  X           Y   STYLUS_STATE STROKE
PEN_DOWN
1588        1588        1        1
1614        1588        1        1
1614        1614        1        1
1640        1614        1        1
1640        1640        1        1
1667        1640        1        1
1667        1667        1        1
1693        1667        1        1
1693        1693        1        1
1693        1720        1        1
1693        1746        1        1
1693        1773        1        1
1693        1799        1        1
1693        1826        1        1
1667        1852        1        1
1640        1879        1        1
1640        1905        1        1
1614        1905        1        1
1588        1931        1        1
1561        1958        1        1
1588        1958        1        1
1588        1931        1        1
1614        1931        1        1
1614        1905        1        1
1614        1879        1        1
1640        1879        1        1
1640        1852        1        1
1667        1852        1        1
1667        1826        1        1
1693        1826        1        1
1693        1799        1        1
1720        1799        1        1
1746        1799        1        1
1746        1773        1        1
1773        1773        1        1
1799        1746        1        1
1826        1746        1        1
1852        1746        1        1
1852        1720        1        1
1879        1720        1        1
1905        1720        1        1
1931        1693        1        1
1958        1693        1        1
1984        1693        1        1
2011        1693        1        1
2011        1720        1        1
2037        1720        1        1
2064        1746        1        1
2090        1746        1        1
2090        1773        1        1
2090        1799        1        1
2117        1799        1        1
2117        1826        1        1
2117        1852        1        1
2143        1852        1        1
2143        1879        1        1
2143        1905        1        1
2170        1931        1        1
2170        1958        1        1
2170        1984        1        1
2170        2011        1        1
2196        2037        1        1
2196        2064        1        1
2196        2090        1        1
2196        2117        1        1
2196        2143        1        1
2223        2196        1        1
2223        2223        1        1
2223        2249        1        1
2249        2275        1        1
2249        2328        1        1
2249        2355        1        1
2249        2408        1        1
2275        2434        1        1
2275        2487        1        1
2275        2514        1        1
2302        2566        1        1
2302        2593        1        1
2328        2646        1        1
2328        2672        1        1
2328        2725        1        1
2328        2752        1        1
2355        2805        1        1
2355        2831        1        1
2355        2884        1        1
2381        2910        1        1
2381        2963        1        1
2408        2990        1        1
2408        3043        1        1
2408        3069        1        1
2434        3122        1        1
2434        3149        1        1
2434        3175        1        1
2434        3201        1        1
2461        3228        1        1
2461        3254        1        1
2461        3228        1        1
2461        3201        1        1
2461        3175        1        1
2461        3149        1        1
2434        3122        1        1
2434        3096        1        1
2434        3043        1        1
2434        3016        1        1
2408        2990        1        1
2408        2937        1        1
2381        2910        1        1
2381        2858        1        1
2381        2831        1        1
2355        2778        1        1
2355        2752        1        1
2355        2725        1        1
2355        2672        1        1
2328        2646        1        1
2328        2593        1        1
2302        2566        1        1
2302        2514        1        1
2302        2487        1        1
2275        2434        1        1
2275        2408        1        1
2275        2355        1        1
2249        2328        1        1
2249        2275        1        1
2249        2249        1        1
2223        2223        1        1
2223        2170        1        1
2223        2143        1        1
2196        2090        1        1
2196        2064        1        1
2196        2011        1        1
2170        1984        1        1
2170        1931        1        1
2170        1905        1        1
2143        1879        1        1
2143        1826        1        1
2143        1799        1        1
2117        1773        1        1
2117        1720        1        1
2117        1693        1        1
2090        1667        1        1
2090        1640        1        1
2090        1614        1        1
2090        1561        1        1
2090        1535        1        1
2090        1508        1        1
2090        1482        1        1
2064        1455        1        1
2064        1429        1        1
2064        1402        1        1
2064        1376        1        1
2090        1376        1        1
2117        1376        1        1
2143        1376        1        1
2170        1376        1        1
2223        1349        1        1
2275        1349        1        1
2328        1323        1        1
2408        1296        1        1
2487        1296        1        1
2566        1270        1        1
2619        1270        1        1
2672        1244        1        1
2725        1244        1        1
2752        1244        1        1
2778        1217        1        1
2805        1217        1        1
2805        1244        1        1
2778        1244        1        1
PEN_UP                  0
PEN_DOWN
1429        1693        1        2
1402        1693        1        2
1376        1693        1        2
1376        1667        1        2
1349        1667        1        2
1323        1667        1        2
1323        1640        1        2
1349        1640        1        2
1376        1614        1        2
1402        1614        1        2
1429        1614        1        2
1455        1588        1        2
1482        1588        1        2
1535        1588        1        2
1561        1588        1        2
1588        1588        1        2
1640        1561        1        2
1667        1561        1        2
1693        1561        1        2
1746        1561        1        2
1773        1561        1        2
1826        1561        1        2
1852        1561        1        2
1879        1588        1        2
1931        1588        1        2
1958        1588        1        2
1984        1588        1        2
2011        1588        1        2
2037        1588        1        2
2090        1614        1        2
2117        1614        1        2
2143        1614        1        2
2170        1614        1        2
2196        1640        1        2
2223        1640        1        2
2223        1667        1        2
2249        1667        1        2
2249        1693        1        2
2275        1693        1        2
PEN_UP                  0
PEN_DOWN
2302        2858        1        3
2275        2831        1        3
2275        2805        1        3
2275        2778        1        3
2249        2752        1        3
2249        2725        1        3
2249        2699        1        3
2223        2699        1        3
2223        2672        1        3
2196        2646        1        3
2196        2619        1        3
2170        2619        1        3
2170        2593        1        3
2143        2593        1        3
2143        2566        1        3
2117        2540        1        3
2090        2514        1        3
2064        2514        1        3
2064        2487        1        3
2037        2487        1        3
2011        2487        1        3
1984        2487        1        3
1958        2487        1        3
1931        2487        1        3
1905        2514        1        3
1879        2514        1        3
1879        2540        1        3
1852        2540        1        3
1826        2540        1        3
1826        2566        1        3
1799        2593        1        3
1773        2619        1        3
1746        2646        1        3
1746        2672        1        3
1720        2672        1        3
1720        2699        1        3
1720        2725        1        3
1693        2752        1        3
1693        2778        1        3
1693        2805        1        3
1693        2831        1        3
1693        2858        1        3
1693        2884        1        3
1720        2910        1        3
1720        2937        1        3
1720        2963        1        3
1746        2990        1        3
1746        3016        1        3
1773        3043        1        3
1799        3043        1        3
1826        3016        1        3
1826        2990        1        3
1799        2963        1        3
1799        2937        1        3
1773        2910        1        3
1773        2884        1        3
1746        2884        1        3
1746        2858        1        3
PEN_UP                  0
END_CHARACTER: PN
