CHARACTER_NAME: HN
STROKE_COUNT: 3
  X           Y   STYLUS_STATE STROKE
PEN_DOWN
1931        1588        1        1
1905        1588        1        1
1879        1588        1        1
1852        1588        1        1
1826        1588        1        1
1852        1588        1        1
1879        1588        1        1
1905        1588        1        1
1931        1588        1        1
1958        1588        1        1
1984        1588        1        1
2037        1561        1        1
2064        1561        1        1
2090        1561        1        1
2117        1561        1        1
2143        1561        1        1
2170        1561        1        1
2223        1535        1        1
2249        1535        1        1
2302        1535        1        1
2355        1535        1        1
2408        1508        1        1
2461        1508        1        1
2514        1508        1        1
2566        1482        1        1
2619        1482        1        1
2672        1482        1        1
2725        1482        1        1
2778        1455        1        1
2831        1455        1        1
2884        1455        1        1
2937        1455        1        1
3016        1429        1        1
3043        1429        1        1
3096        1429        1        1
3149        1402        1        1
3175        1402        1        1
3228        1402        1        1
3254        1402        1        1
3281        1402        1        1
3307        1402        1        1
3281        1402        1        1
PEN_UP                  0
PEN_DOWN
2328        1746        1        2
2328        1720        1        2
2328        1693        1        2
2328        1667        1        2
2328        1693        1        2
2355        1720        1        2
2355        1746        1        2
2355        1773        1        2
2355        1799        1        2
2381        1799        1        2
2381        1826        1        2
2381        1852        1        2
2381        1879        1        2
2381        1905        1        2
2381        1931        1        2
2381        1958        1        2
2381        1984        1        2
2381        2011        1        2
2381        2037        1        2
2381        2064        1        2
2381        2090        1        2
2381        2117        1        2
2355        2143        1        2
2328        2170        1        2
2328        2196        1        2
2302        2196        1        2
2302        2223        1        2
2275        2223        1        2
2249        2223        1        2
2223        2223        1        2
2223        2196        1        2
2196        2196        1        2
2196        2170        1        2
2196        2143        1        2
2196        2117        1        2
2196        2090        1        2
2196        2064        1        2
2223        2064        1        2
2223        2037        1        2
2223        2011        1        2
2249        2011        1        2
2249        1984        1        2
2275        1984        1        2
2302        1984        1        2
2302        2011        1        2
2328        2011        1        2
2328        2037        1        2
2302        2037        1        2
2328        2037        1        2
2302        2064        1        2
2328        2064        1        2
2328        2090        1        2
2302        2090        1        2
2302        2117        1        2
2275        2117        1        2
2275        2090        1        2
2302        2117        1        2
2275        2117        1        2
2275        2143        1        2
2275        2170        1        2
2249        2170        1        2
2223        2170        1        2
2223        2143        1        2
2223        2117        1        2
2223        2090        1        2
2223        2064        1        2
2249        2064        1        2
2249        2037        1        2
2275        2037        1        2
2275        2011        1        2
2302        2011        1        2
2302        1984        1        2
2328        1984        1        2
2355        1958        1        2
2381        1958        1        2
2408        1958        1        2
2434        1931        1        2
2461        1931        1        2
2487        1931        1        2
2514        1905        1        2
2540        1905        1        2
2566        1905        1        2
2593        1905        1        2
2619        1905        1        2
2646        1905        1        2
2672        1905        1        2
2699        1905        1        2
2725        1905        1        2
2752        1905        1        2
2778        1905        1        2
2805        1931        1        2
2831        1931        1        2
2858        1931        1        2
2858        1958        1        2
2884        1958        1        2
2910        1958        1        2
2910        1984        1        2
2937        1984        1        2
2937        2011        1        2
2963        2011        1        2
2963        2037        1        2
2990        2064        1        2
2990        2090        1        2
3016        2090        1        2
3016        2117        1        2
3016        2143        1        2
3043        2170        1        2
3043        2196        1        2
3043        2223        1        2
3043        2249        1        2
3016        2275        1        2
3016        2302        1        2
3016        2328        1        2
3016        2355        1        2
2990        2381        1        2
2963        2408        1        2
2963        2434        1        2
2937        2461        1        2
2937        2487        1        2
2910        2514        1        2
2884        2514        1        2
2858        2540        1        2
2831        2566        1        2
2805        2593        1        2
2778        2593        1        2
2752        2619        1        2
2725        2646        1        2
2699        2646        1        2
2672        2672        1        2
2646        2672        1        2
2619        2699        1        2
2593        2699        1        2
2566        2699        1        2
2540        2725        1        2
2514        2725        1        2
2487        2752        1        2
2461        2752        1        2
2434        2752        1        2
2408        2778        1        2
2381        2778        1        2
2355        2778        1        2
2328        2805        1        2
2302        2805        1        2
2275        2805        1        2
2249        2805        1        2
2249        2778        1        2
2249        2752        1        2
2275        2752        1        2
2275        2725        1        2
2302        2725        1        2
2328        2699        1        2
2355        2699        1        2
2381        2699        1        2
2408        2725        1        2
2434        2725        1        2
2461        2725        1        2
2487        2725        1        2
2514        2725        1        2
2540        2725        1        2
2566        2725        1        2
2593        2752        1        2
2619        2752        1        2
2646        2752        1        2
2672        2752        1        2
2672        2778        1        2
2699        2778        1        2
2725        2805        1        2
2752        2805        1        2
2778        2805        1        2
2778        2831        1        2
2805        2831        1        2
2805        2858        1        2
2831        2858        1        2
2831        2884        1        2
2858        2884        1        2
2858        2910        1        2
2884        2910        1        2
2884        2937        1        2
2910        2937        1        2
2910        2963        1        2
2937        2963        1        2
2937        2990        1        2
2963        2990        1        2
2963        3016        1        2
2963        3043        1        2
2990        3069        1        2
2990        3096        1        2
3016        3122        1        2
3016        3149        1        2
3016        3175        1        2
3043        3201        1        2
3043        3228        1        2
3043        3254        1        2
3069        3281        1        2
3069        3307        1        2
3096        3334        1        2
3096        3360        1        2
3122        3387        1        2
3122        3413        1        2
3122        3440        1        2
3149        3466        1        2
3149        3493        1        2
3175        3519        1        2
3175        3545        1        2
3201        3572        1        2
3228        3598        1        2
3254        3625        1        2
3281        3651        1        2
3307        3678        1        2
3334        3678        1        2
3360        3704        1        2
3387        3704        1        2
3413        3731        1        2
3440        3731        1        2
3466        3757        1        2
3493        3757        1        2
3519        3757        1        2
3572        3784        1        2
3598        3784        1        2
3625        3784        1        2
3651        3784        1        2
3678        3784        1        2
3651        3757        1        2
3625        3757        1        2
3625        3731        1        2
3572        3731        1        2
3545        3678        1        2
PEN_UP                  0
PEN_DOWN
3096        2328        1        3
3096        2302        1        3
3096        2275        1        3
3096        2249        1        3
3096        2223        1        3
3096        2196        1        3
3122        2170        1        3
3122        2143        1        3
3122        2117        1        3
3149        2117        1        3
3149        2090        1        3
3175        2064        1        3
3175        2037        1        3
3201        2037        1        3
3201        2011        1        3
3228        2011        1        3
3228        1984        1        3
3254        1958        1        3
3281        1958        1        3
3281        1931        1        3
3307        1931        1        3
3334        1931        1        3
3334        1958        1        3
3360        1958        1        3
3387        1958        1        3
3387        1984        1        3
3413        1984        1        3
3413        2011        1        3
3440        2011        1        3
3440        2037        1        3
3466        2037        1        3
3466        2064        1        3
3466        2090        1        3
3493        2117        1        3
3493        2143        1        3
3493        2170        1        3
3493        2196        1        3
3493        2223        1        3
3493        2249        1        3
3493        2275        1        3
3493        2302        1        3
3493        2328        1        3
3466        2355        1        3
3466        2381        1        3
3466        2408        1        3
3440        2434        1        3
3413        2434        1        3
3387        2434        1        3
3387        2408        1        3
3387        2381        1        3
3360        2355        1        3
3387        2355        1        3
3387        2328        1        3
3413        2328        1        3
3413        2355        1        3
3440        2355        1        3
3440        2381        1        3
PEN_UP                  0
END_CHARACTER: HN
