CHARACTER_NAME: XN
STROKE_COUNT: 4
  X           Y   STYLUS_STATE STROKE
PEN_DOWN
1296        1482        1        1
1296        1508        1        1
1296        1535        1        1
1323        1535        1        1
1323        1561        1        1
1323        1588        1        1
1349        1614        1        1
1349        1640        1        1
1349        1667        1        1
1349        1693        1        1
1349        1720        1        1
1349        1746        1        1
1349        1773        1        1
1323        1799        1        1
1296        1799        1        1
1296        1826        1        1
1270        1826        1        1
1270        1852        1        1
1244        1852        1        1
1217        1852        1        1
1191        1852        1        1
1164        1826        1        1
1138        1799        1        1
1138        1773        1        1
1164        1773        1        1
1164        1746        1        1
1191        1746        1        1
1217        1746        1        1
1217        1720        1        1
1244        1720        1        1
1270        1720        1        1
1296        1720        1        1
1323        1746        1        1
1349        1746        1        1
1376        1746        1        1
1402        1746        1        1
1402        1773        1        1
1429        1773        1        1
1455        1773        1        1
1455        1799        1        1
1482        1799        1        1
1482        1826        1        1
1508        1826        1        1
1508        1852        1        1
1535        1852        1        1
1535        1879        1        1
1561        1879        1        1
1561        1905        1        1
1561        1931        1        1
1588        1958        1        1
1588        1984        1        1
1588        2011        1        1
1588        2037        1        1
1588        2064        1        1
1588        2090        1        1
1588        2117        1        1
1588        2143        1        1
1588        2170        1        1
1588        2196        1        1
1561        2196        1        1
1561        2223        1        1
1561        2249        1        1
1535        2249        1        1
1535        2275        1        1
1508        2302        1        1
1508        2328        1        1
1482        2328        1        1
1482        2355        1        1
1455        2355        1        1
1455        2381        1        1
1429        2381        1        1
1429        2408        1        1
1402        2408        1        1
1402        2434        1        1
1376        2434        1        1
1349        2434        1        1
1323        2434        1        1
1296        2434        1        1
1270        2434        1        1
1244        2434        1        1
1244        2408        1        1
1217        2408        1        1
1217        2381        1        1
1191        2381        1        1
1217        2355        1        1
1217        2328        1        1
1244        2302        1        1
1270        2302        1        1
1270        2275        1        1
1296        2275        1        1
1323        2275        1        1
1323        2249        1        1
1349        2249        1        1
1376        2249        1        1
1402        2249        1        1
1429        2249        1        1
1455        2249        1        1
1482        2275        1        1
1508        2275        1        1
1535        2275        1        1
1535        2302        1        1
1561        2302        1        1
1588        2302        1        1
1614        2302        1        1
1614        2328        1        1
1640        2328        1        1
1667        2328        1        1
1667        2355        1        1
1693        2355        1        1
1720        2355        1        1
1720        2381        1        1
1746        2381        1        1
1746        2408        1        1
1773        2408        1        1
1773        2434        1        1
1799        2461        1        1
1826        2487        1        1
1826        2514        1        1
1852        2514        1        1
1852        2540        1        1
1852        2566        1        1
1879        2593        1        1
1879        2619        1        1
1905        2619        1        1
1905        2646        1        1
1905        2672        1        1
1931        2699        1        1
1931        2725        1        1
1958        2752        1        1
1958        2778        1        1
1958        2805        1        1
1984        2831        1        1
1984        2858        1        1
2011        2884        1        1
2011        2910        1        1
2011        2963        1        1
2037        2990        1        1
2037        3016        1        1
2037        3043        1        1
2064        3069        1        1
2064        3096        1        1
2064        3122        1        1
2090        3175        1        1
2090        3201        1        1
2117        3228        1        1
2117        3254        1        1
2117        3281        1        1
2117        3307        1        1
2117        3281        1        1
2117        3254        1        1
2117        3228        1        1
2090        3201        1        1
2090        3175        1        1
2090        3149        1        1
2090        3122        1        1
2090        3096        1        1
2064        3069        1        1
2064        3043        1        1
2064        3016        1        1
2064        2990        1        1
2064        2963        1        1
2064        2937        1        1
2037        2910        1        1
2037        2884        1        1
2037        2858        1        1
2037        2831        1        1
2037        2805        1        1
2011        2778        1        1
2011        2752        1        1
2011        2725        1        1
2011        2699        1        1
2011        2672        1        1
2011        2646        1        1
1984        2619        1        1
1984        2593        1        1
1984        2566        1        1
1984        2540        1        1
1958        2514        1        1
1958        2461        1        1
1958        2434        1        1
1958        2408        1        1
1931        2381        1        1
1931        2355        1        1
1931        2328        1        1
1931        2302        1        1
1931        2249        1        1
1905        2223        1        1
1905        2196        1        1
1905        2170        1        1
1905        2117        1        1
1905        2090        1        1
1905        2064        1        1
1879        2037        1        1
1879        1984        1        1
1879        1958        1        1
1879        1931        1        1
1879        1905        1        1
1879        1879        1        1
1879        1852        1        1
1852        1826        1        1
1852        1799        1        1
1852        1773        1        1
1852        1746        1        1
1852        1720        1        1
1852        1693        1        1
1852        1667        1        1
1852        1640        1        1
1852        1614        1        1
1852        1588        1        1
1852        1561        1        1
1852        1535        1        1
1826        1535        1        1
1799        1508        1        1
PEN_UP                  0
PEN_DOWN
1614        1455        1        2
1614        1482        1        2
1614        1508        1        2
1614        1535        1        2
1614        1561        1        2
1640        1588        1        2
1640        1614        1        2
1640        1640        1        2
1640        1667        1        2
1667        1693        1        2
1667        1720        1        2
1693        1720        1        2
1693        1746        1        2
1720        1773        1        2
1746        1799        1        2
1773        1799        1        2
1799        1799        1        2
1799        1826        1        2
1826        1826        1        2
1852        1799        1        2
1879        1799        1        2
1905        1799        1        2
1931        1773        1        2
1958        1773        1        2
1984        1773        1        2
2011        1773        1        2
2037        1746        1        2
2064        1746        1        2
2090        1746        1        2
2117        1746        1        2
2143        1746        1        2
2170        1746        1        2
2170        1773        1        2
2196        1773        1        2
2223        1773        1        2
2249        1799        1        2
2275        1799        1        2
2302        1826        1        2
2328        1852        1        2
2355        1852        1        2
2381        1879        1        2
2408        1905        1        2
2434        1931        1        2
2461        1958        1        2
2487        2011        1        2
2487        2037        1        2
2514        2090        1        2
2540        2143        1        2
2540        2196        1        2
2566        2249        1        2
2566        2302        1        2
2593        2355        1        2
2593        2408        1        2
2619        2434        1        2
2619        2487        1        2
2619        2540        1        2
2619        2566        1        2
2646        2593        1        2
2646        2619        1        2
2646        2646        1        2
2646        2672        1        2
2672        2699        1        2
2646        2672        1        2
2646        2646        1        2
2619        2619        1        2
2566        2566        1        2
2514        2514        1        2
2461        2487        1        2
PEN_UP                  0
PEN_DOWN
 847        1640        1        3
 873        1614        1        3
 900        1614        1        3
 926        1588        1        3
 953        1588        1        3
 979        1588        1        3
1005        1561        1        3
1032        1561        1        3
1085        1561        1        3
1111        1561        1        3
1138        1535        1        3
1191        1535        1        3
1217        1535        1        3
1270        1535        1        3
1296        1508        1        3
1349        1508        1        3
1402        1508        1        3
1455        1508        1        3
1482        1482        1        3
1535        1482        1        3
1588        1482        1        3
1640        1482        1        3
1693        1455        1        3
1746        1455        1        3
1773        1455        1        3
1826        1429        1        3
1879        1429        1        3
1905        1429        1        3
1958        1402        1        3
1984        1402        1        3
2037        1402        1        3
2090        1376        1        3
2117        1376        1        3
2170        1376        1        3
2223        1349        1        3
2275        1349        1        3
2328        1323        1        3
2381        1323        1        3
2434        1323        1        3
2487        1296        1        3
2540        1296        1        3
2566        1270        1        3
2619        1270        1        3
2672        1244        1        3
2699        1244        1        3
2725        1244        1        3
2752        1244        1        3
2778        1217        1        3
2805        1217        1        3
2805        1244        1        3
2778        1244        1        3
2752        1244        1        3
PEN_UP                  0
PEN_DOWN
2117        3545        1        4
2090        3545        1        4
2090        3519        1        4
2090        3493        1        4
2090        3466        1        4
2064        3466        1        4
2064        3440        1        4
2064        3413        1        4
2064        3387        1        4
2037        3360        1        4
2037        3334        1        4
2037        3307        1        4
2037        3281        1        4
2037        3254        1        4
2011        3228        1        4
2011        3201        1        4
2011        3175        1        4
1984        3149        1        4
1984        3122        1        4
1984        3096        1        4
1958        3096        1        4
1958        3069        1        4
1958        3043        1        4
1931        3043        1        4
1931        3016        1        4
1931        2990        1        4
1905        2990        1        4
1905        2963        1        4
1879        2963        1        4
1879        2937        1        4
1852        2937        1        4
1826        2937        1        4
1826        2963        1        4
1799        2963        1        4
1773        2963        1        4
1746        2963        1        4
1720        2963        1        4
1693        2963        1        4
1693        2990        1        4
1667        2990        1        4
1640        2990        1        4
1614        2990        1        4
1588        3016        1        4
1561        3016        1        4
1535        3016        1        4
1508        3043        1        4
1482        3043        1        4
1455        3069        1        4
1429        3069        1        4
1402        3096        1        4
1376        3122        1        4
1349        3149        1        4
1349        3175        1        4
1349        3201        1        4
1349        3228        1        4
1376        3254        1        4
1402        3281        1        4
1429        3281        1        4
1455        3281        1        4
1482        3281        1        4
1508        3281        1        4
1535        3281        1        4
1561        3254        1        4
1561        3228        1        4
1535        3201        1        4
1508        3175        1        4
1508        3149        1        4
1482        3122        1        4
1455        3122        1        4
1455        3096        1        4
1429        3096        1        4
1402        3096        1        4
1402        3122        1        4
1376        3149        1        4
1376        3175        1        4
1402        3175        1        4
1402        3201        1        4
1429        3228        1        4
1455        3228        1        4
PEN_UP                  0
END_CHARACTER: XN
