CHARACTER_NAME: MF
STROKE_COUNT: 3
  X           Y   STYLUS_STATE STROKE
PEN_DOWN
1323        1455        1        1
1349        1455        1        1
1349        1482        1        1
1376        1482        1        1
1402        1508        1        1
1429        1508        1        1
1429        1535        1        1
1455        1535        1        1
1455        1561        1        1
1482        1561        1        1
1508        1588        1        1
1535        1614        1        1
1535        1640        1        1
1561        1667        1        1
1561        1693        1        1
1561        1720        1        1
1535        1720        1        1
1535        1746        1        1
1535        1773        1        1
1535        1799        1        1
1535        1826        1        1
1508        1826        1        1
1482        1852        1        1
1482        1879        1        1
1455        1879        1        1
1429        1905        1        1
1402        1905        1        1
1376        1905        1        1
1376        1931        1        1
1349        1931        1        1
1323        1931        1        1
1323        1905        1        1
1296        1905        1        1
1270        1905        1        1
1270        1879        1        1
1270        1852        1        1
1270        1826        1        1
1296        1826        1        1
1296        1799        1        1
1323        1799        1        1
1323        1773        1        1
1349        1773        1        1
1376        1773        1        1
1402        1773        1        1
1429        1773        1        1
1455        1773        1        1
1482        1773        1        1
1508        1773        1        1
1508        1799        1        1
1535        1799        1        1
1561        1799        1        1
1588        1799        1        1
1588        1826        1        1
1614        1826        1        1
1640        1852        1        1
1667        1852        1        1
1667        1879        1        1
1693        1879        1        1
1693        1905        1        1
1720        1905        1        1
1746        1931        1        1
1746        1958        1        1
1773        1958        1        1
1799        1984        1        1
1799        2011        1        1
1826        2011        1        1
1826        2037        1        1
1852        2064        1        1
1852        2090        1        1
1879        2090        1        1
1879        2117        1        1
1879        2143        1        1
1905        2143        1        1
1905        2170        1        1
1905        2196        1        1
1931        2223        1        1
1931        2249        1        1
1931        2275        1        1
1958        2302        1        1
1958        2328        1        1
1958        2355        1        1
1984        2355        1        1
1984        2381        1        1
1984        2408        1        1
1984        2381        1        1
1984        2355        1        1
1958        2328        1        1
1958        2302        1        1
1958        2275        1        1
1958        2249        1        1
1931        2223        1        1
1931        2196        1        1
1931        2170        1        1
1931        2143        1        1
1931        2117        1        1
1931        2090        1        1
1905        2064        1        1
1905        2037        1        1
1905        2011        1        1
1905        1984        1        1
1905        1958        1        1
1905        1931        1        1
1905        1905        1        1
1905        1879        1        1
1905        1852        1        1
1905        1826        1        1
1905        1799        1        1
1905        1773        1        1
1905        1746        1        1
1905        1720        1        1
1905        1693        1        1
1905        1667        1        1
1905        1640        1        1
1905        1614        1        1
1905        1588        1        1
1905        1561        1        1
1905        1535        1        1
1905        1508        1        1
1905        1482        1        1
1905        1455        1        1
PEN_UP                  0
PEN_DOWN
1905        2249        1        2
1905        2223        1        2
1879        2223        1        2
1852        2223        1        2
1852        2249        1        2
1852        2275        1        2
1879        2302        1        2
1879        2328        1        2
1905        2328        1        2
1905        2355        1        2
1931        2355        1        2
1958        2381        1        2
1984        2381        1        2
2011        2408        1        2
2037        2408        1        2
2064        2408        1        2
2090        2408        1        2
2117        2434        1        2
2143        2434        1        2
2170        2434        1        2
2196        2434        1        2
2223        2461        1        2
2249        2461        1        2
2275        2461        1        2
2302        2487        1        2
2328        2487        1        2
2355        2487        1        2
2381        2514        1        2
2408        2514        1        2
2381        2514        1        2
2355        2514        1        2
2328        2514        1        2
2302        2514        1        2
2302        2540        1        2
2275        2540        1        2
2249        2540        1        2
2249        2566        1        2
2223        2566        1        2
2196        2593        1        2
2170        2593        1        2
2170        2619        1        2
2143        2619        1        2
2117        2646        1        2
2090        2672        1        2
2064        2672        1        2
2064        2699        1        2
2037        2699        1        2
2037        2725        1        2
2011        2725        1        2
1984        2752        1        2
1958        2778        1        2
1931        2805        1        2
1905        2831        1        2
1879        2858        1        2
1852        2858        1        2
1852        2884        1        2
1826        2884        1        2
1826        2910        1        2
1799        2910        1        2
1826        2910        1        2
1852        2884        1        2
1879        2884        1        2
1905        2884        1        2
1931        2884        1        2
1958        2884        1        2
1984        2884        1        2
2011        2884        1        2
2037        2884        1        2
2064        2884        1        2
2090        2884        1        2
2117        2884        1        2
2143        2884        1        2
2170        2910        1        2
2196        2910        1        2
2223        2937        1        2
2249        2937        1        2
2275        2963        1        2
2302        2963        1        2
2328        2990        1        2
2355        3016        1        2
2381        3043        1        2
2408        3043        1        2
2434        3069        1        2
2461        3096        1        2
2487        3122        1        2
2514        3149        1        2
2540        3175        1        2
2566        3228        1        2
2593        3254        1        2
2619        3281        1        2
2646        3307        1        2
2672        3334        1        2
2699        3360        1        2
2699        3387        1        2
2725        3413        1        2
2752        3440        1        2
2752        3466        1        2
2752        3493        1        2
2778        3493        1        2
2778        3519        1        2
2778        3545        1        2
2805        3545        1        2
2778        3545        1        2
2778        3519        1        2
2778        3493        1        2
2778        3466        1        2
2752        3466        1        2
2752        3413        1        2
2725        3387        1        2
2725        3360        1        2
2725        3334        1        2
2699        3281        1        2
2699        3254        1        2
2699        3201        1        2
2672        3149        1        2
2672        3122        1        2
2672        3069        1        2
2646        3043        1        2
2646        2990        1        2
2646        2963        1        2
2646        2910        1        2
2646        2884        1        2
2646        2831        1        2
2646        2805        1        2
2646        2778        1        2
2646        2752        1        2
2646        2699        1        2
2672        2672        1        2
2672        2646        1        2
2672        2619        1        2
2672        2593        1        2
2672        2540        1        2
2672        2514        1        2
2672        2487        1        2
2672        2461        1        2
2646        2408        1        2
2672        2381        1        2
2672        2355        1        2
2672        2302        1        2
2672        2275        1        2
2672        2249        1        2
2672        2223        1        2
2672        2170        1        2
2672        2143        1        2
2672        2117        1        2
2672        2090        1        2
2672        2037        1        2
2672        2011        1        2
2672        1984        1        2
2672        1958        1        2
2672        1931        1        2
2672        1905        1        2
2672        1879        1        2
2672        1852        1        2
2699        1826        1        2
2699        1799        1        2
2699        1773        1        2
2699        1746        1        2
2699        1720        1        2
2699        1693        1        2
2699        1667        1        2
2699        1640        1        2
2699        1614        1        2
2725        1588        1        2
2725        1561        1        2
2752        1561        1        2
2778        1561        1        2
2805        1561        1        2
2831        1561        1        2
2858        1561        1        2
2884        1561        1        2
2910        1588        1        2
2937        1588        1        2
2963        1614        1        2
2990        1640        1        2
3016        1667        1        2
3016        1693        1        2
3043        1693        1        2
3069        1720        1        2
3069        1746        1        2
3096        1773        1        2
3122        1799        1        2
3122        1826        1        2
3149        1879        1        2
3149        1905        1        2
3149        1931        1        2
3175        1958        1        2
3175        1984        1        2
3175        2011        1        2
3175        2037        1        2
3175        2064        1        2
3175        2090        1        2
3175        2117        1        2
3175        2143        1        2
3149        2143        1        2
3149        2170        1        2
3122        2170        1        2
3096        2196        1        2
3069        2196        1        2
3069        2170        1        2
3043        2170        1        2
PEN_UP                  0
PEN_DOWN
1005        1376        1        3
1032        1376        1        3
1058        1376        1        3
1085        1376        1        3
1111        1376        1        3
1138        1376        1        3
1164        1376        1        3
1191        1376        1        3
1217        1376        1        3
1270        1376        1        3
1296        1376        1        3
1349        1376        1        3
1376        1376        1        3
1429        1376        1        3
1482        1376        1        3
1535        1376        1        3
1561        1376        1        3
1614        1376        1        3
1667        1376        1        3
1693        1376        1        3
1746        1376        1        3
1799        1376        1        3
1852        1376        1        3
1905        1376        1        3
1931        1376        1        3
1984        1376        1        3
2011        1376        1        3
2064        1376        1        3
2117        1376        1        3
2143        1376        1        3
2196        1376        1        3
2223        1349        1        3
2275        1349        1        3
2328        1349        1        3
2355        1349        1        3
2408        1349        1        3
2461        1349        1        3
2514        1349        1        3
2540        1349        1        3
2593        1349        1        3
2646        1349        1        3
2699        1349        1        3
2725        1349        1        3
2778        1349        1        3
2805        1323        1        3
2858        1323        1        3
2884        1323        1        3
2910        1323        1        3
2937        1323        1        3
2990        1323        1        3
3016        1323        1        3
3043        1323        1        3
3069        1323        1        3
3096        1323        1        3
3122        1323        1        3
3149        1296        1        3
3175        1296        1        3
3201        1296        1        3
3228        1296        1        3
3254        1296        1        3
3281        1296        1        3
3307        1296        1        3
3334        1296        1        3
3360        1296        1        3
3334        1296        1        3
PEN_UP                  0
END_CHARACTER: MF
