CHARACTER_NAME: BB
STROKE_COUNT: 2
  X           Y   STYLUS_STATE STROKE
PEN_DOWN
2090        1402        1        1
2064        1402        1        1
2037        1402        1        1
2011        1402        1        1
2011        1429        1        1
1984        1429        1        1
1984        1455        1        1
1958        1455        1        1
1931        1455        1        1
1931        1482        1        1
1905        1482        1        1
1879        1508        1        1
1852        1535        1        1
1826        1561        1        1
1799        1561        1        1
1773        1588        1        1
1746        1614        1        1
1720        1640        1        1
1693        1640        1        1
1667        1667        1        1
1640        1693        1        1
1614        1720        1        1
1588        1746        1        1
1561        1746        1        1
1535        1773        1        1
1508        1799        1        1
1482        1826        1        1
1455        1826        1        1
1429        1852        1        1
1402        1852        1        1
1402        1879        1        1
1376        1879        1        1
1376        1905        1        1
1349        1905        1        1
1376        1905        1        1
1402        1905        1        1
1429        1905        1        1
1455        1905        1        1
1508        1905        1        1
1535        1905        1        1
1561        1905        1        1
1614        1931        1        1
1640        1931        1        1
1667        1931        1        1
1720        1931        1        1
1746        1958        1        1
1773        1958        1        1
1799        1984        1        1
1852        2011        1        1
1879        2037        1        1
1905        2064        1        1
1931        2090        1        1
1958        2117        1        1
1984        2143        1        1
2011        2170        1        1
2037        2196        1        1
2064        2223        1        1
2064        2275        1        1
2090        2302        1        1
2117        2328        1        1
2143        2355        1        1
2143        2381        1        1
2170        2408        1        1
2196        2434        1        1
2196        2461        1        1
2223        2487        1        1
2223        2514        1        1
2223        2540        1        1
2249        2540        1        1
2249        2566        1        1
2249        2593        1        1
2275        2593        1        1
2275        2619        1        1
2275        2593        1        1
2249        2566        1        1
2249        2540        1        1
2249        2514        1        1
2249        2487        1        1
2223        2461        1        1
2223        2434        1        1
2223        2381        1        1
2196        2355        1        1
2196        2328        1        1
2196        2302        1        1
2196        2249        1        1
2170        2223        1        1
2170        2196        1        1
2170        2170        1        1
2170        2143        1        1
2170        2090        1        1
2170        2064        1        1
2170        2037        1        1
2170        2011        1        1
2170        1984        1        1
2143        1958        1        1
2143        1931        1        1
2143        1905        1        1
2143        1879        1        1
2143        1852        1        1
2143        1826        1        1
2143        1799        1        1
2143        1773        1        1
2143        1746        1        1
2143        1720        1        1
2143        1693        1        1
2143        1667        1        1
2143        1640        1        1
2143        1614        1        1
2143        1588        1        1
2143        1561        1        1
2143        1535        1        1
2143        1508        1        1
2143        1482        1        1
2143        1455        1        1
2143        1429        1        1
2143        1402        1        1
2143        1376        1        1
2143        1402        1        1
2143        1429        1        1
2143        1455        1        1
2143        1482        1        1
2143        1508        1        1
2170        1535        1        1
2170        1561        1        1
2170        1588        1        1
2170        1614        1        1
2170        1640        1        1
2196        1667        1        1
2196        1693        1        1
2196        1720        1        1
2196        1746        1        1
2196        1773        1        1
2223        1799        1        1
2223        1852        1        1
2223        1879        1        1
2223        1905        1        1
2223        1958        1        1
2223        1984        1        1
2223        2037        1        1
2223        2064        1        1
2249        2117        1        1
2249        2143        1        1
2249        2196        1        1
2249        2223        1        1
2249        2249        1        1
2249        2302        1        1
2275        2328        1        1
2275        2355        1        1
2275        2381        1        1
2275        2434        1        1
2275        2461        1        1
2275        2487        1        1
2302        2540        1        1
2302        2566        1        1
2302        2593        1        1
2302        2619        1        1
2302        2646        1        1
2302        2699        1        1
2328        2725        1        1
2328        2752        1        1
2328        2805        1        1
2328        2831        1        1
2328        2858        1        1
2328        2884        1        1
2328        2937        1        1
2355        2963        1        1
2328        2990        1        1
2328        3043        1        1
2355        3069        1        1
2355        3122        1        1
2355        3149        1        1
2355        3175        1        1
2355        3201        1        1
2355        3228        1        1
2355        3254        1        1
2355        3281        1        1
2355        3307        1        1
2355        3281        1        1
2355        3254        1        1
2355        3228        1        1
2355        3201        1        1
2355        3175        1        1
2355        3149        1        1
2355        3122        1        1
2328        3096        1        1
2328        3069        1        1
2328        3016        1        1
2328        2990        1        1
2328        2963        1        1
2328        2910        1        1
2302        2884        1        1
2302        2831        1        1
2302        2805        1        1
2302        2778        1        1
2302        2725        1        1
2275        2699        1        1
2275        2672        1        1
2275        2646        1        1
2275        2619        1        1
2249        2593        1        1
2249        2566        1        1
2249        2540        1        1
2249        2514        1        1
2223        2514        1        1
2223        2487        1        1
2223        2461        1        1
2223        2434        1        1
2196        2408        1        1
2196        2381        1        1
2196        2355        1        1
2170        2328        1        1
2170        2302        1        1
2170        2275        1        1
2170        2249        1        1
2143        2249        1        1
2143        2223        1        1
2143        2196        1        1
2117        2196        1        1
2117        2223        1        1
2090        2249        1        1
2064        2249        1        1
2037        2275        1        1
2037        2302        1        1
2011        2302        1        1
1958        2328        1        1
1931        2355        1        1
1905        2355        1        1
1852        2381        1        1
1826        2408        1        1
1773        2408        1        1
1720        2434        1        1
1693        2461        1        1
1640        2461        1        1
1614        2487        1        1
1561        2487        1        1
1535        2514        1        1
1508        2514        1        1
1482        2514        1        1
1482        2540        1        1
1508        2540        1        1
1535        2566        1        1
1561        2566        1        1
1588        2593        1        1
1640        2593        1        1
1667        2593        1        1
1693        2619        1        1
1746        2619        1        1
1773        2646        1        1
1826        2646        1        1
1852        2672        1        1
1905        2672        1        1
1931        2699        1        1
1958        2725        1        1
1984        2752        1        1
2037        2778        1        1
2064        2805        1        1
2090        2831        1        1
2117        2884        1        1
2143        2910        1        1
2170        2963        1        1
2196        2990        1        1
2223        3043        1        1
2249        3096        1        1
2275        3122        1        1
2275        3175        1        1
2302        3201        1        1
2328        3228        1        1
2328        3254        1        1
2355        3281        1        1
2355        3307        1        1
2381        3307        1        1
2355        3307        1        1
2355        3281        1        1
2328        3281        1        1
2302        3254        1        1
PEN_UP                  0
PEN_DOWN
1640        1323        1        2
1640        1296        1        2
1667        1296        1        2
1693        1270        1        2
1720        1270        1        2
1746        1270        1        2
1773        1270        1        2
1799        1270        1        2
1852        1270        1        2
1879        1270        1        2
1931        1270        1        2
1984        1244        1        2
2037        1244        1        2
2090        1244        1        2
2143        1244        1        2
2196        1244        1        2
2249        1270        1        2
2328        1270        1        2
2381        1270        1        2
2434        1270        1        2
2514        1270        1        2
2566        1270        1        2
2619        1270        1        2
2699        1270        1        2
2725        1270        1        2
2778        1270        1        2
2805        1270        1        2
2858        1270        1        2
2884        1270        1        2
2910        1270        1        2
PEN_UP                  0
END_CHARACTER: BB
