CHARACTER_NAME: LB
STROKE_COUNT: 3
  X           Y   STYLUS_STATE STROKE
PEN_DOWN
2064        1455        1        1
2064        1429        1        1
2037        1429        1        1
2037        1455        1        1
2064        1455        1        1
2064        1482        1        1
2064        1508        1        1
2064        1535        1        1
2064        1561        1        1
2064        1588        1        1
2064        1614        1        1
2090        1640        1        1
2090        1667        1        1
2090        1693        1        1
2090        1720        1        1
2090        1746        1        1
2117        1773        1        1
2117        1799        1        1
2117        1826        1        1
2117        1852        1        1
2117        1905        1        1
2117        1931        1        1
2117        1958        1        1
2143        2011        1        1
2143        2037        1        1
2143        2090        1        1
2143        2143        1        1
2143        2170        1        1
2170        2223        1        1
2170        2275        1        1
2170        2328        1        1
2170        2381        1        1
2170        2434        1        1
2170        2487        1        1
2196        2514        1        1
2196        2566        1        1
2196        2619        1        1
2196        2672        1        1
2196        2725        1        1
2196        2778        1        1
2196        2805        1        1
2196        2858        1        1
2196        2910        1        1
2196        2963        1        1
2196        3016        1        1
2196        3069        1        1
2196        3122        1        1
2196        3175        1        1
2196        3228        1        1
2223        3281        1        1
2223        3334        1        1
2223        3387        1        1
2223        3440        1        1
2223        3493        1        1
2223        3519        1        1
2223        3572        1        1
2249        3598        1        1
2249        3651        1        1
2249        3678        1        1
2249        3704        1        1
2249        3731        1        1
2249        3757        1        1
2249        3784        1        1
2249        3757        1        1
2249        3731        1        1
2249        3704        1        1
2249        3678        1        1
2249        3651        1        1
2249        3625        1        1
2249        3598        1        1
2223        3572        1        1
2223        3545        1        1
2223        3493        1        1
2223        3466        1        1
2223        3440        1        1
2223        3387        1        1
2223        3360        1        1
2223        3334        1        1
2223        3281        1        1
2223        3254        1        1
2223        3228        1        1
2223        3201        1        1
2223        3149        1        1
2223        3122        1        1
2223        3096        1        1
2223        3069        1        1
2223        3043        1        1
2223        3016        1        1
2223        2990        1        1
2196        2963        1        1
2196        2937        1        1
2196        2910        1        1
2196        2884        1        1
2196        2858        1        1
2170        2831        1        1
2170        2805        1        1
2170        2778        1        1
2170        2752        1        1
2170        2725        1        1
2143        2699        1        1
2143        2672        1        1
2143        2646        1        1
2143        2619        1        1
2143        2593        1        1
2117        2593        1        1
2117        2566        1        1
2117        2540        1        1
2117        2514        1        1
2117        2487        1        1
2117        2461        1        1
2090        2434        1        1
2090        2408        1        1
2090        2381        1        1
2090        2355        1        1
2064        2328        1        1
2064        2302        1        1
2037        2275        1        1
2037        2249        1        1
2011        2249        1        1
2011        2223        1        1
1984        2196        1        1
1958        2170        1        1
1958        2143        1        1
1931        2143        1        1
1931        2117        1        1
1905        2117        1        1
1905        2090        1        1
1879        2090        1        1
1852        2064        1        1
1826        2064        1        1
1826        2037        1        1
1799        2037        1        1
1773        2011        1        1
1746        2011        1        1
1720        2011        1        1
1693        2011        1        1
1667        2037        1        1
1640        2037        1        1
1614        2037        1        1
1588        2037        1        1
1561        2064        1        1
1535        2064        1        1
1535        2090        1        1
1508        2090        1        1
1482        2117        1        1
1482        2143        1        1
1455        2143        1        1
1455        2170        1        1
1429        2170        1        1
1429        2196        1        1
1429        2223        1        1
1429        2249        1        1
1429        2275        1        1
1429        2302        1        1
1455        2302        1        1
1455        2328        1        1
1482        2355        1        1
1508        2381        1        1
1535        2381        1        1
1535        2408        1        1
1535        2381        1        1
1561        2381        1        1
1561        2355        1        1
1561        2328        1        1
1561        2302        1        1
1561        2275        1        1
1561        2249        1        1
1535        2223        1        1
1535        2196        1        1
1508        2196        1        1
1508        2170        1        1
1508        2143        1        1
1482        2143        1        1
1482        2117        1        1
1455        2117        1        1
1455        2090        1        1
1429        2090        1        1
1402        2064        1        1
1376        2064        1        1
1376        2037        1        1
1349        2037        1        1
1323        2037        1        1
1296        2037        1        1
1270        2037        1        1
1244        2037        1        1
1217        2037        1        1
1217        2064        1        1
1191        2064        1        1
1164        2064        1        1
1138        2064        1        1
1138        2090        1        1
1111        2090        1        1
1085        2090        1        1
1085        2117        1        1
1058        2117        1        1
1032        2143        1        1
1032        2170        1        1
1005        2170        1        1
1005        2196        1        1
 979        2223        1        1
 979        2249        1        1
 953        2249        1        1
 953        2275        1        1
 953        2302        1        1
 953        2328        1        1
 926        2355        1        1
 926        2381        1        1
 926        2408        1        1
 926        2434        1        1
 926        2461        1        1
 926        2487        1        1
 926        2514        1        1
 926        2540        1        1
 953        2540        1        1
 953        2566        1        1
 953        2593        1        1
 953        2619        1        1
 953        2646        1        1
 979        2646        1        1
 979        2672        1        1
 979        2699        1        1
1005        2699        1        1
1005        2725        1        1
1032        2725        1        1
1032        2752        1        1
1058        2778        1        1
1085        2778        1        1
1111        2778        1        1
1085        2778        1        1
1085        2752        1        1
1085        2725        1        1
PEN_UP                  0
PEN_DOWN
2090        2910        1        2
2090        2884        1        2
2117        2884        1        2
2117        2858        1        2
2090        2858        1        2
2064        2884        1        2
2037        2884        1        2
2011        2910        1        2
1984        2910        1        2
1958        2937        1        2
1931        2963        1        2
1905        2990        1        2
1852        3016        1        2
1826        3043        1        2
1773        3069        1        2
1746        3096        1        2
1720        3122        1        2
1667        3149        1        2
1640        3149        1        2
1614        3175        1        2
1588        3201        1        2
1561        3201        1        2
1535        3228        1        2
1508        3254        1        2
1482        3254        1        2
1455        3281        1        2
1429        3281        1        2
1429        3307        1        2
1429        3281        1        2
1455        3281        1        2
1482        3281        1        2
1508        3307        1        2
1535        3307        1        2
1561        3334        1        2
1614        3334        1        2
1640        3334        1        2
1667        3360        1        2
1693        3360        1        2
1720        3387        1        2
1746        3413        1        2
1799        3440        1        2
1826        3466        1        2
1852        3493        1        2
1879        3519        1        2
1905        3545        1        2
1905        3572        1        2
1931        3625        1        2
1958        3651        1        2
1958        3678        1        2
1984        3704        1        2
1984        3731        1        2
2011        3757        1        2
2011        3784        1        2
2037        3784        1        2
2037        3810        1        2
2037        3836        1        2
2064        3836        1        2
2064        3863        1        2
2064        3836        1        2
2064        3810        1        2
2064        3784        1        2
2037        3784        1        2
2037        3757        1        2
2037        3731        1        2
2011        3704        1        2
PEN_UP                  0
PEN_DOWN
1429        1561        1        3
1402        1561        1        3
1402        1535        1        3
1429        1535        1        3
1455        1535        1        3
1482        1535        1        3
1508        1535        1        3
1535        1535        1        3
1588        1535        1        3
1640        1508        1        3
1720        1508        1        3
1799        1508        1        3
1879        1482        1        3
1958        1482        1        3
2011        1482        1        3
2117        1482        1        3
2196        1482        1        3
2275        1482        1        3
2355        1455        1        3
2434        1482        1        3
2514        1482        1        3
2593        1455        1        3
2672        1482        1        3
2725        1482        1        3
2805        1482        1        3
2858        1482        1        3
2910        1482        1        3
2963        1455        1        3
3016        1455        1        3
3043        1455        1        3
3096        1455        1        3
3122        1455        1        3
3149        1455        1        3
3175        1455        1        3
3201        1455        1        3
3175        1455        1        3
PEN_UP                  0
END_CHARACTER: LB
