CHARACTER_NAME: LM
STROKE_COUNT: 4
  X           Y   STYLUS_STATE STROKE
PEN_DOWN
1588        2302        1        1
1588        2275        1        1
1614        2275        1        1
1614        2249        1        1
PEN_UP                  0
PEN_DOWN
1614        1535        1        2
1640        1561        1        2
1667        1561        1        2
1693        1561        1        2
1720        1561        1        2
1746        1561        1        2
1773        1561        1        2
1799        1561        1        2
1826        1561        1        2
1852        1561        1        2
1879        1561        1        2
1905        1561        1        2
1931        1561        1        2
1958        1561        1        2
2011        1561        1        2
2037        1561        1        2
2064        1561        1        2
2117        1561        1        2
2143        1561        1        2
2170        1561        1        2
2223        1561        1        2
2275        1561        1        2
2302        1561        1        2
2355        1561        1        2
2381        1561        1        2
2434        1561        1        2
2487        1561        1        2
2514        1561        1        2
2566        1561        1        2
2619        1561        1        2
2672        1561        1        2
2699        1561        1        2
2752        1561        1        2
2805        1561        1        2
2858        1561        1        2
2910        1561        1        2
2937        1561        1        2
2990        1535        1        2
3043        1535        1        2
3069        1535        1        2
3122        1535        1        2
3149        1535        1        2
3201        1535        1        2
3228        1535        1        2
3254        1535        1        2
3281        1535        1        2
3307        1535        1        2
3334        1535        1        2
3360        1535        1        2
PEN_UP                  0
PEN_DOWN
2328        1640        1        3
2302        1614        1        3
2302        1640        1        3
2328        1640        1        3
2355        1640        1        3
2355        1667        1        3
2381        1667        1        3
2381        1693        1        3
2408        1693        1        3
2408        1720        1        3
2434        1720        1        3
2434        1746        1        3
2461        1773        1        3
2461        1799        1        3
2461        1826        1        3
2461        1852        1        3
2461        1879        1        3
2461        1905        1        3
2461        1931        1        3
2461        1958        1        3
2461        1984        1        3
2461        2011        1        3
2434        2011        1        3
2434        2037        1        3
2434        2064        1        3
2408        2090        1        3
2408        2117        1        3
2408        2143        1        3
2381        2143        1        3
2381        2170        1        3
2381        2196        1        3
2355        2223        1        3
2355        2249        1        3
2328        2249        1        3
2328        2275        1        3
2328        2302        1        3
2302        2302        1        3
2302        2328        1        3
2275        2355        1        3
2249        2381        1        3
2223        2408        1        3
2196        2434        1        3
2170        2461        1        3
2143        2487        1        3
2117        2487        1        3
2117        2514        1        3
2090        2514        1        3
2064        2540        1        3
2037        2540        1        3
2037        2566        1        3
2011        2566        1        3
1984        2593        1        3
1958        2593        1        3
1931        2619        1        3
1905        2619        1        3
1879        2619        1        3
1852        2619        1        3
1852        2593        1        3
1826        2593        1        3
1826        2566        1        3
1852        2540        1        3
1852        2514        1        3
1852        2487        1        3
1879        2487        1        3
1879        2461        1        3
1905        2461        1        3
1931        2434        1        3
1958        2434        1        3
1984        2408        1        3
2011        2408        1        3
2037        2408        1        3
2064        2408        1        3
2090        2408        1        3
2090        2434        1        3
2117        2434        1        3
2143        2434        1        3
2170        2434        1        3
2196        2461        1        3
2223        2461        1        3
2249        2487        1        3
2275        2487        1        3
2302        2514        1        3
2328        2514        1        3
2355        2540        1        3
2355        2566        1        3
2381        2566        1        3
2408        2593        1        3
2434        2619        1        3
2461        2619        1        3
2461        2646        1        3
2487        2672        1        3
2514        2672        1        3
2540        2699        1        3
2566        2725        1        3
2593        2752        1        3
2593        2778        1        3
2619        2805        1        3
2646        2831        1        3
2672        2858        1        3
2699        2884        1        3
2725        2910        1        3
2752        2937        1        3
2752        2990        1        3
2778        3016        1        3
2805        3069        1        3
2831        3096        1        3
2858        3149        1        3
2858        3201        1        3
2884        3228        1        3
2910        3281        1        3
2937        3334        1        3
2937        3360        1        3
2963        3387        1        3
2963        3440        1        3
2990        3466        1        3
2990        3493        1        3
3016        3519        1        3
3016        3545        1        3
3043        3545        1        3
3043        3572        1        3
3016        3545        1        3
3016        3519        1        3
3016        3493        1        3
2990        3466        1        3
2990        3440        1        3
2963        3413        1        3
2963        3387        1        3
2937        3360        1        3
2937        3307        1        3
2937        3281        1        3
2910        3228        1        3
2910        3175        1        3
2910        3149        1        3
2884        3096        1        3
2884        3043        1        3
2884        2990        1        3
2884        2963        1        3
2884        2910        1        3
2884        2858        1        3
2884        2831        1        3
2884        2778        1        3
2884        2752        1        3
2884        2699        1        3
2884        2672        1        3
2884        2646        1        3
2884        2593        1        3
2884        2566        1        3
2884        2540        1        3
2884        2514        1        3
2884        2461        1        3
2884        2434        1        3
2884        2408        1        3
2884        2381        1        3
2884        2328        1        3
2884        2302        1        3
2884        2249        1        3
2884        2223        1        3
2910        2196        1        3
2910        2143        1        3
2910        2090        1        3
2910        2064        1        3
2910        2011        1        3
2910        1984        1        3
2910        1958        1        3
2910        1931        1        3
2910        1905        1        3
2910        1879        1        3
2910        1852        1        3
2910        1826        1        3
2910        1799        1        3
2910        1773        1        3
2910        1746        1        3
2910        1720        1        3
2910        1693        1        3
2937        1693        1        3
2937        1667        1        3
2937        1640        1        3
2937        1614        1        3
2937        1588        1        3
2910        1614        1        3
PEN_UP                  0
PEN_DOWN
2381        2117        1        4
2355        2090        1        4
2328        2090        1        4
2328        2064        1        4
2302        2064        1        4
2275        2037        1        4
2249        2037        1        4
2223        2011        1        4
2196        2011        1        4
2196        1984        1        4
2170        1984        1        4
2143        1958        1        4
2117        1958        1        4
2090        1958        1        4
2064        1958        1        4
2037        1931        1        4
2011        1931        1        4
1984        1958        1        4
1958        1958        1        4
1931        1958        1        4
1905        1958        1        4
1879        1984        1        4
1852        1984        1        4
1852        2011        1        4
1852        2037        1        4
1826        2037        1        4
1826        2064        1        4
1799        2090        1        4
1799        2117        1        4
1799        2143        1        4
1826        2143        1        4
1826        2170        1        4
1852        2170        1        4
1852        2196        1        4
1879        2196        1        4
1879        2223        1        4
1905        2223        1        4
1905        2196        1        4
1905        2170        1        4
1905        2143        1        4
1905        2117        1        4
1879        2117        1        4
1879        2090        1        4
1879        2064        1        4
1852        2064        1        4
1852        2090        1        4
1826        2090        1        4
1799        2090        1        4
1773        2064        1        4
1746        2064        1        4
1720        2064        1        4
1720        2037        1        4
1693        2037        1        4
1667        2037        1        4
1640        2011        1        4
1614        2011        1        4
1588        2011        1        4
1561        2011        1        4
1535        2011        1        4
1508        2011        1        4
1482        2011        1        4
1455        2037        1        4
1429        2037        1        4
1402        2064        1        4
1402        2090        1        4
1376        2090        1        4
1376        2117        1        4
1376        2143        1        4
1376        2170        1        4
1376        2196        1        4
1376        2223        1        4
1376        2249        1        4
1402        2249        1        4
1402        2275        1        4
1429        2302        1        4
1455        2328        1        4
1482        2328        1        4
1482        2355        1        4
1508        2355        1        4
1535        2381        1        4
1561        2381        1        4
1588        2381        1        4
1614        2381        1        4
1640        2381        1        4
1667        2381        1        4
1693        2355        1        4
1720        2355        1        4
1720        2328        1        4
1720        2302        1        4
1693        2302        1        4
1667        2302        1        4
PEN_UP                  0
END_CHARACTER: LM
