CHARACTER_NAME: BHM
STROKE_COUNT: 3
  X           Y   STYLUS_STATE STROKE
PEN_DOWN
1852        1455        1        1
1852        1429        1        1
1879        1429        1        1
1879        1455        1        1
1905        1455        1        1
1905        1482        1        1
1931        1482        1        1
1931        1508        1        1
1958        1508        1        1
1958        1535        1        1
1958        1561        1        1
1984        1561        1        1
1984        1588        1        1
1984        1614        1        1
1984        1640        1        1
1984        1667        1        1
1984        1693        1        1
1984        1720        1        1
1984        1746        1        1
1984        1773        1        1
1958        1773        1        1
1958        1799        1        1
1958        1826        1        1
1931        1826        1        1
1931        1852        1        1
1905        1852        1        1
1905        1879        1        1
1879        1905        1        1
1852        1905        1        1
1852        1931        1        1
1826        1931        1        1
1826        1958        1        1
1799        1958        1        1
1799        1984        1        1
1773        1984        1        1
1746        2011        1        1
1720        2011        1        1
1720        2037        1        1
1693        2037        1        1
1667        2037        1        1
1640        2037        1        1
1640        2011        1        1
1614        2011        1        1
1614        1984        1        1
1614        1958        1        1
1640        1931        1        1
1667        1905        1        1
1693        1905        1        1
1720        1905        1        1
1746        1905        1        1
1773        1905        1        1
1799        1905        1        1
1826        1905        1        1
1852        1905        1        1
1879        1905        1        1
1879        1931        1        1
1905        1931        1        1
1931        1931        1        1
1958        1931        1        1
1984        1931        1        1
2011        1958        1        1
2037        1958        1        1
2064        1958        1        1
2064        1984        1        1
2090        1984        1        1
2117        2011        1        1
2143        2011        1        1
2143        2037        1        1
2170        2064        1        1
2196        2090        1        1
2196        2117        1        1
2196        2143        1        1
2196        2170        1        1
2223        2196        1        1
2223        2223        1        1
2223        2249        1        1
2223        2275        1        1
2223        2302        1        1
2196        2302        1        1
2196        2328        1        1
2196        2355        1        1
2196        2381        1        1
2170        2408        1        1
2170        2434        1        1
2143        2461        1        1
2143        2487        1        1
2117        2514        1        1
2117        2540        1        1
2090        2540        1        1
2064        2566        1        1
2064        2593        1        1
2037        2593        1        1
2037        2619        1        1
2011        2646        1        1
1984        2672        1        1
1958        2672        1        1
1958        2699        1        1
1931        2699        1        1
1905        2725        1        1
1879        2725        1        1
1879        2752        1        1
1852        2752        1        1
1826        2778        1        1
1799        2778        1        1
1799        2752        1        1
1799        2725        1        1
1826        2725        1        1
1826        2699        1        1
1852        2699        1        1
1879        2699        1        1
1879        2672        1        1
1905        2672        1        1
1931        2672        1        1
1958        2672        1        1
1984        2672        1        1
2011        2699        1        1
2037        2699        1        1
2064        2699        1        1
2090        2699        1        1
2117        2699        1        1
2143        2725        1        1
2170        2725        1        1
2196        2725        1        1
2223        2752        1        1
2249        2778        1        1
2275        2805        1        1
2302        2805        1        1
2328        2831        1        1
2355        2858        1        1
2381        2884        1        1
2408        2910        1        1
2434        2937        1        1
2461        2963        1        1
2487        2990        1        1
2487        3016        1        1
2514        3043        1        1
2540        3096        1        1
2566        3122        1        1
2566        3149        1        1
2593        3201        1        1
2619        3228        1        1
2619        3281        1        1
2646        3307        1        1
2672        3360        1        1
2672        3387        1        1
2699        3440        1        1
2725        3466        1        1
2725        3519        1        1
2752        3545        1        1
2752        3598        1        1
2778        3625        1        1
2805        3651        1        1
2805        3678        1        1
2805        3704        1        1
2831        3731        1        1
2831        3757        1        1
2858        3784        1        1
2858        3810        1        1
2884        3810        1        1
2884        3784        1        1
2858        3757        1        1
2858        3731        1        1
2858        3704        1        1
2858        3678        1        1
2858        3651        1        1
2831        3625        1        1
2831        3598        1        1
2831        3572        1        1
2831        3545        1        1
2831        3493        1        1
2805        3466        1        1
2805        3413        1        1
2805        3387        1        1
2805        3334        1        1
2805        3281        1        1
2778        3254        1        1
2778        3201        1        1
2778        3149        1        1
2778        3122        1        1
2778        3069        1        1
2752        3043        1        1
2752        2990        1        1
2752        2937        1        1
2752        2910        1        1
2725        2858        1        1
2725        2831        1        1
2725        2778        1        1
2725        2752        1        1
2725        2699        1        1
2699        2672        1        1
2699        2646        1        1
2699        2593        1        1
2699        2566        1        1
2699        2514        1        1
2699        2487        1        1
2699        2434        1        1
2699        2408        1        1
2699        2355        1        1
2699        2328        1        1
2699        2275        1        1
2699        2249        1        1
2699        2196        1        1
2699        2143        1        1
2699        2117        1        1
2699        2064        1        1
2699        2037        1        1
2699        1984        1        1
2699        1958        1        1
2699        1905        1        1
2699        1879        1        1
2699        1852        1        1
2699        1826        1        1
2699        1799        1        1
2699        1773        1        1
2699        1720        1        1
2699        1693        1        1
2699        1667        1        1
2699        1640        1        1
2699        1614        1        1
2699        1588        1        1
2699        1561        1        1
2699        1535        1        1
2699        1508        1        1
2699        1482        1        1
2699        1455        1        1
2699        1429        1        1
2699        1402        1        1
2699        1376        1        1
2699        1349        1        1
2699        1323        1        1
2699        1296        1        1
2725        1296        1        1
PEN_UP                  0
PEN_DOWN
2011        1852        1        2
2011        1879        1        2
2037        1879        1        2
2037        1905        1        2
2064        1905        1        2
2064        1931        1        2
2090        1931        1        2
2090        1958        1        2
2117        1984        1        2
2143        1984        1        2
2143        2011        1        2
2170        2011        1        2
2196        2037        1        2
2223        2037        1        2
2249        2037        1        2
2275        2037        1        2
2302        2064        1        2
2328        2064        1        2
2355        2064        1        2
2381        2064        1        2
2408        2064        1        2
2434        2064        1        2
2461        2064        1        2
2487        2064        1        2
2514        2064        1        2
2540        2064        1        2
2566        2064        1        2
2593        2064        1        2
2619        2064        1        2
2672        2064        1        2
2699        2064        1        2
2725        2064        1        2
2752        2064        1        2
2805        2064        1        2
2831        2064        1        2
2858        2064        1        2
2884        2064        1        2
2910        2064        1        2
2937        2064        1        2
2990        2064        1        2
3016        2090        1        2
3043        2090        1        2
3069        2090        1        2
3096        2117        1        2
3122        2117        1        2
3149        2117        1        2
3175        2143        1        2
3201        2143        1        2
3228        2170        1        2
3228        2196        1        2
3254        2223        1        2
3281        2223        1        2
3281        2249        1        2
3307        2275        1        2
3334        2328        1        2
3334        2355        1        2
3360        2381        1        2
3360        2434        1        2
3387        2461        1        2
3387        2487        1        2
3413        2540        1        2
3413        2566        1        2
3413        2619        1        2
3440        2646        1        2
3440        2699        1        2
3440        2725        1        2
3466        2752        1        2
3466        2778        1        2
3466        2805        1        2
3466        2831        1        2
3466        2858        1        2
3466        2831        1        2
3440        2805        1        2
3413        2778        1        2
3387        2752        1        2
PEN_UP                  0
PEN_DOWN
1429        1482        1        3
1429        1455        1        3
1455        1455        1        3
1482        1455        1        3
1508        1455        1        3
1535        1455        1        3
1561        1455        1        3
1588        1455        1        3
1614        1455        1        3
1640        1455        1        3
1667        1455        1        3
1693        1455        1        3
1720        1455        1        3
1746        1455        1        3
1773        1455        1        3
1799        1455        1        3
1852        1455        1        3
1879        1455        1        3
1931        1455        1        3
1958        1455        1        3
1984        1455        1        3
2037        1455        1        3
2064        1455        1        3
2117        1455        1        3
2170        1455        1        3
2196        1455        1        3
2249        1455        1        3
2302        1455        1        3
2355        1429        1        3
2408        1429        1        3
2461        1429        1        3
2514        1429        1        3
2566        1429        1        3
2646        1429        1        3
2699        1429        1        3
2752        1429        1        3
2805        1402        1        3
2858        1402        1        3
2910        1402        1        3
2963        1402        1        3
3016        1402        1        3
3069        1402        1        3
3122        1402        1        3
3175        1402        1        3
3201        1402        1        3
3254        1402        1        3
3307        1402        1        3
3334        1402        1        3
3387        1402        1        3
3440        1402        1        3
3466        1402        1        3
3493        1402        1        3
3519        1402        1        3
3545        1402        1        3
3572        1402        1        3
3598        1402        1        3
3598        1376        1        3
3572        1376        1        3
PEN_UP                  0
END_CHARACTER: BHM
