CHARACTER_NAME: ML
STROKE_COUNT: 3
  X           Y   STYLUS_STATE STROKE
PEN_DOWN
2064        1217        1        1
2064        1191        1        1
2090        1191        1        1
2090        1217        1        1
2117        1217        1        1
2117        1244        1        1
2143        1244        1        1
2170        1270        1        1
2196        1270        1        1
2196        1296        1        1
2223        1296        1        1
2249        1323        1        1
2275        1323        1        1
2275        1349        1        1
2302        1376        1        1
2328        1376        1        1
2328        1402        1        1
2355        1429        1        1
2355        1455        1        1
2355        1482        1        1
2381        1482        1        1
2381        1508        1        1
2381        1535        1        1
2381        1561        1        1
2408        1588        1        1
2381        1614        1        1
2381        1640        1        1
2381        1667        1        1
2381        1693        1        1
2381        1720        1        1
2355        1746        1        1
2355        1773        1        1
2328        1799        1        1
2328        1826        1        1
2302        1826        1        1
2302        1852        1        1
2275        1852        1        1
2249        1879        1        1
2223        1905        1        1
2196        1931        1        1
2170        1931        1        1
2170        1958        1        1
2143        1958        1        1
2117        1984        1        1
2090        1984        1        1
2064        1984        1        1
2037        1958        1        1
2037        1931        1        1
2011        1931        1        1
2011        1905        1        1
1984        1905        1        1
1984        1879        1        1
1984        1852        1        1
2011        1852        1        1
2011        1826        1        1
2037        1826        1        1
2037        1799        1        1
2064        1799        1        1
2090        1799        1        1
2117        1799        1        1
2143        1799        1        1
2170        1799        1        1
2196        1826        1        1
2223        1826        1        1
2249        1826        1        1
2275        1852        1        1
2302        1852        1        1
2328        1852        1        1
2355        1879        1        1
2381        1879        1        1
2408        1905        1        1
2434        1905        1        1
2434        1931        1        1
2461        1958        1        1
2487        1958        1        1
2514        1984        1        1
2540        2011        1        1
2566        2037        1        1
2593        2037        1        1
2619        2064        1        1
2619        2090        1        1
2646        2143        1        1
2672        2170        1        1
2699        2196        1        1
2725        2223        1        1
2725        2249        1        1
2752        2275        1        1
2778        2302        1        1
2805        2355        1        1
2831        2381        1        1
2831        2408        1        1
2858        2461        1        1
2884        2487        1        1
2910        2514        1        1
2937        2566        1        1
2963        2593        1        1
2990        2646        1        1
2990        2672        1        1
3016        2725        1        1
3043        2752        1        1
3069        2805        1        1
3069        2858        1        1
3096        2884        1        1
3096        2937        1        1
3096        2990        1        1
3122        3016        1        1
3122        3043        1        1
3122        3069        1        1
3149        3096        1        1
3149        3122        1        1
3149        3149        1        1
3149        3175        1        1
3149        3149        1        1
3149        3122        1        1
3122        3096        1        1
3122        3069        1        1
3122        3043        1        1
3122        2990        1        1
3096        2963        1        1
3096        2937        1        1
3096        2910        1        1
3096        2884        1        1
3069        2858        1        1
3069        2805        1        1
3069        2778        1        1
3069        2752        1        1
3069        2725        1        1
3069        2672        1        1
3069        2646        1        1
3069        2619        1        1
3043        2566        1        1
3043        2540        1        1
3043        2514        1        1
3043        2461        1        1
3043        2434        1        1
3043        2381        1        1
3043        2355        1        1
3043        2302        1        1
3043        2275        1        1
3016        2223        1        1
3016        2170        1        1
3016        2143        1        1
3016        2090        1        1
3016        2037        1        1
3016        2011        1        1
3016        1958        1        1
3016        1931        1        1
3016        1879        1        1
3016        1852        1        1
3016        1826        1        1
3016        1773        1        1
3016        1746        1        1
3016        1720        1        1
2990        1693        1        1
2990        1667        1        1
2990        1640        1        1
2990        1588        1        1
2990        1561        1        1
2990        1535        1        1
2990        1508        1        1
2990        1482        1        1
2990        1455        1        1
2990        1402        1        1
2990        1376        1        1
2990        1349        1        1
2990        1323        1        1
2990        1296        1        1
2990        1270        1        1
2990        1244        1        1
2990        1217        1        1
2963        1217        1        1
PEN_UP                  0
PEN_DOWN
1588        1270        1        2
1614        1244        1        2
1640        1244        1        2
1667        1244        1        2
1693        1244        1        2
1720        1244        1        2
1746        1244        1        2
1773        1244        1        2
1826        1244        1        2
1852        1244        1        2
1879        1244        1        2
1931        1244        1        2
1958        1217        1        2
1984        1217        1        2
2037        1217        1        2
2064        1217        1        2
2090        1217        1        2
2143        1217        1        2
2170        1217        1        2
2223        1217        1        2
2275        1217        1        2
2302        1217        1        2
2355        1217        1        2
2408        1217        1        2
2461        1217        1        2
2514        1217        1        2
2566        1217        1        2
2619        1217        1        2
2672        1217        1        2
2725        1217        1        2
2805        1217        1        2
2858        1217        1        2
2910        1217        1        2
2963        1217        1        2
3016        1217        1        2
3069        1217        1        2
3122        1191        1        2
3175        1191        1        2
3228        1191        1        2
3281        1191        1        2
3334        1191        1        2
3387        1191        1        2
3440        1191        1        2
3493        1191        1        2
3519        1191        1        2
3572        1191        1        2
3625        1191        1        2
3651        1191        1        2
3704        1191        1        2
3731        1191        1        2
3757        1191        1        2
3810        1191        1        2
3836        1191        1        2
3863        1191        1        2
3889        1191        1        2
3916        1191        1        2
3889        1191        1        2
PEN_UP                  0
PEN_DOWN
3122        3228        1        3
3122        3201        1        3
3122        3175        1        3
3096        3175        1        3
3096        3149        1        3
3096        3122        1        3
3096        3096        1        3
3096        3069        1        3
3096        3043        1        3
3096        3016        1        3
3096        2990        1        3
3069        2963        1        3
3069        2937        1        3
3069        2910        1        3
3043        2910        1        3
3043        2884        1        3
3016        2884        1        3
3016        2858        1        3
2990        2831        1        3
2963        2805        1        3
2963        2778        1        3
2937        2778        1        3
2937        2752        1        3
2910        2752        1        3
2910        2725        1        3
2884        2725        1        3
2884        2699        1        3
2858        2699        1        3
2831        2672        1        3
2805        2672        1        3
2778        2646        1        3
2752        2646        1        3
2725        2646        1        3
2699        2646        1        3
2672        2619        1        3
2646        2619        1        3
2619        2619        1        3
2593        2619        1        3
2566        2619        1        3
2540        2619        1        3
2514        2619        1        3
2487        2619        1        3
2487        2646        1        3
2461        2646        1        3
2434        2646        1        3
2408        2646        1        3
2381        2646        1        3
2381        2672        1        3
2355        2672        1        3
2328        2672        1        3
2328        2699        1        3
2302        2699        1        3
2275        2725        1        3
2249        2752        1        3
2249        2778        1        3
2249        2805        1        3
2275        2831        1        3
2275        2858        1        3
2275        2884        1        3
2302        2884        1        3
2328        2910        1        3
2355        2910        1        3
2381        2910        1        3
2381        2884        1        3
2381        2858        1        3
2381        2831        1        3
2355        2805        1        3
2355        2778        1        3
2355        2752        1        3
2328        2752        1        3
2328        2725        1        3
2302        2699        1        3
2302        2725        1        3
2302        2752        1        3
2302        2725        1        3
2275        2725        1        3
2275        2699        1        3
2249        2699        1        3
2249        2672        1        3
2223        2672        1        3
2196        2646        1        3
2170        2646        1        3
2143        2619        1        3
2117        2619        1        3
2090        2619        1        3
2064        2619        1        3
2064        2593        1        3
2037        2593        1        3
2011        2593        1        3
1984        2593        1        3
1958        2593        1        3
1931        2593        1        3
1905        2593        1        3
1879        2593        1        3
1852        2593        1        3
1826        2593        1        3
1826        2619        1        3
1799        2619        1        3
1773        2619        1        3
1746        2646        1        3
1720        2646        1        3
1693        2672        1        3
1667        2699        1        3
1640        2725        1        3
1640        2752        1        3
1614        2752        1        3
1614        2778        1        3
1614        2805        1        3
1614        2831        1        3
1614        2858        1        3
1640        2884        1        3
1640        2910        1        3
1640        2937        1        3
1667        2963        1        3
1667        2990        1        3
1693        3016        1        3
1693        3043        1        3
1720        3043        1        3
1720        3069        1        3
1746        3096        1        3
1746        3122        1        3
1773        3122        1        3
1799        3122        1        3
1799        3149        1        3
1826        3175        1        3
1852        3175        1        3
1852        3149        1        3
1879        3149        1        3
1879        3122        1        3
1879        3096        1        3
1879        3069        1        3
1852        3069        1        3
1852        3043        1        3
PEN_UP                  0
END_CHARACTER: ML
