CHARACTER_NAME: SL
STROKE_COUNT: 3
  X           Y   STYLUS_STATE STROKE
PEN_DOWN
1138        1746        1        1
1138        1720        1        1
1111        1720        1        1
1138        1693        1        1
1164        1720        1        1
1191        1720        1        1
1217        1720        1        1
1244        1720        1        1
1270        1720        1        1
1296        1746        1        1
1323        1746        1        1
1349        1746        1        1
1376        1773        1        1
1402        1773        1        1
1429        1773        1        1
1429        1799        1        1
1455        1799        1        1
1482        1799        1        1
1508        1826        1        1
1535        1852        1        1
1561        1852        1        1
1561        1879        1        1
1588        1879        1        1
1614        1905        1        1
1640        1931        1        1
1667        1931        1        1
1667        1958        1        1
1693        1984        1        1
1693        2011        1        1
1720        2037        1        1
1720        2064        1        1
1746        2090        1        1
1746        2117        1        1
1773        2143        1        1
1773        2170        1        1
1799        2196        1        1
1799        2223        1        1
1799        2249        1        1
1799        2275        1        1
1799        2302        1        1
1773        2328        1        1
1773        2355        1        1
1746        2355        1        1
1746        2381        1        1
1720        2381        1        1
1693        2381        1        1
1667        2381        1        1
1640        2355        1        1
1640        2328        1        1
1614        2328        1        1
1614        2302        1        1
1614        2275        1        1
1614        2249        1        1
1614        2223        1        1
1614        2196        1        1
1640        2196        1        1
1640        2170        1        1
1640        2143        1        1
1667        2117        1        1
1667        2090        1        1
1693        2064        1        1
1693        2037        1        1
1720        2037        1        1
1720        2011        1        1
1746        2011        1        1
1773        2011        1        1
1773        1984        1        1
1799        1984        1        1
1799        1958        1        1
1826        1958        1        1
1852        1958        1        1
1879        1958        1        1
1905        1958        1        1
1905        1984        1        1
1931        1984        1        1
1958        1984        1        1
1958        2011        1        1
1984        2011        1        1
1984        2037        1        1
2011        2064        1        1
2037        2064        1        1
2037        2090        1        1
2064        2090        1        1
2064        2117        1        1
2064        2143        1        1
2090        2170        1        1
2117        2196        1        1
2117        2223        1        1
2117        2249        1        1
2117        2275        1        1
2117        2302        1        1
2117        2328        1        1
2117        2355        1        1
2117        2381        1        1
2117        2408        1        1
2117        2434        1        1
2117        2461        1        1
2117        2487        1        1
2090        2487        1        1
2090        2514        1        1
2064        2540        1        1
2037        2540        1        1
2037        2566        1        1
2011        2540        1        1
1984        2514        1        1
1958        2487        1        1
1958        2461        1        1
1931        2434        1        1
1931        2408        1        1
1931        2381        1        1
1931        2355        1        1
1931        2328        1        1
1931        2302        1        1
1931        2275        1        1
1931        2249        1        1
1931        2223        1        1
1931        2196        1        1
1958        2196        1        1
1958        2170        1        1
1958        2143        1        1
1984        2117        1        1
1984        2090        1        1
1984        2064        1        1
2011        2037        1        1
2011        2011        1        1
2011        1984        1        1
2037        1984        1        1
2037        1958        1        1
2064        1931        1        1
2064        1905        1        1
2090        1905        1        1
2090        1879        1        1
2117        1879        1        1
2117        1852        1        1
2143        1852        1        1
2170        1852        1        1
2170        1826        1        1
2196        1826        1        1
2223        1799        1        1
2249        1799        1        1
2275        1799        1        1
2302        1799        1        1
2328        1799        1        1
2355        1799        1        1
2381        1799        1        1
2408        1799        1        1
2434        1799        1        1
2434        1773        1        1
2461        1773        1        1
2487        1773        1        1
2487        1799        1        1
2514        1799        1        1
2540        1799        1        1
2566        1799        1        1
2593        1799        1        1
2619        1799        1        1
2593        1799        1        1
2593        1773        1        1
2593        1746        1        1
2593        1720        1        1
2593        1693        1        1
2566        1667        1        1
2566        1640        1        1
2566        1614        1        1
2566        1588        1        1
2566        1561        1        1
2566        1535        1        1
2566        1508        1        1
2566        1482        1        1
2566        1455        1        1
2566        1482        1        1
2566        1508        1        1
2566        1535        1        1
2566        1561        1        1
2566        1588        1        1
2566        1614        1        1
2566        1640        1        1
2566        1667        1        1
2566        1693        1        1
2566        1720        1        1
2566        1773        1        1
2566        1799        1        1
2566        1852        1        1
2566        1905        1        1
2540        1958        1        1
2540        2011        1        1
2540        2064        1        1
2540        2117        1        1
2540        2170        1        1
2540        2249        1        1
2540        2302        1        1
2540        2355        1        1
2514        2434        1        1
2514        2487        1        1
2514        2540        1        1
2514        2593        1        1
2514        2672        1        1
2514        2725        1        1
2514        2778        1        1
2514        2831        1        1
2514        2884        1        1
2514        2937        1        1
2514        3016        1        1
2514        3069        1        1
2514        3122        1        1
2514        3175        1        1
2514        3254        1        1
2514        3307        1        1
2514        3360        1        1
2514        3413        1        1
2514        3466        1        1
2514        3545        1        1
2514        3598        1        1
2514        3651        1        1
2514        3704        1        1
2540        3757        1        1
2540        3810        1        1
2540        3836        1        1
2540        3889        1        1
2540        3942        1        1
2566        3969        1        1
2566        3995        1        1
2566        4022        1        1
2566        4048        1        1
2566        4075        1        1
2566        4101        1        1
2540        4075        1        1
2540        4048        1        1
2514        3995        1        1
2514        3969        1        1
2514        3942        1        1
PEN_UP                  0
PEN_DOWN
2910        1561        1        2
2884        1561        1        2
2858        1561        1        2
2884        1561        1        2
2910        1561        1        2
2963        1561        1        2
2990        1561        1        2
3043        1561        1        2
3096        1561        1        2
3149        1561        1        2
3201        1561        1        2
3254        1561        1        2
3307        1561        1        2
3334        1561        1        2
3360        1561        1        2
3387        1561        1        2
3413        1561        1        2
3413        1588        1        2
3387        1588        1        2
PEN_UP                  0
PEN_DOWN
2514        3731        1        3
2514        3704        1        3
2514        3678        1        3
2514        3651        1        3
2514        3625        1        3
2514        3598        1        3
2487        3572        1        3
2487        3545        1        3
2487        3519        1        3
2487        3493        1        3
2487        3466        1        3
2461        3440        1        3
2461        3413        1        3
2434        3387        1        3
2434        3360        1        3
2408        3334        1        3
2408        3307        1        3
2408        3281        1        3
2381        3254        1        3
2355        3228        1        3
2355        3201        1        3
2328        3201        1        3
2328        3175        1        3
2302        3149        1        3
2275        3122        1        3
2249        3122        1        3
2223        3096        1        3
2196        3096        1        3
2170        3096        1        3
2143        3096        1        3
2117        3096        1        3
2090        3096        1        3
2064        3096        1        3
2037        3096        1        3
2011        3096        1        3
1984        3096        1        3
1984        3122        1        3
1958        3122        1        3
1931        3122        1        3
1931        3149        1        3
1905        3175        1        3
1905        3201        1        3
1879        3228        1        3
1879        3254        1        3
1879        3281        1        3
1879        3307        1        3
1879        3334        1        3
1879        3360        1        3
1905        3387        1        3
1905        3413        1        3
1905        3440        1        3
1931        3440        1        3
1931        3466        1        3
1958        3466        1        3
1958        3440        1        3
1984        3440        1        3
1984        3413        1        3
1984        3387        1        3
1984        3360        1        3
1958        3334        1        3
1958        3307        1        3
1958        3281        1        3
1931        3281        1        3
1931        3254        1        3
1931        3228        1        3
1905        3228        1        3
1905        3201        1        3
1905        3175        1        3
1879        3175        1        3
1879        3149        1        3
1852        3122        1        3
1826        3122        1        3
1826        3096        1        3
1799        3096        1        3
1773        3069        1        3
1746        3069        1        3
1720        3069        1        3
1693        3069        1        3
1667        3069        1        3
1640        3069        1        3
1614        3069        1        3
1588        3069        1        3
1588        3043        1        3
1561        3069        1        3
1535        3069        1        3
1508        3069        1        3
1482        3069        1        3
1455        3096        1        3
1429        3122        1        3
1402        3149        1        3
1376        3175        1        3
1349        3201        1        3
1349        3228        1        3
1323        3254        1        3
1323        3281        1        3
1296        3307        1        3
1296        3334        1        3
1296        3360        1        3
1296        3387        1        3
1296        3413        1        3
1296        3440        1        3
1323        3466        1        3
1323        3493        1        3
1323        3519        1        3
1349        3519        1        3
1349        3545        1        3
1349        3572        1        3
1376        3572        1        3
1376        3598        1        3
1376        3625        1        3
1402        3625        1        3
1402        3651        1        3
1429        3651        1        3
1429        3678        1        3
1455        3678        1        3
1455        3704        1        3
1482        3704        1        3
1508        3731        1        3
1535        3731        1        3
1535        3757        1        3
1561        3757        1        3
1561        3731        1        3
1588        3731        1        3
1588        3704        1        3
1561        3704        1        3
1561        3678        1        3
1561        3651        1        3
1535        3651        1        3
1535        3625        1        3
1508        3625        1        3
1535        3598        1        3
1535        3572        1        3
PEN_UP                  0
END_CHARACTER: SL
