CHARACTER_NAME: NG
STROKE_COUNT: 1
  X           Y   STYLUS_STATE STROKE
PEN_DOWN
1640        1667        1        1
1640        1693        1        1
1667        1693        1        1
1693        1693        1        1
1720        1693        1        1
1746        1720        1        1
1773        1720        1        1
1799        1720        1        1
1826        1720        1        1
1852        1720        1        1
1879        1720        1        1
1905        1693        1        1
1931        1693        1        1
1958        1693        1        1
1984        1693        1        1
2011        1693        1        1
2037        1667        1        1
2064        1667        1        1
2090        1667        1        1
2117        1667        1        1
2143        1667        1        1
2170        1640        1        1
2196        1640        1        1
2223        1640        1        1
2249        1614        1        1
2275        1614        1        1
2302        1614        1        1
2328        1588        1        1
2355        1588        1        1
2381        1588        1        1
2408        1561        1        1
2434        1561        1        1
2461        1561        1        1
2487        1535        1        1
2514        1535        1        1
2540        1535        1        1
2566        1508        1        1
2593        1508        1        1
2619        1508        1        1
2646        1482        1        1
2672        1482        1        1
2699        1455        1        1
2725        1455        1        1
2752        1429        1        1
2778        1402        1        1
2805        1376        1        1
2805        1349        1        1
2831        1323        1        1
2831        1296        1        1
2831        1270        1        1
2858        1244        1        1
2858        1217        1        1
2858        1191        1        1
2831        1164        1        1
2831        1138        1        1
2831        1111        1        1
2805        1111        1        1
2805        1085        1        1
2778        1085        1        1
2752        1085        1        1
2725        1085        1        1
2699        1085        1        1
2672        1085        1        1
2646        1085        1        1
2619        1085        1        1
2593        1085        1        1
2566        1085        1        1
2540        1111        1        1
2514        1111        1        1
2487        1111        1        1
2461        1138        1        1
2434        1164        1        1
2408        1191        1        1
2381        1217        1        1
2381        1244        1        1
2381        1270        1        1
2355        1270        1        1
2355        1296        1        1
2355        1323        1        1
2355        1349        1        1
2355        1376        1        1
2381        1402        1        1
2381        1429        1        1
2381        1455        1        1
2381        1482        1        1
2381        1508        1        1
2408        1535        1        1
2408        1561        1        1
2408        1588        1        1
2408        1614        1        1
2408        1640        1        1
2434        1667        1        1
2434        1693        1        1
2434        1720        1        1
2434        1746        1        1
2434        1773        1        1
2434        1799        1        1
2434        1826        1        1
2434        1852        1        1
2461        1852        1        1
2461        1879        1        1
2461        1905        1        1
2461        1931        1        1
2461        1958        1        1
2461        1984        1        1
2461        2011        1        1
2461        2037        1        1
2461        2064        1        1
2487        2064        1        1
2487        2090        1        1
2487        2117        1        1
2487        2143        1        1
2487        2170        1        1
2487        2196        1        1
2487        2223        1        1
2487        2249        1        1
2487        2275        1        1
2487        2249        1        1
2514        2223        1        1
2514        2196        1        1
2540        2196        1        1
2540        2170        1        1
2540        2143        1        1
2566        2143        1        1
2566        2117        1        1
2593        2090        1        1
2619        2064        1        1
2619        2037        1        1
2646        2037        1        1
2646        2011        1        1
2672        1984        1        1
2699        1984        1        1
2699        1958        1        1
2725        1958        1        1
2725        1931        1        1
2752        1931        1        1
2778        1905        1        1
2805        1879        1        1
2831        1852        1        1
2858        1852        1        1
2884        1826        1        1
2910        1826        1        1
2937        1826        1        1
2937        1799        1        1
2963        1799        1        1
2990        1799        1        1
3016        1773        1        1
3043        1773        1        1
3069        1773        1        1
3096        1773        1        1
3122        1773        1        1
3122        1799        1        1
3149        1799        1        1
3175        1799        1        1
3201        1799        1        1
3228        1826        1        1
3254        1826        1        1
3281        1826        1        1
3281        1852        1        1
3307        1852        1        1
3307        1879        1        1
3334        1905        1        1
3334        1931        1        1
3360        1958        1        1
3360        1984        1        1
3387        1984        1        1
3387        2011        1        1
3387        2037        1        1
3387        2064        1        1
3387        2090        1        1
3387        2117        1        1
3387        2143        1        1
3387        2170        1        1
3387        2196        1        1
3387        2223        1        1
3387        2249        1        1
3360        2275        1        1
3360        2302        1        1
3360        2328        1        1
3360        2355        1        1
3334        2381        1        1
3334        2408        1        1
3334        2434        1        1
3307        2434        1        1
3307        2461        1        1
3307        2487        1        1
3281        2514        1        1
3281        2540        1        1
3254        2566        1        1
3254        2593        1        1
3228        2619        1        1
3201        2646        1        1
3175        2672        1        1
3175        2699        1        1
3149        2725        1        1
3122        2752        1        1
3096        2778        1        1
3069        2778        1        1
3043        2805        1        1
3016        2831        1        1
2990        2858        1        1
2963        2858        1        1
2910        2884        1        1
2884        2910        1        1
2858        2910        1        1
2831        2937        1        1
2778        2937        1        1
2752        2963        1        1
2699        2990        1        1
2672        2990        1        1
2619        2990        1        1
2593        3016        1        1
2540        3016        1        1
2514        3016        1        1
2461        3043        1        1
2408        3043        1        1
2381        3043        1        1
2328        3043        1        1
2275        3043        1        1
2249        3043        1        1
2223        3043        1        1
2170        3043        1        1
2143        3016        1        1
2117        3016        1        1
2064        2990        1        1
2037        2990        1        1
2011        2963        1        1
1984        2937        1        1
1958        2910        1        1
1931        2884        1        1
1905        2858        1        1
1879        2831        1        1
1826        2805        1        1
1799        2778        1        1
1773        2752        1        1
1746        2725        1        1
1720        2699        1        1
1693        2646        1        1
1667        2619        1        1
1640        2593        1        1
1588        2540        1        1
1561        2514        1        1
1535        2487        1        1
1535        2434        1        1
1508        2408        1        1
1482        2381        1        1
1455        2328        1        1
1429        2302        1        1
1429        2275        1        1
1402        2249        1        1
1402        2223        1        1
1376        2196        1        1
1376        2170        1        1
1376        2143        1        1
1349        2117        1        1
1349        2090        1        1
1349        2064        1        1
1349        2037        1        1
1323        2037        1        1
1323        2011        1        1
1323        1984        1        1
1323        1958        1        1
1323        1984        1        1
1349        1984        1        1
1349        2011        1        1
PEN_UP                  0
END_CHARACTER: NG
