CHARACTER_NAME: PS
STROKE_COUNT: 4
  X           Y   STYLUS_STATE STROKE
PEN_DOWN
1482        2090        1        1
1455        2090        1        1
1455        2064        1        1
1482        2064        1        1
1482        2037        1        1
1508        2037        1        1
1508        2011        1        1
1535        2011        1        1
1561        2011        1        1
1561        1984        1        1
1588        1984        1        1
1588        1958        1        1
1614        1958        1        1
1614        1931        1        1
1640        1931        1        1
1667        1931        1        1
1693        1931        1        1
1720        1931        1        1
1720        1905        1        1
1746        1905        1        1
1773        1905        1        1
1799        1905        1        1
1826        1905        1        1
1852        1905        1        1
1879        1931        1        1
1905        1931        1        1
1931        1931        1        1
1958        1931        1        1
1958        1958        1        1
1984        1958        1        1
1984        1984        1        1
2011        1984        1        1
2037        2011        1        1
2064        2011        1        1
2064        2037        1        1
2090        2064        1        1
2090        2090        1        1
2117        2090        1        1
2117        2117        1        1
2117        2143        1        1
2143        2143        1        1
2143        2170        1        1
2143        2196        1        1
2143        2223        1        1
2143        2249        1        1
2143        2275        1        1
2143        2302        1        1
2143        2328        1        1
2143        2355        1        1
2117        2381        1        1
2117        2408        1        1
2117        2434        1        1
2090        2461        1        1
2090        2487        1        1
2064        2514        1        1
2064        2540        1        1
2037        2540        1        1
2037        2566        1        1
2011        2593        1        1
1984        2619        1        1
1958        2646        1        1
1931        2646        1        1
1931        2672        1        1
1905        2672        1        1
1879        2672        1        1
1879        2699        1        1
1852        2699        1        1
1826        2725        1        1
1799        2725        1        1
1773        2725        1        1
1746        2725        1        1
1720        2752        1        1
1693        2752        1        1
1667        2752        1        1
1640        2752        1        1
1614        2752        1        1
1588        2752        1        1
1561        2752        1        1
1535        2752        1        1
1508        2752        1        1
1508        2725        1        1
1482        2725        1        1
1455        2725        1        1
1429        2725        1        1
1402        2699        1        1
1376        2699        1        1
1349        2699        1        1
1323        2672        1        1
1296        2672        1        1
1296        2646        1        1
1270        2646        1        1
1244        2646        1        1
1244        2619        1        1
1270        2619        1        1
1270        2646        1        1
1296        2646        1        1
1323        2646        1        1
1349        2646        1        1
1349        2672        1        1
1376        2672        1        1
1402        2672        1        1
1429        2672        1        1
1429        2699        1        1
1455        2699        1        1
1482        2699        1        1
1508        2699        1        1
1535        2725        1        1
1561        2725        1        1
1588        2725        1        1
1614        2725        1        1
1614        2752        1        1
1640        2752        1        1
1667        2752        1        1
1693        2752        1        1
1720        2752        1        1
1746        2752        1        1
1773        2752        1        1
1799        2752        1        1
1826        2752        1        1
1852        2752        1        1
1879        2752        1        1
1879        2725        1        1
1905        2725        1        1
1931        2725        1        1
1958        2699        1        1
1984        2699        1        1
1984        2672        1        1
2011        2672        1        1
2011        2646        1        1
2037        2646        1        1
2037        2619        1        1
2064        2619        1        1
2090        2593        1        1
2117        2593        1        1
2117        2566        1        1
2143        2566        1        1
2143        2540        1        1
2170        2540        1        1
2170        2514        1        1
2196        2514        1        1
2223        2514        1        1
2249        2514        1        1
2275        2514        1        1
2302        2514        1        1
2328        2514        1        1
2355        2514        1        1
2381        2514        1        1
2408        2540        1        1
2434        2540        1        1
2434        2566        1        1
2461        2566        1        1
2461        2593        1        1
2487        2593        1        1
2487        2619        1        1
2514        2619        1        1
2514        2646        1        1
2540        2672        1        1
2540        2699        1        1
2540        2725        1        1
2566        2725        1        1
2566        2752        1        1
2566        2778        1        1
2593        2805        1        1
2593        2831        1        1
2593        2858        1        1
2593        2884        1        1
2619        2910        1        1
2619        2937        1        1
2619        2963        1        1
2619        2990        1        1
2619        3016        1        1
2646        3043        1        1
2646        3069        1        1
2646        3096        1        1
2646        3122        1        1
2646        3175        1        1
2672        3201        1        1
2672        3228        1        1
2672        3254        1        1
2672        3281        1        1
2699        3307        1        1
2699        3334        1        1
2699        3360        1        1
2699        3387        1        1
2699        3413        1        1
2725        3440        1        1
2725        3466        1        1
2725        3493        1        1
2725        3519        1        1
2725        3545        1        1
2725        3572        1        1
2752        3598        1        1
2752        3625        1        1
2752        3651        1        1
2752        3678        1        1
2752        3704        1        1
2752        3678        1        1
2752        3651        1        1
2752        3625        1        1
2752        3598        1        1
2752        3572        1        1
2752        3545        1        1
2752        3519        1        1
2752        3493        1        1
2752        3466        1        1
2752        3413        1        1
2752        3387        1        1
2752        3360        1        1
2752        3334        1        1
2752        3281        1        1
2752        3254        1        1
2725        3228        1        1
2725        3175        1        1
2725        3149        1        1
2725        3122        1        1
2725        3096        1        1
2725        3043        1        1
2725        3016        1        1
2725        2990        1        1
2725        2963        1        1
2725        2937        1        1
2725        2884        1        1
2725        2858        1        1
2699        2831        1        1
2699        2778        1        1
2699        2752        1        1
2699        2725        1        1
2699        2699        1        1
2699        2672        1        1
2699        2646        1        1
2699        2619        1        1
2699        2593        1        1
2699        2566        1        1
2699        2540        1        1
2699        2514        1        1
2672        2487        1        1
2672        2434        1        1
2672        2408        1        1
2672        2381        1        1
2672        2355        1        1
2672        2328        1        1
2672        2302        1        1
2672        2249        1        1
2672        2223        1        1
2672        2196        1        1
2672        2170        1        1
2672        2143        1        1
2672        2117        1        1
2672        2090        1        1
2672        2064        1        1
2699        2037        1        1
2699        2011        1        1
2699        1984        1        1
2699        1958        1        1
2699        1931        1        1
2699        1905        1        1
2699        1879        1        1
2725        1852        1        1
2725        1826        1        1
2699        1826        1        1
PEN_UP                  0
PEN_DOWN
1799        1746        1        2
1826        1746        1        2
1826        1773        1        2
1852        1773        1        2
1879        1746        1        2
1905        1746        1        2
1931        1773        1        2
1958        1773        1        2
1984        1773        1        2
2011        1773        1        2
2037        1773        1        2
2064        1773        1        2
2090        1773        1        2
2117        1773        1        2
2143        1773        1        2
2196        1773        1        2
2223        1773        1        2
2275        1799        1        2
2302        1799        1        2
2355        1799        1        2
2381        1799        1        2
2434        1799        1        2
2461        1799        1        2
2514        1799        1        2
2540        1799        1        2
2593        1799        1        2
2646        1799        1        2
2699        1773        1        2
2725        1773        1        2
2778        1773        1        2
2831        1773        1        2
2884        1773        1        2
2937        1773        1        2
2963        1773        1        2
3016        1773        1        2
3069        1773        1        2
3122        1773        1        2
3149        1773        1        2
3201        1773        1        2
3228        1773        1        2
3281        1773        1        2
3307        1773        1        2
3334        1773        1        2
3387        1746        1        2
3413        1746        1        2
3440        1746        1        2
3466        1746        1        2
3493        1746        1        2
3519        1746        1        2
3545        1746        1        2
3519        1746        1        2
3493        1746        1        2
PEN_UP                  0
PEN_DOWN
1058        2328        1        3
1085        2328        1        3
1058        2328        1        3
1085        2302        1        3
1085        2275        1        3
1111        2249        1        3
1138        2223        1        3
1164        2223        1        3
1164        2196        1        3
1191        2196        1        3
1217        2196        1        3
1244        2196        1        3
1270        2196        1        3
1296        2196        1        3
1323        2196        1        3
1349        2223        1        3
1376        2223        1        3
1402        2223        1        3
1402        2249        1        3
1376        2249        1        3
1376        2275        1        3
1349        2275        1        3
1349        2302        1        3
1323        2302        1        3
1296        2328        1        3
1270        2328        1        3
1270        2355        1        3
1244        2381        1        3
1217        2408        1        3
1217        2434        1        3
1191        2434        1        3
1191        2461        1        3
1164        2461        1        3
1164        2487        1        3
1138        2514        1        3
1138        2540        1        3
1111        2540        1        3
1111        2566        1        3
1111        2593        1        3
1111        2619        1        3
PEN_UP                  0
PEN_DOWN
1217        2223        1        4
1217        2249        1        4
1191        2249        1        4
1164        2249        1        4
1164        2275        1        4
1191        2275        1        4
1191        2302        1        4
1217        2302        1        4
1217        2328        1        4
1244        2328        1        4
1244        2355        1        4
1270        2381        1        4
1296        2408        1        4
1296        2434        1        4
1323        2434        1        4
1323        2461        1        4
PEN_UP                  0
END_CHARACTER: PS
