CHARACTER_NAME: KHR
STROKE_COUNT: 2
  X           Y   STYLUS_STATE STROKE
PEN_DOWN
1614        1561        1        1
1614        1588        1        1
1614        1614        1        1
1588        1614        1        1
1588        1588        1        1
1588        1561        1        1
1614        1561        1        1
1614        1535        1        1
1614        1561        1        1
1640        1561        1        1
1640        1588        1        1
1640        1614        1        1
1614        1640        1        1
1614        1614        1        1
1614        1588        1        1
1640        1588        1        1
1667        1588        1        1
1667        1561        1        1
1640        1561        1        1
1640        1588        1        1
1614        1588        1        1
1588        1614        1        1
1561        1640        1        1
1561        1667        1        1
1561        1693        1        1
1561        1720        1        1
1561        1746        1        1
1588        1746        1        1
1588        1773        1        1
1614        1773        1        1
1640        1799        1        1
1667        1799        1        1
1693        1799        1        1
1720        1799        1        1
1746        1799        1        1
1773        1799        1        1
1799        1799        1        1
1826        1799        1        1
1852        1799        1        1
1879        1773        1        1
1905        1773        1        1
1931        1773        1        1
1958        1746        1        1
1984        1746        1        1
1984        1720        1        1
2011        1720        1        1
2037        1693        1        1
2064        1693        1        1
2064        1667        1        1
2090        1667        1        1
2090        1640        1        1
2117        1614        1        1
2117        1588        1        1
2117        1561        1        1
2117        1535        1        1
2143        1535        1        1
2143        1508        1        1
2143        1482        1        1
2143        1455        1        1
2170        1455        1        1
2170        1429        1        1
2170        1402        1        1
2196        1402        1        1
2223        1402        1        1
2249        1402        1        1
2275        1402        1        1
2302        1402        1        1
2328        1402        1        1
2328        1429        1        1
2355        1429        1        1
2381        1455        1        1
2408        1455        1        1
2408        1482        1        1
2434        1482        1        1
2461        1508        1        1
2461        1535        1        1
2487        1535        1        1
2487        1561        1        1
2514        1588        1        1
2514        1614        1        1
2540        1614        1        1
2540        1640        1        1
2540        1667        1        1
2540        1693        1        1
2540        1720        1        1
2540        1746        1        1
2540        1773        1        1
2514        1799        1        1
2514        1826        1        1
2514        1852        1        1
2487        1879        1        1
2487        1905        1        1
2461        1931        1        1
2434        1958        1        1
2434        1984        1        1
2408        1984        1        1
2381        2011        1        1
2381        2037        1        1
2355        2064        1        1
2328        2064        1        1
2302        2090        1        1
2275        2117        1        1
2249        2143        1        1
2223        2143        1        1
2196        2170        1        1
2170        2170        1        1
2170        2196        1        1
2143        2196        1        1
2117        2223        1        1
2090        2249        1        1
2064        2249        1        1
2037        2275        1        1
2011        2275        1        1
1984        2275        1        1
1984        2302        1        1
1958        2302        1        1
1931        2302        1        1
1958        2302        1        1
1958        2275        1        1
1984        2275        1        1
2011        2249        1        1
2037        2249        1        1
2064        2249        1        1
2090        2249        1        1
2117        2249        1        1
2143        2249        1        1
2170        2249        1        1
2196        2275        1        1
2223        2275        1        1
2249        2302        1        1
2275        2302        1        1
2302        2328        1        1
2328        2355        1        1
2355        2381        1        1
2381        2381        1        1
2408        2408        1        1
2434        2434        1        1
2434        2461        1        1
2461        2487        1        1
2487        2514        1        1
2514        2566        1        1
2514        2593        1        1
2540        2619        1        1
2540        2672        1        1
2566        2699        1        1
2566        2725        1        1
2566        2778        1        1
2593        2805        1        1
2593        2858        1        1
2619        2910        1        1
2619        2937        1        1
2646        2990        1        1
2646        3043        1        1
2646        3096        1        1
2672        3149        1        1
2672        3201        1        1
2699        3254        1        1
2699        3281        1        1
2725        3334        1        1
2725        3387        1        1
2725        3413        1        1
2752        3466        1        1
2752        3493        1        1
2752        3519        1        1
2778        3545        1        1
2778        3572        1        1
2778        3545        1        1
2778        3519        1        1
2778        3466        1        1
2778        3440        1        1
2778        3387        1        1
2778        3334        1        1
2752        3281        1        1
2752        3228        1        1
2752        3175        1        1
2752        3122        1        1
2752        3069        1        1
2778        3016        1        1
2778        2963        1        1
2778        2910        1        1
2778        2858        1        1
2778        2805        1        1
2778        2778        1        1
2778        2725        1        1
2778        2672        1        1
2778        2619        1        1
2778        2566        1        1
2778        2514        1        1
2778        2461        1        1
2778        2434        1        1
2778        2381        1        1
2778        2328        1        1
2778        2275        1        1
2778        2223        1        1
2778        2170        1        1
2778        2143        1        1
2778        2090        1        1
2778        2037        1        1
2778        1984        1        1
2778        1958        1        1
2778        1905        1        1
2778        1879        1        1
2778        1852        1        1
2778        1799        1        1
2778        1773        1        1
2778        1746        1        1
2778        1693        1        1
2778        1667        1        1
2778        1640        1        1
2778        1614        1        1
2778        1588        1        1
2778        1561        1        1
2778        1535        1        1
2778        1508        1        1
2778        1482        1        1
2778        1455        1        1
2778        1429        1        1
2778        1402        1        1
2778        1376        1        1
2778        1349        1        1
2805        1349        1        1
2831        1349        1        1
2858        1349        1        1
2910        1349        1        1
2937        1349        1        1
2990        1349        1        1
3043        1349        1        1
3096        1349        1        1
3175        1349        1        1
3228        1349        1        1
3307        1349        1        1
3360        1349        1        1
3440        1349        1        1
3493        1349        1        1
3545        1376        1        1
3572        1376        1        1
3625        1376        1        1
3651        1376        1        1
3678        1376        1        1
3704        1376        1        1
3678        1402        1        1
3651        1402        1        1
PEN_UP                  0
PEN_DOWN
2805        3545        1        2
2805        3572        1        2
2805        3545        1        2
2805        3519        1        2
2805        3493        1        2
2778        3493        1        2
2778        3466        1        2
2752        3466        1        2
2725        3440        1        2
2699        3440        1        2
2672        3440        1        2
2646        3413        1        2
2619        3413        1        2
2593        3413        1        2
2566        3413        1        2
2540        3440        1        2
2514        3440        1        2
2487        3440        1        2
2461        3466        1        2
2434        3466        1        2
2408        3493        1        2
2381        3493        1        2
2355        3519        1        2
2328        3519        1        2
2328        3545        1        2
2302        3545        1        2
2275        3572        1        2
2249        3572        1        2
2223        3598        1        2
2196        3598        1        2
2170        3625        1        2
2143        3625        1        2
2117        3625        1        2
2090        3625        1        2
2064        3625        1        2
2037        3598        1        2
2011        3598        1        2
1984        3598        1        2
1958        3572        1        2
1931        3572        1        2
1931        3545        1        2
1905        3519        1        2
1879        3493        1        2
1879        3466        1        2
1852        3440        1        2
1852        3413        1        2
1852        3387        1        2
1826        3360        1        2
1826        3334        1        2
1826        3307        1        2
1826        3281        1        2
1826        3254        1        2
1826        3228        1        2
1826        3201        1        2
1826        3175        1        2
1826        3149        1        2
PEN_UP                  0
END_CHARACTER: KHR
