CHARACTER_NAME: GR
STROKE_COUNT: 3
  X           Y   STYLUS_STATE STROKE
PEN_DOWN
1244        2461        1        1
1244        2434        1        1
1270        2434        1        1
1296        2408        1        1
1323        2381        1        1
1349        2355        1        1
1376        2355        1        1
1376        2328        1        1
1402        2328        1        1
1402        2302        1        1
1429        2302        1        1
1455        2275        1        1
1482        2275        1        1
1482        2249        1        1
1508        2249        1        1
1508        2223        1        1
1535        2223        1        1
1535        2196        1        1
1561        2196        1        1
1561        2170        1        1
1588        2143        1        1
1614        2117        1        1
1614        2090        1        1
1640        2064        1        1
1640        2037        1        1
1640        2011        1        1
1667        2011        1        1
1667        1984        1        1
1693        1958        1        1
1693        1931        1        1
1693        1905        1        1
1693        1879        1        1
1693        1852        1        1
1693        1826        1        1
1693        1799        1        1
1667        1773        1        1
1640        1773        1        1
1640        1746        1        1
1614        1746        1        1
1588        1746        1        1
1561        1746        1        1
1535        1746        1        1
1508        1746        1        1
1482        1773        1        1
1455        1773        1        1
1429        1773        1        1
1402        1799        1        1
1376        1799        1        1
1349        1799        1        1
1349        1826        1        1
1323        1826        1        1
1296        1826        1        1
1296        1852        1        1
1270        1852        1        1
1270        1879        1        1
1244        1879        1        1
1244        1905        1        1
1217        1905        1        1
1217        1931        1        1
1191        1958        1        1
1191        1984        1        1
1164        2011        1        1
1164        2037        1        1
1164        2011        1        1
1164        1984        1        1
1164        1958        1        1
1164        1931        1        1
1191        1905        1        1
1191        1879        1        1
1191        1852        1        1
1191        1826        1        1
1217        1826        1        1
1217        1799        1        1
1217        1773        1        1
1244        1773        1        1
1244        1746        1        1
1270        1746        1        1
1270        1720        1        1
1296        1720        1        1
1296        1693        1        1
1323        1693        1        1
1349        1667        1        1
1376        1640        1        1
1402        1640        1        1
1429        1614        1        1
1455        1614        1        1
1482        1614        1        1
1482        1588        1        1
1508        1588        1        1
1535        1588        1        1
1561        1588        1        1
1588        1561        1        1
1614        1561        1        1
1640        1561        1        1
1667        1561        1        1
1693        1561        1        1
1720        1561        1        1
1746        1561        1        1
1773        1561        1        1
1799        1561        1        1
1826        1561        1        1
1852        1561        1        1
1879        1588        1        1
1905        1588        1        1
1931        1614        1        1
1958        1614        1        1
1984        1640        1        1
2011        1640        1        1
2011        1667        1        1
2037        1667        1        1
2037        1693        1        1
2064        1720        1        1
2064        1746        1        1
2090        1746        1        1
2090        1773        1        1
2090        1799        1        1
2117        1826        1        1
2117        1852        1        1
2117        1879        1        1
2117        1905        1        1
2143        1931        1        1
2143        1958        1        1
2143        2011        1        1
2143        2037        1        1
2170        2090        1        1
2170        2117        1        1
2170        2170        1        1
2170        2223        1        1
2196        2275        1        1
2196        2302        1        1
2196        2355        1        1
2223        2408        1        1
2223        2461        1        1
2223        2514        1        1
2223        2540        1        1
2223        2593        1        1
2249        2646        1        1
2249        2672        1        1
2249        2699        1        1
2249        2752        1        1
2249        2778        1        1
2249        2805        1        1
2275        2805        1        1
2275        2831        1        1
2275        2858        1        1
2275        2831        1        1
2275        2805        1        1
2275        2778        1        1
2249        2752        1        1
2249        2725        1        1
2249        2672        1        1
2249        2646        1        1
2223        2593        1        1
2223        2540        1        1
2223        2514        1        1
2223        2461        1        1
2223        2408        1        1
2223        2381        1        1
2196        2328        1        1
2196        2302        1        1
2196        2249        1        1
2196        2196        1        1
2196        2170        1        1
2196        2117        1        1
2196        2090        1        1
2196        2037        1        1
2170        2011        1        1
2170        1958        1        1
2170        1931        1        1
2170        1905        1        1
2170        1852        1        1
2170        1826        1        1
2170        1799        1        1
2170        1773        1        1
2170        1746        1        1
2170        1720        1        1
2170        1693        1        1
2170        1667        1        1
2170        1640        1        1
2170        1614        1        1
2170        1588        1        1
2170        1561        1        1
2170        1535        1        1
2170        1508        1        1
2170        1482        1        1
2170        1455        1        1
2170        1429        1        1
2170        1402        1        1
2196        1376        1        1
2196        1349        1        1
2196        1323        1        1
2196        1296        1        1
2196        1270        1        1
2196        1244        1        1
2196        1217        1        1
2196        1191        1        1
2196        1164        1        1
2196        1191        1        1
2196        1217        1        1
2196        1244        1        1
2196        1270        1        1
2196        1296        1        1
2196        1349        1        1
2196        1376        1        1
2196        1402        1        1
2196        1455        1        1
2196        1482        1        1
2196        1535        1        1
2196        1561        1        1
2196        1614        1        1
2196        1640        1        1
2196        1693        1        1
2196        1746        1        1
2196        1773        1        1
2196        1826        1        1
2196        1879        1        1
2196        1931        1        1
2196        2011        1        1
2196        2064        1        1
2196        2117        1        1
2196        2170        1        1
2196        2249        1        1
2196        2302        1        1
2196        2355        1        1
2223        2408        1        1
2223        2461        1        1
2223        2487        1        1
2223        2540        1        1
2223        2593        1        1
2223        2646        1        1
2223        2672        1        1
2223        2725        1        1
2249        2752        1        1
2249        2805        1        1
2249        2831        1        1
2249        2884        1        1
2249        2910        1        1
2249        2963        1        1
2275        3016        1        1
2275        3043        1        1
2275        3096        1        1
2275        3149        1        1
2275        3201        1        1
2275        3254        1        1
2302        3281        1        1
2302        3334        1        1
2302        3387        1        1
2302        3440        1        1
2302        3493        1        1
2302        3519        1        1
2302        3572        1        1
2302        3598        1        1
2302        3651        1        1
2328        3678        1        1
2328        3704        1        1
2328        3731        1        1
2328        3757        1        1
2328        3784        1        1
2328        3810        1        1
2328        3784        1        1
2302        3784        1        1
PEN_UP                  0
PEN_DOWN
2275        3810        1        2
2275        3784        1        2
2275        3757        1        2
2275        3731        1        2
2275        3704        1        2
2249        3704        1        2
2249        3678        1        2
2249        3651        1        2
2223        3625        1        2
2223        3598        1        2
2196        3572        1        2
2196        3545        1        2
2170        3545        1        2
2170        3519        1        2
2143        3519        1        2
2143        3493        1        2
2117        3493        1        2
2117        3466        1        2
2090        3466        1        2
2090        3440        1        2
2064        3440        1        2
2037        3440        1        2
2011        3413        1        2
1984        3413        1        2
1958        3413        1        2
1931        3413        1        2
1905        3413        1        2
1879        3413        1        2
1852        3440        1        2
1826        3440        1        2
1799        3466        1        2
1773        3466        1        2
1773        3493        1        2
1746        3493        1        2
1746        3519        1        2
1720        3519        1        2
1720        3545        1        2
1693        3572        1        2
1667        3598        1        2
1640        3625        1        2
1614        3651        1        2
1614        3678        1        2
1588        3678        1        2
1561        3704        1        2
1561        3731        1        2
1535        3731        1        2
1535        3757        1        2
1508        3757        1        2
1482        3784        1        2
1455        3784        1        2
1429        3810        1        2
1402        3810        1        2
1376        3810        1        2
1349        3810        1        2
1296        3836        1        2
1270        3836        1        2
1244        3836        1        2
1217        3810        1        2
1191        3810        1        2
1164        3810        1        2
1138        3784        1        2
1111        3784        1        2
1085        3784        1        2
1085        3757        1        2
1058        3731        1        2
1032        3731        1        2
1032        3704        1        2
1005        3678        1        2
1005        3651        1        2
1005        3625        1        2
1005        3598        1        2
1005        3572        1        2
1005        3545        1        2
1005        3519        1        2
1005        3493        1        2
1005        3466        1        2
1005        3440        1        2
1032        3440        1        2
1058        3440        1        2
PEN_UP                  0
PEN_DOWN
2090        1191        1        3
2117        1191        1        3
2143        1164        1        3
2170        1164        1        3
2196        1164        1        3
2249        1164        1        3
2302        1138        1        3
2381        1138        1        3
2461        1138        1        3
2540        1111        1        3
2619        1111        1        3
2699        1111        1        3
2778        1111        1        3
2831        1085        1        3
2858        1085        1        3
2910        1085        1        3
2937        1085        1        3
2963        1085        1        3
2990        1085        1        3
2963        1111        1        3
PEN_UP                  0
END_CHARACTER: GR
