CHARACTER_NAME: GHR
STROKE_COUNT: 3
  X           Y   STYLUS_STATE STROKE
PEN_DOWN
1905        1191        1        1
1879        1191        1        1
1852        1217        1        1
1826        1217        1        1
1826        1244        1        1
1799        1244        1        1
1799        1270        1        1
1773        1270        1        1
1746        1296        1        1
1720        1323        1        1
1693        1349        1        1
1693        1376        1        1
1667        1376        1        1
1667        1402        1        1
1667        1429        1        1
1640        1429        1        1
1640        1455        1        1
1640        1482        1        1
1640        1508        1        1
1640        1535        1        1
1640        1561        1        1
1640        1588        1        1
1640        1614        1        1
1640        1640        1        1
1667        1640        1        1
1667        1667        1        1
1667        1693        1        1
1693        1693        1        1
1693        1720        1        1
1720        1746        1        1
1746        1773        1        1
1773        1773        1        1
1773        1799        1        1
1799        1799        1        1
1826        1799        1        1
1852        1799        1        1
1879        1799        1        1
1905        1799        1        1
1931        1799        1        1
1958        1799        1        1
1984        1799        1        1
2011        1773        1        1
2037        1773        1        1
2064        1773        1        1
2090        1773        1        1
2090        1746        1        1
2117        1746        1        1
2143        1746        1        1
2170        1720        1        1
2196        1720        1        1
2196        1693        1        1
2223        1693        1        1
2223        1667        1        1
2249        1640        1        1
2249        1614        1        1
2275        1614        1        1
2275        1588        1        1
2275        1614        1        1
2249        1614        1        1
2249        1640        1        1
2223        1640        1        1
2223        1667        1        1
2196        1667        1        1
2170        1693        1        1
2143        1693        1        1
2143        1720        1        1
2117        1720        1        1
2090        1746        1        1
2064        1746        1        1
2064        1773        1        1
2037        1773        1        1
2037        1799        1        1
2011        1799        1        1
1984        1826        1        1
1958        1852        1        1
1931        1879        1        1
1905        1905        1        1
1879        1931        1        1
1852        1958        1        1
1826        1984        1        1
1799        2011        1        1
1773        2037        1        1
1746        2064        1        1
1720        2090        1        1
1693        2117        1        1
1693        2143        1        1
1667        2170        1        1
1640        2196        1        1
1614        2223        1        1
1640        2223        1        1
1640        2196        1        1
1667        2196        1        1
1693        2196        1        1
1720        2170        1        1
1746        2170        1        1
1773        2170        1        1
1799        2143        1        1
1826        2143        1        1
1852        2143        1        1
1879        2143        1        1
1905        2143        1        1
1931        2143        1        1
1958        2143        1        1
1984        2143        1        1
2011        2170        1        1
2037        2170        1        1
2064        2170        1        1
2090        2196        1        1
2117        2196        1        1
2143        2223        1        1
2143        2249        1        1
2170        2249        1        1
2196        2275        1        1
2223        2302        1        1
2249        2328        1        1
2275        2328        1        1
2275        2355        1        1
2302        2381        1        1
2328        2408        1        1
2355        2434        1        1
2355        2461        1        1
2381        2487        1        1
2408        2514        1        1
2434        2566        1        1
2434        2593        1        1
2461        2619        1        1
2487        2646        1        1
2487        2699        1        1
2514        2725        1        1
2514        2752        1        1
2540        2778        1        1
2540        2831        1        1
2566        2858        1        1
2566        2910        1        1
2566        2937        1        1
2593        2990        1        1
2593        3043        1        1
2619        3069        1        1
2619        3096        1        1
2619        3149        1        1
2619        3175        1        1
2646        3201        1        1
2646        3228        1        1
2646        3254        1        1
2646        3281        1        1
2672        3281        1        1
2646        3254        1        1
2646        3228        1        1
2646        3201        1        1
2646        3175        1        1
2619        3122        1        1
2619        3096        1        1
2619        3069        1        1
2619        3016        1        1
2619        2990        1        1
2619        2937        1        1
2593        2910        1        1
2593        2858        1        1
2593        2805        1        1
2593        2778        1        1
2593        2725        1        1
2593        2672        1        1
2593        2646        1        1
2593        2593        1        1
2593        2566        1        1
2593        2514        1        1
2593        2487        1        1
2593        2434        1        1
2593        2381        1        1
2593        2355        1        1
2619        2302        1        1
2619        2249        1        1
2619        2223        1        1
2619        2170        1        1
2619        2117        1        1
2619        2064        1        1
2619        2037        1        1
2619        1984        1        1
2619        1931        1        1
2619        1905        1        1
2619        1852        1        1
2619        1826        1        1
2619        1773        1        1
2619        1746        1        1
2619        1693        1        1
2619        1667        1        1
2619        1640        1        1
2593        1588        1        1
2593        1561        1        1
2593        1535        1        1
2593        1482        1        1
2593        1455        1        1
2566        1429        1        1
2566        1402        1        1
2566        1376        1        1
2566        1349        1        1
2566        1323        1        1
2566        1296        1        1
2566        1270        1        1
2566        1244        1        1
2566        1217        1        1
PEN_UP                  0
PEN_DOWN
1455        1244        1        2
1482        1244        1        2
1482        1217        1        2
1508        1217        1        2
1535        1217        1        2
1561        1217        1        2
1614        1217        1        2
1640        1217        1        2
1693        1217        1        2
1746        1217        1        2
1799        1217        1        2
1852        1217        1        2
1905        1217        1        2
1984        1191        1        2
2037        1191        1        2
2117        1191        1        2
2196        1191        1        2
2275        1191        1        2
2355        1164        1        2
2434        1164        1        2
2514        1164        1        2
2593        1164        1        2
2672        1138        1        2
2752        1138        1        2
2831        1138        1        2
2884        1138        1        2
2963        1138        1        2
3016        1111        1        2
3069        1111        1        2
3096        1111        1        2
3149        1111        1        2
3175        1111        1        2
3201        1111        1        2
3228        1111        1        2
3254        1111        1        2
3281        1111        1        2
3307        1111        1        2
3334        1111        1        2
3334        1138        1        2
PEN_UP                  0
PEN_DOWN
2672        3254        1        3
2672        3228        1        3
2672        3201        1        3
2672        3175        1        3
2646        3149        1        3
2646        3122        1        3
2619        3122        1        3
2619        3096        1        3
2593        3069        1        3
2566        3043        1        3
2540        3043        1        3
2540        3016        1        3
2514        3016        1        3
2514        2990        1        3
2487        2990        1        3
2461        2963        1        3
2434        2963        1        3
2408        2963        1        3
2381        2963        1        3
2355        2963        1        3
2328        2990        1        3
2302        2990        1        3
2275        3016        1        3
2249        3016        1        3
2249        3043        1        3
2223        3043        1        3
2196        3069        1        3
2170        3096        1        3
2143        3122        1        3
2117        3149        1        3
2117        3175        1        3
2090        3175        1        3
2064        3201        1        3
2064        3228        1        3
2037        3228        1        3
2011        3254        1        3
2011        3281        1        3
1984        3281        1        3
1958        3281        1        3
1958        3307        1        3
1931        3307        1        3
1905        3307        1        3
1879        3334        1        3
1852        3334        1        3
1826        3334        1        3
1799        3307        1        3
1773        3307        1        3
1746        3307        1        3
1720        3281        1        3
1693        3281        1        3
1667        3254        1        3
1640        3254        1        3
1614        3228        1        3
1614        3201        1        3
1588        3175        1        3
1561        3149        1        3
1561        3122        1        3
1535        3096        1        3
1535        3069        1        3
1535        3043        1        3
1508        3016        1        3
1508        2990        1        3
1508        2963        1        3
1508        2937        1        3
1508        2910        1        3
1508        2884        1        3
1535        2884        1        3
PEN_UP                  0
END_CHARACTER: GHR
