CHARACTER_NAME: JR
STROKE_COUNT: 3
  X           Y   STYLUS_STATE STROKE
PEN_DOWN
 900        2090        1        1
 900        2117        1        1
 900        2143        1        1
 926        2170        1        1
 926        2196        1        1
 926        2223        1        1
 926        2249        1        1
 926        2275        1        1
 953        2302        1        1
 953        2328        1        1
 979        2355        1        1
 979        2381        1        1
 979        2408        1        1
1005        2434        1        1
1005        2461        1        1
1005        2487        1        1
1032        2487        1        1
1032        2514        1        1
1058        2540        1        1
1058        2566        1        1
1085        2593        1        1
1111        2619        1        1
1111        2646        1        1
1138        2646        1        1
1164        2672        1        1
1164        2699        1        1
1191        2725        1        1
1217        2725        1        1
1244        2752        1        1
1244        2778        1        1
1270        2778        1        1
1296        2805        1        1
1323        2805        1        1
1323        2831        1        1
1349        2831        1        1
1376        2831        1        1
1402        2858        1        1
1429        2858        1        1
1455        2858        1        1
1482        2858        1        1
1508        2884        1        1
1535        2884        1        1
1561        2884        1        1
1588        2884        1        1
1614        2884        1        1
1640        2884        1        1
1667        2858        1        1
1693        2858        1        1
1720        2858        1        1
1746        2858        1        1
1773        2831        1        1
1799        2831        1        1
1826        2805        1        1
1852        2805        1        1
1852        2778        1        1
1879        2778        1        1
1879        2752        1        1
1905        2725        1        1
1931        2699        1        1
1931        2672        1        1
1958        2646        1        1
1958        2619        1        1
1984        2593        1        1
1984        2566        1        1
1984        2540        1        1
2011        2487        1        1
2011        2461        1        1
2011        2434        1        1
2011        2408        1        1
2037        2381        1        1
2037        2355        1        1
2037        2328        1        1
2037        2275        1        1
2037        2249        1        1
2037        2223        1        1
2037        2196        1        1
2037        2170        1        1
2037        2143        1        1
2037        2117        1        1
2037        2090        1        1
2037        2064        1        1
2037        2037        1        1
2037        2011        1        1
2037        1984        1        1
2011        1984        1        1
2011        1958        1        1
2011        1984        1        1
1984        1984        1        1
1984        2011        1        1
1958        2011        1        1
1958        2037        1        1
1958        2064        1        1
1931        2064        1        1
1931        2090        1        1
1905        2090        1        1
1905        2117        1        1
1879        2117        1        1
1879        2143        1        1
1852        2143        1        1
1852        2170        1        1
1826        2170        1        1
1799        2196        1        1
1773        2223        1        1
1746        2223        1        1
1720        2249        1        1
1693        2249        1        1
1667        2275        1        1
1640        2275        1        1
1640        2302        1        1
1614        2302        1        1
1588        2302        1        1
1561        2328        1        1
1535        2328        1        1
1508        2355        1        1
1482        2355        1        1
1455        2355        1        1
1429        2381        1        1
1429        2355        1        1
1455        2355        1        1
1455        2328        1        1
1482        2328        1        1
1482        2302        1        1
1482        2275        1        1
1508        2275        1        1
1508        2249        1        1
1508        2223        1        1
1535        2196        1        1
1535        2170        1        1
1535        2143        1        1
1535        2117        1        1
1561        2090        1        1
1561        2064        1        1
1561        2037        1        1
1561        2011        1        1
1561        1984        1        1
1561        1958        1        1
1588        1958        1        1
1588        1931        1        1
1588        1905        1        1
1588        1879        1        1
1588        1852        1        1
1614        1826        1        1
1614        1799        1        1
1614        1773        1        1
1614        1746        1        1
1614        1720        1        1
1640        1693        1        1
1640        1667        1        1
1640        1640        1        1
1640        1614        1        1
1640        1588        1        1
1667        1588        1        1
1667        1614        1        1
1693        1614        1        1
1693        1640        1        1
1720        1640        1        1
1720        1667        1        1
1746        1667        1        1
1773        1667        1        1
1773        1693        1        1
1799        1693        1        1
1826        1693        1        1
1852        1693        1        1
1879        1693        1        1
1879        1720        1        1
1905        1720        1        1
1931        1720        1        1
1958        1720        1        1
1984        1720        1        1
2011        1720        1        1
2037        1720        1        1
2064        1720        1        1
2090        1720        1        1
2117        1720        1        1
2143        1720        1        1
2170        1720        1        1
2196        1720        1        1
2223        1693        1        1
2249        1693        1        1
2275        1693        1        1
2302        1693        1        1
2328        1693        1        1
2302        1693        1        1
2302        1720        1        1
2275        1746        1        1
2275        1773        1        1
2275        1799        1        1
2249        1799        1        1
2249        1826        1        1
2249        1852        1        1
2249        1879        1        1
2249        1905        1        1
2249        1931        1        1
2249        1958        1        1
2249        1984        1        1
2249        2011        1        1
2249        2064        1        1
2249        2090        1        1
2249        2143        1        1
2249        2170        1        1
2249        2196        1        1
2249        2249        1        1
2249        2275        1        1
2249        2328        1        1
2249        2355        1        1
2249        2408        1        1
2249        2434        1        1
2249        2487        1        1
2249        2514        1        1
2275        2540        1        1
2275        2593        1        1
2275        2619        1        1
2302        2646        1        1
2302        2699        1        1
2302        2725        1        1
2328        2752        1        1
2328        2805        1        1
2355        2831        1        1
2355        2858        1        1
2381        2910        1        1
2408        2937        1        1
2434        2963        1        1
2461        3016        1        1
2487        3043        1        1
2514        3069        1        1
2540        3096        1        1
2566        3149        1        1
2593        3175        1        1
2619        3201        1        1
2672        3228        1        1
2699        3254        1        1
2725        3281        1        1
2778        3281        1        1
2805        3307        1        1
2831        3334        1        1
2884        3334        1        1
2910        3360        1        1
2937        3360        1        1
2963        3387        1        1
2990        3387        1        1
3016        3387        1        1
3043        3387        1        1
3069        3413        1        1
3096        3413        1        1
3122        3413        1        1
3096        3387        1        1
3096        3360        1        1
3069        3360        1        1
3069        3334        1        1
3043        3334        1        1
PEN_UP                  0
PEN_DOWN
2778        3334        1        2
2752        3307        1        2
2725        3307        1        2
2725        3281        1        2
2699        3281        1        2
2699        3254        1        2
2672        3254        1        2
2646        3254        1        2
2646        3228        1        2
2619        3228        1        2
2593        3201        1        2
2566        3201        1        2
2540        3175        1        2
2514        3175        1        2
2487        3175        1        2
2487        3149        1        2
2461        3149        1        2
2434        3149        1        2
2408        3149        1        2
2381        3149        1        2
2355        3149        1        2
2328        3175        1        2
2302        3175        1        2
2275        3175        1        2
2249        3201        1        2
2223        3201        1        2
2223        3228        1        2
2196        3228        1        2
2170        3254        1        2
2170        3281        1        2
2143        3307        1        2
2117        3334        1        2
2117        3360        1        2
2090        3387        1        2
2064        3413        1        2
2064        3440        1        2
2037        3440        1        2
2011        3466        1        2
2011        3493        1        2
1984        3519        1        2
1958        3519        1        2
1931        3545        1        2
1905        3572        1        2
1879        3572        1        2
1852        3572        1        2
1826        3572        1        2
1799        3572        1        2
1746        3572        1        2
1720        3572        1        2
1667        3545        1        2
1614        3545        1        2
1588        3519        1        2
1535        3493        1        2
1482        3466        1        2
1429        3440        1        2
1402        3413        1        2
1376        3387        1        2
1349        3360        1        2
1323        3307        1        2
1296        3281        1        2
1270        3254        1        2
1244        3228        1        2
1244        3201        1        2
1217        3201        1        2
1217        3175        1        2
PEN_UP                  0
PEN_DOWN
1349        1402        1        3
1323        1402        1        3
1296        1402        1        3
1323        1402        1        3
1323        1376        1        3
1349        1376        1        3
1376        1376        1        3
1402        1376        1        3
1429        1376        1        3
1455        1376        1        3
1482        1376        1        3
1535        1376        1        3
1588        1376        1        3
1640        1376        1        3
1693        1376        1        3
1746        1376        1        3
1826        1376        1        3
1879        1402        1        3
1958        1402        1        3
2011        1402        1        3
2090        1402        1        3
2170        1402        1        3
2249        1402        1        3
2328        1402        1        3
2408        1376        1        3
2461        1376        1        3
2540        1376        1        3
2593        1376        1        3
2619        1376        1        3
2672        1376        1        3
2699        1376        1        3
2725        1376        1        3
PEN_UP                  0
END_CHARACTER: JR
