CHARACTER_NAME: TRR
STROKE_COUNT: 4
  X           Y   STYLUS_STATE STROKE
PEN_DOWN
1535        1323        1        1
1508        1323        1        1
1508        1296        1        1
1508        1270        1        1
1508        1244        1        1
1508        1217        1        1
1508        1244        1        1
1535        1244        1        1
1535        1270        1        1
1535        1296        1        1
1535        1323        1        1
1561        1323        1        1
1561        1349        1        1
1561        1376        1        1
1561        1402        1        1
1561        1429        1        1
1561        1455        1        1
1561        1482        1        1
1561        1508        1        1
1561        1535        1        1
1561        1561        1        1
1561        1588        1        1
1561        1614        1        1
1535        1640        1        1
1535        1667        1        1
1535        1693        1        1
1535        1720        1        1
1535        1746        1        1
1535        1773        1        1
1535        1799        1        1
1535        1826        1        1
1535        1852        1        1
1535        1879        1        1
1535        1905        1        1
1535        1958        1        1
1535        1984        1        1
1535        2037        1        1
1535        2064        1        1
1535        2090        1        1
1535        2143        1        1
1535        2170        1        1
1535        2223        1        1
1535        2249        1        1
1535        2302        1        1
1535        2328        1        1
1561        2355        1        1
1561        2381        1        1
1561        2408        1        1
1561        2434        1        1
1561        2461        1        1
1561        2487        1        1
1561        2514        1        1
1561        2540        1        1
1561        2566        1        1
1561        2593        1        1
1588        2593        1        1
1588        2619        1        1
1588        2646        1        1
1588        2672        1        1
1614        2699        1        1
1614        2725        1        1
1614        2752        1        1
1640        2778        1        1
1640        2805        1        1
1667        2831        1        1
1667        2858        1        1
1693        2858        1        1
1720        2858        1        1
1720        2831        1        1
1746        2831        1        1
1773        2831        1        1
1799        2805        1        1
1826        2805        1        1
1852        2778        1        1
1879        2778        1        1
1905        2752        1        1
1931        2725        1        1
1958        2699        1        1
1984        2672        1        1
1984        2646        1        1
2011        2646        1        1
2011        2619        1        1
2037        2593        1        1
2064        2566        1        1
2064        2540        1        1
2090        2540        1        1
2117        2514        1        1
2117        2487        1        1
2143        2461        1        1
2143        2434        1        1
2170        2408        1        1
2170        2381        1        1
2196        2355        1        1
2223        2328        1        1
2223        2302        1        1
2249        2275        1        1
2249        2249        1        1
2275        2196        1        1
2275        2170        1        1
2302        2143        1        1
2302        2117        1        1
2328        2090        1        1
2328        2037        1        1
2328        2011        1        1
2355        1984        1        1
2355        1958        1        1
2328        1931        1        1
2328        1905        1        1
2328        1879        1        1
2328        1852        1        1
2328        1826        1        1
2302        1826        1        1
2302        1799        1        1
2275        1799        1        1
2249        1799        1        1
2223        1799        1        1
2223        1826        1        1
2196        1826        1        1
2170        1852        1        1
2143        1879        1        1
2143        1905        1        1
2170        1931        1        1
2196        1958        1        1
2223        1984        1        1
2249        1984        1        1
2275        1984        1        1
2302        1984        1        1
2328        1984        1        1
2355        1984        1        1
2355        1958        1        1
2355        1984        1        1
2355        1958        1        1
2328        1958        1        1
2302        1931        1        1
PEN_UP                  0
PEN_DOWN
2143        1111        1        2
2170        1111        1        2
2143        1111        1        2
2143        1085        1        2
2143        1058        1        2
2117        1058        1        2
2117        1032        1        2
2090        1005        1        2
2090         979        1        2
2064         953        1        2
2064         926        1        2
2037         900        1        2
2037         873        1        2
2011         847        1        2
1984         847        1        2
1984         820        1        2
1958         794        1        2
1931         794        1        2
1931         767        1        2
1905         741        1        2
1879         741        1        2
1852         714        1        2
1826         714        1        2
1826         688        1        2
1799         661        1        2
1773         661        1        2
1746         661        1        2
1720         635        1        2
1693         635        1        2
1667         635        1        2
1640         609        1        2
1614         609        1        2
1588         609        1        2
1561         609        1        2
1535         609        1        2
1508         609        1        2
1482         609        1        2
1455         609        1        2
1429         609        1        2
1376         609        1        2
1349         635        1        2
1323         635        1        2
1296         635        1        2
1270         635        1        2
1244         635        1        2
1217         635        1        2
1191         609        1        2
1164         609        1        2
1138         609        1        2
1111         609        1        2
1111         582        1        2
1085         582        1        2
1058         556        1        2
1032         556        1        2
1032         529        1        2
1005         529        1        2
1005         503        1        2
 979         503        1        2
 979         476        1        2
 979         450        1        2
 979         423        1        2
 979         397        1        2
 979         370        1        2
 979         344        1        2
 979         318        1        2
1005         318        1        2
1005         291        1        2
1005         265        1        2
1032         238        1        2
1032         212        1        2
1058         212        1        2
1058         185        1        2
1085         159        1        2
1111         185        1        2
1111         212        1        2
PEN_UP                  0
PEN_DOWN
1323        1376        1        3
1323        1349        1        3
1296        1349        1        3
1270        1349        1        3
1296        1323        1        3
1323        1323        1        3
1349        1323        1        3
1376        1296        1        3
1402        1296        1        3
1429        1296        1        3
1455        1296        1        3
1508        1296        1        3
1535        1270        1        3
1588        1270        1        3
1614        1270        1        3
1667        1270        1        3
1720        1270        1        3
1773        1270        1        3
1826        1270        1        3
1879        1244        1        3
1931        1244        1        3
1984        1244        1        3
2064        1244        1        3
2117        1244        1        3
2170        1244        1        3
2223        1244        1        3
2302        1244        1        3
2355        1217        1        3
2408        1217        1        3
2461        1217        1        3
2514        1217        1        3
2566        1217        1        3
2593        1217        1        3
2646        1217        1        3
2672        1191        1        3
2699        1191        1        3
2725        1191        1        3
2752        1191        1        3
2725        1217        1        3
2699        1217        1        3
PEN_UP                  0
PEN_DOWN
2196        2593        1        4
2170        2593        1        4
2170        2566        1        4
2170        2540        1        4
2170        2566        1        4
2170        2593        1        4
2170        2619        1        4
2170        2646        1        4
2170        2672        1        4
2170        2699        1        4
2143        2725        1        4
2143        2752        1        4
2143        2778        1        4
2143        2805        1        4
2143        2831        1        4
2143        2858        1        4
2143        2884        1        4
2143        2910        1        4
2143        2937        1        4
2117        2963        1        4
2117        3016        1        4
2117        3043        1        4
2117        3069        1        4
2117        3096        1        4
2117        3122        1        4
2117        3149        1        4
2117        3175        1        4
2117        3228        1        4
2117        3254        1        4
2117        3281        1        4
2117        3307        1        4
2117        3334        1        4
2117        3360        1        4
2117        3387        1        4
2090        3413        1        4
2090        3440        1        4
2064        3466        1        4
2037        3466        1        4
2011        3466        1        4
1984        3466        1        4
1984        3440        1        4
1958        3440        1        4
1931        3440        1        4
1905        3413        1        4
1879        3413        1        4
1852        3413        1        4
1826        3387        1        4
1799        3387        1        4
1773        3387        1        4
1746        3387        1        4
1720        3387        1        4
1720        3360        1        4
1693        3360        1        4
1667        3387        1        4
1640        3387        1        4
1614        3387        1        4
1588        3387        1        4
1588        3413        1        4
1561        3413        1        4
1535        3413        1        4
1508        3440        1        4
1482        3440        1        4
1455        3466        1        4
1429        3466        1        4
1429        3493        1        4
1402        3493        1        4
1402        3519        1        4
1376        3519        1        4
1349        3519        1        4
1349        3545        1        4
1323        3545        1        4
1296        3572        1        4
1270        3572        1        4
1244        3572        1        4
1244        3598        1        4
1217        3598        1        4
1191        3598        1        4
1164        3598        1        4
1138        3598        1        4
1111        3598        1        4
1085        3598        1        4
1058        3598        1        4
1032        3598        1        4
1005        3598        1        4
 979        3598        1        4
 953        3598        1        4
 926        3598        1        4
 900        3598        1        4
 873        3598        1        4
 847        3598        1        4
 820        3572        1        4
 794        3572        1        4
 767        3545        1        4
 741        3545        1        4
 741        3519        1        4
 714        3493        1        4
 688        3466        1        4
 661        3440        1        4
 661        3413        1        4
 635        3360        1        4
 635        3334        1        4
 609        3281        1        4
 609        3254        1        4
 609        3201        1        4
 609        3175        1        4
 609        3122        1        4
 609        3096        1        4
 635        3043        1        4
 635        3016        1        4
 635        2990        1        4
 661        2963        1        4
 661        2937        1        4
 661        2910        1        4
 688        2910        1        4
 714        2910        1        4
PEN_UP                  0
END_CHARACTER: TRR
