CHARACTER_NAME: DRR
STROKE_COUNT: 2
  X           Y   STYLUS_STATE STROKE
PEN_DOWN
1720        1296        1        1
1693        1296        1        1
1693        1323        1        1
1693        1349        1        1
1693        1376        1        1
1693        1402        1        1
1693        1429        1        1
1693        1455        1        1
1693        1482        1        1
1693        1508        1        1
1693        1535        1        1
1693        1588        1        1
1693        1614        1        1
1693        1640        1        1
1693        1693        1        1
1693        1720        1        1
1693        1773        1        1
1693        1826        1        1
1693        1852        1        1
1693        1905        1        1
1693        1958        1        1
1693        2011        1        1
1667        2064        1        1
1667        2117        1        1
1667        2170        1        1
1667        2223        1        1
1667        2275        1        1
1667        2302        1        1
1667        2355        1        1
1667        2381        1        1
1640        2408        1        1
1640        2434        1        1
1640        2461        1        1
1640        2487        1        1
1640        2514        1        1
1640        2540        1        1
1667        2514        1        1
1667        2487        1        1
1693        2487        1        1
1693        2461        1        1
1720        2461        1        1
1720        2434        1        1
1746        2408        1        1
1773        2381        1        1
1773        2355        1        1
1799        2328        1        1
1826        2302        1        1
1852        2275        1        1
1852        2249        1        1
1879        2223        1        1
1905        2196        1        1
1931        2170        1        1
1958        2143        1        1
1984        2090        1        1
2011        2064        1        1
2037        2037        1        1
2090        1984        1        1
2117        1958        1        1
2143        1931        1        1
2196        1879        1        1
2223        1852        1        1
2249        1826        1        1
2302        1799        1        1
2328        1773        1        1
2355        1746        1        1
2381        1720        1        1
2408        1693        1        1
2434        1693        1        1
2461        1667        1        1
2487        1667        1        1
2487        1640        1        1
2514        1640        1        1
2540        1640        1        1
2514        1640        1        1
2514        1667        1        1
2514        1693        1        1
2487        1693        1        1
2487        1720        1        1
2461        1720        1        1
2461        1746        1        1
2461        1773        1        1
2434        1773        1        1
2434        1799        1        1
2434        1826        1        1
2408        1826        1        1
2408        1852        1        1
2408        1879        1        1
2381        1905        1        1
2381        1931        1        1
2355        1958        1        1
2355        1984        1        1
2328        2037        1        1
2328        2064        1        1
2328        2090        1        1
2328        2143        1        1
2302        2196        1        1
2302        2223        1        1
2302        2275        1        1
2275        2328        1        1
2275        2355        1        1
2275        2408        1        1
2275        2461        1        1
2275        2514        1        1
2275        2566        1        1
2275        2619        1        1
2275        2646        1        1
2249        2699        1        1
2249        2752        1        1
2249        2805        1        1
2249        2858        1        1
2249        2910        1        1
2275        2963        1        1
2275        3016        1        1
2275        3069        1        1
2275        3122        1        1
2302        3175        1        1
2302        3228        1        1
2302        3281        1        1
2302        3307        1        1
2328        3360        1        1
2328        3413        1        1
2328        3466        1        1
2355        3493        1        1
2355        3545        1        1
2381        3572        1        1
2381        3598        1        1
2408        3651        1        1
2408        3678        1        1
2408        3704        1        1
2434        3704        1        1
2434        3731        1        1
2461        3757        1        1
2461        3784        1        1
2461        3757        1        1
2434        3757        1        1
2434        3731        1        1
2408        3704        1        1
2408        3678        1        1
2381        3651        1        1
2381        3625        1        1
2355        3625        1        1
2355        3598        1        1
2355        3572        1        1
2328        3572        1        1
2328        3545        1        1
2328        3519        1        1
2302        3493        1        1
2302        3466        1        1
2275        3466        1        1
2275        3440        1        1
2275        3413        1        1
2249        3413        1        1
2249        3387        1        1
2223        3387        1        1
2196        3387        1        1
2170        3387        1        1
2143        3413        1        1
2117        3413        1        1
2117        3440        1        1
2090        3440        1        1
2064        3440        1        1
2064        3466        1        1
2037        3466        1        1
2037        3493        1        1
2011        3493        1        1
2011        3519        1        1
2011        3545        1        1
1984        3545        1        1
1984        3572        1        1
1958        3572        1        1
1958        3598        1        1
1931        3625        1        1
1905        3651        1        1
1905        3678        1        1
1879        3678        1        1
1879        3704        1        1
1852        3704        1        1
1826        3731        1        1
1799        3731        1        1
1773        3731        1        1
1746        3757        1        1
1720        3757        1        1
1693        3757        1        1
1667        3757        1        1
1614        3757        1        1
1588        3731        1        1
1561        3731        1        1
1508        3731        1        1
1482        3704        1        1
1429        3704        1        1
1402        3678        1        1
1349        3651        1        1
1323        3625        1        1
1296        3598        1        1
1244        3572        1        1
1217        3519        1        1
1191        3493        1        1
1191        3466        1        1
1164        3413        1        1
1138        3387        1        1
1138        3360        1        1
1111        3334        1        1
1111        3307        1        1
1111        3281        1        1
1111        3254        1        1
1111        3228        1        1
1111        3254        1        1
1111        3228        1        1
1085        3228        1        1
PEN_UP                  0
PEN_DOWN
1614        1429        1        2
1588        1429        1        2
1561        1402        1        2
1535        1402        1        2
1508        1376        1        2
1482        1376        1        2
1455        1376        1        2
1455        1349        1        2
1429        1349        1        2
1402        1349        1        2
1402        1323        1        2
1376        1323        1        2
1402        1323        1        2
1429        1323        1        2
1455        1296        1        2
1508        1296        1        2
1561        1296        1        2
1614        1296        1        2
1693        1296        1        2
1773        1296        1        2
1852        1296        1        2
1931        1296        1        2
2011        1296        1        2
2090        1296        1        2
2196        1296        1        2
2275        1296        1        2
2355        1296        1        2
2408        1296        1        2
2487        1296        1        2
2540        1296        1        2
2566        1296        1        2
2619        1296        1        2
2646        1296        1        2
2672        1296        1        2
2699        1296        1        2
2699        1270        1        2
PEN_UP                  0
END_CHARACTER: DRR
