CHARACTER_NAME: DHRR
STROKE_COUNT: 2
  X           Y   STYLUS_STATE STROKE
PEN_DOWN
1931        1296        1        1
1931        1323        1        1
1905        1323        1        1
1905        1349        1        1
1879        1349        1        1
1879        1323        1        1
1905        1323        1        1
1931        1349        1        1
1931        1376        1        1
1905        1376        1        1
1905        1402        1        1
1879        1402        1        1
1852        1402        1        1
1852        1376        1        1
1852        1349        1        1
1852        1323        1        1
1879        1323        1        1
1879        1296        1        1
1879        1270        1        1
1905        1270        1        1
1931        1270        1        1
1931        1296        1        1
1931        1323        1        1
1931        1349        1        1
1905        1376        1        1
1879        1402        1        1
1852        1402        1        1
1852        1376        1        1
1852        1349        1        1
1879        1349        1        1
1879        1323        1        1
1879        1296        1        1
1905        1296        1        1
1931        1296        1        1
1931        1323        1        1
1931        1349        1        1
1958        1349        1        1
1958        1376        1        1
1958        1402        1        1
1931        1376        1        1
1931        1349        1        1
1931        1323        1        1
1931        1296        1        1
1905        1296        1        1
1905        1270        1        1
1879        1270        1        1
1879        1296        1        1
1852        1296        1        1
1826        1296        1        1
1826        1323        1        1
1799        1323        1        1
1799        1349        1        1
1773        1349        1        1
1773        1376        1        1
1746        1402        1        1
1746        1429        1        1
1720        1455        1        1
1720        1482        1        1
1693        1508        1        1
1693        1535        1        1
1693        1561        1        1
1693        1588        1        1
1720        1588        1        1
1720        1614        1        1
1720        1640        1        1
1720        1667        1        1
1746        1693        1        1
1746        1720        1        1
1773        1720        1        1
1773        1746        1        1
1799        1773        1        1
1826        1799        1        1
1852        1799        1        1
1852        1826        1        1
1879        1826        1        1
1905        1826        1        1
1931        1852        1        1
1958        1852        1        1
1984        1852        1        1
2011        1852        1        1
2037        1852        1        1
2064        1852        1        1
2090        1852        1        1
2117        1852        1        1
2143        1852        1        1
2170        1826        1        1
2196        1826        1        1
2223        1826        1        1
2249        1799        1        1
2275        1799        1        1
2328        1799        1        1
2355        1799        1        1
2381        1773        1        1
2408        1773        1        1
2434        1773        1        1
2461        1746        1        1
2487        1746        1        1
2514        1720        1        1
2514        1693        1        1
2540        1693        1        1
2566        1667        1        1
2593        1640        1        1
2593        1614        1        1
2619        1614        1        1
2619        1588        1        1
2646        1561        1        1
2646        1535        1        1
2672        1535        1        1
2646        1535        1        1
2646        1561        1        1
2619        1561        1        1
2619        1588        1        1
2593        1614        1        1
2566        1640        1        1
2540        1667        1        1
2514        1693        1        1
2514        1720        1        1
2487        1720        1        1
2487        1746        1        1
2461        1746        1        1
2434        1773        1        1
2408        1799        1        1
2381        1799        1        1
2355        1826        1        1
2328        1852        1        1
2302        1879        1        1
2275        1905        1        1
2249        1905        1        1
2223        1958        1        1
2170        1984        1        1
2143        2011        1        1
2117        2037        1        1
2064        2064        1        1
2037        2090        1        1
2011        2143        1        1
1958        2170        1        1
1931        2196        1        1
1879        2249        1        1
1852        2275        1        1
1826        2302        1        1
1773        2328        1        1
1746        2355        1        1
1720        2355        1        1
1720        2381        1        1
1693        2381        1        1
1693        2408        1        1
1667        2408        1        1
1693        2408        1        1
1720        2408        1        1
1746        2408        1        1
1773        2408        1        1
1799        2381        1        1
1826        2381        1        1
1852        2381        1        1
1879        2381        1        1
1905        2381        1        1
1931        2408        1        1
1958        2408        1        1
1984        2408        1        1
2011        2434        1        1
2037        2434        1        1
2090        2461        1        1
2117        2461        1        1
2143        2487        1        1
2170        2514        1        1
2223        2540        1        1
2249        2566        1        1
2275        2593        1        1
2328        2646        1        1
2355        2672        1        1
2381        2699        1        1
2434        2752        1        1
2461        2778        1        1
2487        2831        1        1
2540        2858        1        1
2566        2910        1        1
2593        2963        1        1
2619        3016        1        1
2646        3069        1        1
2672        3096        1        1
2699        3149        1        1
2725        3201        1        1
2752        3228        1        1
2778        3254        1        1
2778        3281        1        1
2805        3307        1        1
2805        3334        1        1
2831        3334        1        1
2831        3360        1        1
2858        3360        1        1
2858        3334        1        1
2858        3307        1        1
2858        3281        1        1
2831        3228        1        1
2831        3201        1        1
2831        3175        1        1
2831        3122        1        1
2831        3096        1        1
2831        3043        1        1
2831        3016        1        1
2831        2963        1        1
2805        2937        1        1
2805        2884        1        1
2805        2858        1        1
2805        2805        1        1
2805        2778        1        1
2805        2752        1        1
2805        2699        1        1
2778        2672        1        1
2778        2619        1        1
2778        2593        1        1
2778        2566        1        1
2778        2514        1        1
2778        2487        1        1
2778        2434        1        1
2778        2408        1        1
2778        2381        1        1
2778        2328        1        1
2778        2302        1        1
2778        2249        1        1
2778        2196        1        1
2778        2170        1        1
2778        2117        1        1
2778        2090        1        1
2778        2037        1        1
2778        2011        1        1
2778        1958        1        1
2778        1931        1        1
2778        1905        1        1
2778        1879        1        1
2778        1852        1        1
2778        1799        1        1
2778        1773        1        1
2778        1746        1        1
2752        1720        1        1
2752        1693        1        1
2778        1667        1        1
2752        1640        1        1
2752        1614        1        1
2752        1588        1        1
2752        1561        1        1
2752        1535        1        1
2752        1508        1        1
2752        1482        1        1
2752        1455        1        1
2752        1429        1        1
2752        1402        1        1
2752        1376        1        1
2752        1349        1        1
2752        1323        1        1
2752        1296        1        1
2752        1270        1        1
2752        1244        1        1
2752        1217        1        1
2752        1191        1        1
2752        1164        1        1
2752        1138        1        1
2752        1111        1        1
2752        1085        1        1
2778        1085        1        1
2778        1111        1        1
2805        1111        1        1
2831        1138        1        1
2858        1138        1        1
2910        1138        1        1
2937        1164        1        1
2990        1164        1        1
3043        1164        1        1
3096        1164        1        1
3175        1164        1        1
3228        1164        1        1
3281        1164        1        1
3334        1164        1        1
3360        1164        1        1
3413        1164        1        1
3440        1164        1        1
3466        1164        1        1
3466        1191        1        1
3440        1191        1        1
3413        1217        1        1
PEN_UP                  0
PEN_DOWN
2778        3493        1        2
2778        3466        1        2
2752        3440        1        2
2752        3413        1        2
2725        3413        1        2
2725        3387        1        2
2699        3387        1        2
2699        3360        1        2
2672        3360        1        2
2646        3334        1        2
2619        3334        1        2
2593        3334        1        2
2566        3307        1        2
2540        3307        1        2
2514        3307        1        2
2487        3307        1        2
2461        3307        1        2
2434        3307        1        2
2408        3307        1        2
2381        3334        1        2
2355        3334        1        2
2328        3334        1        2
2302        3334        1        2
2275        3360        1        2
2249        3360        1        2
2223        3360        1        2
2196        3387        1        2
2170        3387        1        2
2143        3413        1        2
2117        3440        1        2
2090        3466        1        2
2064        3493        1        2
2037        3493        1        2
2011        3519        1        2
1984        3545        1        2
1958        3572        1        2
1931        3625        1        2
1905        3651        1        2
1879        3678        1        2
1852        3704        1        2
1826        3731        1        2
1799        3731        1        2
1773        3757        1        2
1720        3784        1        2
1693        3784        1        2
1667        3810        1        2
1640        3810        1        2
1614        3810        1        2
1588        3810        1        2
1535        3810        1        2
1508        3810        1        2
1482        3810        1        2
1455        3784        1        2
1402        3784        1        2
1376        3757        1        2
1349        3731        1        2
1296        3704        1        2
1270        3678        1        2
1244        3651        1        2
1217        3598        1        2
1191        3572        1        2
1164        3519        1        2
1138        3493        1        2
1138        3466        1        2
1138        3413        1        2
1111        3387        1        2
1111        3360        1        2
1111        3334        1        2
1111        3307        1        2
1111        3281        1        2
1111        3254        1        2
1138        3254        1        2
1138        3228        1        2
1164        3228        1        2
1191        3228        1        2
PEN_UP                  0
END_CHARACTER: DHRR
