CHARACTER_NAME: PRR
STROKE_COUNT: 3
  X           Y   STYLUS_STATE STROKE
PEN_DOWN
 953        1191        1        1
 979        1191        1        1
 979        1217        1        1
1005        1217        1        1
1005        1244        1        1
1032        1244        1        1
1058        1244        1        1
1058        1270        1        1
1085        1270        1        1
1111        1270        1        1
1111        1296        1        1
1138        1296        1        1
1138        1323        1        1
1164        1323        1        1
1164        1349        1        1
1191        1349        1        1
1191        1376        1        1
1217        1376        1        1
1217        1402        1        1
1244        1402        1        1
1244        1429        1        1
1244        1455        1        1
1270        1455        1        1
1270        1482        1        1
1270        1508        1        1
1296        1508        1        1
1296        1535        1        1
1296        1561        1        1
1323        1561        1        1
1296        1561        1        1
1296        1535        1        1
1323        1535        1        1
1323        1508        1        1
1323        1482        1        1
1349        1455        1        1
1349        1429        1        1
1376        1429        1        1
1376        1402        1        1
1402        1376        1        1
1429        1349        1        1
1455        1323        1        1
1482        1296        1        1
1508        1296        1        1
1535        1270        1        1
1561        1244        1        1
1588        1244        1        1
1614        1217        1        1
1640        1217        1        1
1667        1191        1        1
1693        1191        1        1
1720        1164        1        1
1746        1164        1        1
1773        1164        1        1
1799        1164        1        1
1826        1138        1        1
1852        1138        1        1
1879        1138        1        1
1905        1138        1        1
1931        1138        1        1
PEN_UP                  0
PEN_DOWN
 926        1217        1        2
 926        1191        1        2
 953        1191        1        2
 953        1164        1        2
 979        1164        1        2
 979        1138        1        2
1005        1138        1        2
1032        1138        1        2
1032        1111        1        2
1058        1111        1        2
1085        1085        1        2
1111        1085        1        2
1138        1085        1        2
1164        1058        1        2
1191        1058        1        2
1217        1058        1        2
1244        1032        1        2
1270        1032        1        2
1296        1032        1        2
1323        1032        1        2
1349        1005        1        2
1376        1005        1        2
1402        1005        1        2
1429        1005        1        2
1455        1005        1        2
1482        1005        1        2
1508        1005        1        2
1535        1005        1        2
1561        1005        1        2
1588        1005        1        2
1614        1005        1        2
1640        1005        1        2
1667        1005        1        2
1693        1005        1        2
1720        1005        1        2
1746        1005        1        2
1773        1005        1        2
1773        1032        1        2
1799        1032        1        2
1826        1032        1        2
1852        1032        1        2
1879        1032        1        2
1879        1058        1        2
1905        1058        1        2
1905        1085        1        2
1931        1085        1        2
1958        1085        1        2
1958        1111        1        2
1984        1111        1        2
1984        1138        1        2
2011        1138        1        2
2011        1164        1        2
2037        1164        1        2
2037        1191        1        2
2037        1217        1        2
2064        1217        1        2
2064        1244        1        2
2064        1270        1        2
2090        1270        1        2
2090        1296        1        2
2090        1323        1        2
2090        1349        1        2
2090        1376        1        2
2117        1402        1        2
2117        1429        1        2
2117        1455        1        2
2117        1482        1        2
2117        1508        1        2
2117        1535        1        2
2117        1561        1        2
2117        1588        1        2
2117        1614        1        2
2143        1640        1        2
2143        1667        1        2
2143        1693        1        2
2143        1720        1        2
2143        1746        1        2
2143        1773        1        2
2143        1799        1        2
2143        1826        1        2
2143        1852        1        2
2143        1879        1        2
2143        1905        1        2
2143        1931        1        2
2143        1958        1        2
2143        1984        1        2
2143        2037        1        2
2143        2064        1        2
2143        2090        1        2
2143        2117        1        2
2143        2143        1        2
2143        2196        1        2
2143        2223        1        2
2170        2249        1        2
2170        2275        1        2
2170        2328        1        2
2170        2355        1        2
2170        2381        1        2
2170        2408        1        2
2170        2434        1        2
2170        2461        1        2
2170        2487        1        2
2170        2514        1        2
2170        2540        1        2
2170        2566        1        2
2170        2593        1        2
2170        2566        1        2
2170        2540        1        2
2143        2540        1        2
2143        2514        1        2
2143        2487        1        2
2143        2461        1        2
2143        2434        1        2
2143        2408        1        2
2143        2381        1        2
2143        2355        1        2
2117        2328        1        2
2117        2302        1        2
2117        2275        1        2
2117        2249        1        2
2117        2223        1        2
2117        2196        1        2
2117        2170        1        2
2117        2143        1        2
2117        2117        1        2
2117        2090        1        2
2117        2064        1        2
2117        2037        1        2
2090        2011        1        2
2090        1984        1        2
2090        1958        1        2
2090        1931        1        2
2090        1905        1        2
2064        1879        1        2
2064        1852        1        2
2064        1826        1        2
2064        1799        1        2
2064        1773        1        2
2064        1746        1        2
2064        1720        1        2
2064        1693        1        2
2037        1667        1        2
2037        1640        1        2
2037        1614        1        2
2037        1588        1        2
2037        1561        1        2
2037        1535        1        2
2037        1508        1        2
2037        1482        1        2
2037        1455        1        2
2037        1429        1        2
2037        1402        1        2
2037        1376        1        2
2037        1349        1        2
2037        1323        1        2
2037        1296        1        2
2037        1270        1        2
2037        1244        1        2
2037        1217        1        2
2037        1191        1        2
2037        1164        1        2
2037        1138        1        2
2037        1111        1        2
2037        1085        1        2
2037        1058        1        2
2037        1032        1        2
2037        1005        1        2
2037         979        1        2
2037         953        1        2
2037         926        1        2
2037         900        1        2
2064         900        1        2
2090         900        1        2
2117         900        1        2
2143         873        1        2
2196         873        1        2
2223         873        1        2
2275         847        1        2
2328         847        1        2
2381         847        1        2
2434         820        1        2
2487         820        1        2
2514         820        1        2
2566         820        1        2
2593         820        1        2
2619         820        1        2
2646         820        1        2
2672         794        1        2
2699         794        1        2
PEN_UP                  0
PEN_DOWN
2223        2434        1        3
2196        2434        1        3
2170        2461        1        3
2170        2434        1        3
2143        2408        1        3
2143        2381        1        3
2143        2355        1        3
2117        2328        1        3
2117        2302        1        3
2117        2275        1        3
2117        2249        1        3
2090        2249        1        3
2090        2223        1        3
2064        2196        1        3
2064        2170        1        3
2037        2170        1        3
2037        2143        1        3
2011        2143        1        3
1984        2143        1        3
1958        2143        1        3
1931        2143        1        3
1905        2170        1        3
1879        2196        1        3
1852        2196        1        3
1826        2223        1        3
1799        2223        1        3
1773        2249        1        3
1746        2249        1        3
1746        2275        1        3
1720        2302        1        3
1693        2302        1        3
1667        2328        1        3
1667        2355        1        3
1640        2381        1        3
1614        2381        1        3
1588        2408        1        3
1561        2434        1        3
1561        2461        1        3
1535        2487        1        3
1508        2487        1        3
1482        2514        1        3
1455        2540        1        3
1429        2566        1        3
1402        2593        1        3
1376        2619        1        3
1349        2619        1        3
1323        2646        1        3
1296        2672        1        3
1270        2672        1        3
1244        2699        1        3
1217        2699        1        3
1191        2699        1        3
1164        2699        1        3
1138        2699        1        3
1111        2672        1        3
1085        2672        1        3
1058        2646        1        3
1032        2619        1        3
1005        2593        1        3
1005        2566        1        3
 979        2540        1        3
 953        2514        1        3
 953        2461        1        3
 926        2434        1        3
 926        2408        1        3
 926        2381        1        3
 900        2381        1        3
 900        2355        1        3
 900        2328        1        3
 873        2302        1        3
 900        2302        1        3
 900        2275        1        3
 926        2275        1        3
PEN_UP                  0
END_CHARACTER: PRR
