CHARACTER_NAME: BRR
STROKE_COUNT: 2
  X           Y   STYLUS_STATE STROKE
PEN_DOWN
1984        1799        1        1
1984        1773        1        1
2011        1773        1        1
2011        1746        1        1
2011        1720        1        1
2011        1746        1        1
1984        1746        1        1
1958        1746        1        1
1958        1773        1        1
1931        1799        1        1
1905        1799        1        1
1879        1826        1        1
1852        1852        1        1
1826        1879        1        1
1799        1905        1        1
1746        1958        1        1
1720        1984        1        1
1667        2011        1        1
1640        2064        1        1
1588        2090        1        1
1561        2117        1        1
1535        2170        1        1
1482        2196        1        1
1455        2223        1        1
1429        2249        1        1
1402        2275        1        1
1376        2302        1        1
1349        2302        1        1
1323        2328        1        1
1296        2355        1        1
1323        2355        1        1
1349        2355        1        1
1376        2355        1        1
1402        2355        1        1
1429        2355        1        1
1482        2381        1        1
1508        2381        1        1
1535        2381        1        1
1588        2408        1        1
1614        2434        1        1
1667        2434        1        1
1693        2487        1        1
1746        2514        1        1
1773        2540        1        1
1799        2593        1        1
1826        2619        1        1
1879        2672        1        1
1905        2725        1        1
1931        2778        1        1
1958        2831        1        1
1958        2884        1        1
1984        2963        1        1
2011        3016        1        1
2037        3096        1        1
2037        3149        1        1
2064        3228        1        1
2090        3281        1        1
2090        3334        1        1
2117        3360        1        1
2117        3387        1        1
2117        3413        1        1
2143        3440        1        1
2143        3466        1        1
2170        3466        1        1
2143        3440        1        1
2143        3413        1        1
2143        3387        1        1
2143        3334        1        1
2143        3307        1        1
2117        3254        1        1
2117        3201        1        1
2117        3149        1        1
2090        3096        1        1
2090        3043        1        1
2090        2990        1        1
2064        2937        1        1
2064        2910        1        1
2064        2858        1        1
2037        2805        1        1
2037        2752        1        1
2037        2699        1        1
2011        2646        1        1
2011        2593        1        1
2011        2540        1        1
2011        2514        1        1
2011        2461        1        1
2011        2408        1        1
1984        2381        1        1
1984        2328        1        1
1984        2302        1        1
1984        2249        1        1
1984        2223        1        1
1984        2170        1        1
1984        2143        1        1
1958        2090        1        1
1958        2064        1        1
1958        2037        1        1
1958        1984        1        1
1958        1958        1        1
1958        1931        1        1
1958        1905        1        1
1931        1879        1        1
1931        1826        1        1
1931        1799        1        1
1931        1773        1        1
1931        1746        1        1
1931        1720        1        1
1931        1693        1        1
1931        1667        1        1
1931        1640        1        1
1958        1640        1        1
1984        1640        1        1
2011        1640        1        1
2064        1640        1        1
2117        1640        1        1
2196        1640        1        1
2249        1667        1        1
2355        1667        1        1
2434        1667        1        1
2540        1667        1        1
2646        1667        1        1
2752        1667        1        1
2831        1693        1        1
2937        1693        1        1
2990        1693        1        1
3069        1693        1        1
3122        1693        1        1
3149        1693        1        1
3201        1693        1        1
3228        1693        1        1
3254        1693        1        1
3254        1667        1        1
3228        1667        1        1
3201        1667        1        1
PEN_UP                  0
PEN_DOWN
2170        3572        1        2
2170        3545        1        2
2143        3545        1        2
2143        3519        1        2
2143        3493        1        2
2143        3466        1        2
2117        3466        1        2
2117        3440        1        2
2117        3413        1        2
2090        3387        1        2
2090        3360        1        2
2064        3334        1        2
2064        3307        1        2
2064        3281        1        2
2037        3254        1        2
2011        3228        1        2
2011        3201        1        2
1984        3175        1        2
1984        3149        1        2
1958        3149        1        2
1958        3122        1        2
1931        3122        1        2
1931        3096        1        2
1905        3096        1        2
1879        3069        1        2
1852        3069        1        2
1826        3069        1        2
1799        3069        1        2
1773        3069        1        2
1746        3096        1        2
1720        3096        1        2
1693        3096        1        2
1667        3122        1        2
1640        3122        1        2
1614        3149        1        2
1588        3149        1        2
1588        3175        1        2
1561        3201        1        2
1535        3228        1        2
1508        3254        1        2
1482        3281        1        2
1482        3334        1        2
1455        3360        1        2
1429        3387        1        2
1429        3413        1        2
1402        3440        1        2
1376        3466        1        2
1349        3493        1        2
1323        3519        1        2
1296        3519        1        2
1270        3545        1        2
1217        3572        1        2
1191        3572        1        2
1138        3572        1        2
1111        3598        1        2
1085        3572        1        2
1032        3572        1        2
1005        3572        1        2
 979        3545        1        2
 926        3519        1        2
 900        3466        1        2
 873        3440        1        2
 873        3413        1        2
 847        3360        1        2
 847        3334        1        2
 820        3281        1        2
 820        3254        1        2
 820        3228        1        2
 820        3201        1        2
 820        3175        1        2
 820        3201        1        2
 847        3201        1        2
 873        3228        1        2
 900        3228        1        2
PEN_UP                  0
END_CHARACTER: BRR
