CHARACTER_NAME: CA
STROKE_COUNT: 2
  X           Y   STYLUS_STATE STROKE
PEN_DOWN
1349        1376        1        1
1349        1349        1        1
1323        1349        1        1
1349        1349        1        1
1349        1376        1        1
1349        1402        1        1
1349        1429        1        1
1349        1455        1        1
1376        1455        1        1
1376        1482        1        1
1376        1508        1        1
1376        1535        1        1
1376        1561        1        1
1402        1588        1        1
1402        1614        1        1
1402        1640        1        1
1402        1667        1        1
1402        1693        1        1
1402        1720        1        1
1402        1746        1        1
1429        1773        1        1
1429        1799        1        1
1429        1852        1        1
1429        1879        1        1
1429        1905        1        1
1429        1931        1        1
1429        1958        1        1
1429        2011        1        1
1429        2037        1        1
1429        2064        1        1
1429        2117        1        1
1455        2143        1        1
1455        2170        1        1
1455        2196        1        1
1455        2249        1        1
1455        2275        1        1
1455        2302        1        1
1455        2328        1        1
1455        2355        1        1
1482        2381        1        1
1482        2434        1        1
1482        2461        1        1
1482        2487        1        1
1482        2514        1        1
1482        2540        1        1
1482        2566        1        1
1482        2593        1        1
1482        2619        1        1
1482        2646        1        1
1482        2672        1        1
1508        2699        1        1
1508        2725        1        1
1508        2752        1        1
1508        2778        1        1
1535        2778        1        1
1535        2805        1        1
1561        2831        1        1
1588        2831        1        1
1614        2831        1        1
1640        2831        1        1
1640        2858        1        1
1667        2858        1        1
1667        2831        1        1
1693        2831        1        1
1720        2831        1        1
1720        2805        1        1
1746        2805        1        1
1746        2778        1        1
1773        2778        1        1
1799        2752        1        1
1799        2725        1        1
1826        2725        1        1
1852        2699        1        1
1879        2672        1        1
1905        2646        1        1
1931        2619        1        1
1931        2593        1        1
1958        2593        1        1
1958        2566        1        1
1984        2540        1        1
2011        2514        1        1
2037        2487        1        1
2064        2461        1        1
2064        2434        1        1
2090        2434        1        1
2090        2408        1        1
2117        2381        1        1
2117        2355        1        1
2143        2328        1        1
2143        2302        1        1
2143        2275        1        1
2170        2249        1        1
2170        2223        1        1
2170        2196        1        1
2196        2196        1        1
2196        2170        1        1
2196        2143        1        1
2223        2117        1        1
2223        2090        1        1
2223        2064        1        1
2223        2037        1        1
2223        2011        1        1
2223        1984        1        1
2249        1958        1        1
2249        1931        1        1
2249        1905        1        1
2249        1879        1        1
2249        1852        1        1
2223        1826        1        1
2223        1799        1        1
2196        1799        1        1
2196        1773        1        1
2170        1773        1        1
2143        1773        1        1
2117        1773        1        1
2117        1746        1        1
2090        1746        1        1
2064        1746        1        1
2037        1746        1        1
2011        1746        1        1
1984        1746        1        1
1958        1773        1        1
1931        1773        1        1
1905        1773        1        1
1879        1773        1        1
1852        1773        1        1
1826        1773        1        1
1799        1773        1        1
1773        1773        1        1
1746        1773        1        1
1720        1773        1        1
1693        1773        1        1
1693        1746        1        1
1667        1746        1        1
1640        1746        1        1
1614        1746        1        1
1588        1746        1        1
1561        1746        1        1
1535        1746        1        1
1535        1720        1        1
1508        1720        1        1
1482        1720        1        1
1455        1720        1        1
1455        1693        1        1
1429        1693        1        1
1402        1693        1        1
1402        1667        1        1
1376        1667        1        1
1349        1640        1        1
PEN_UP                  0
PEN_DOWN
 953        1402        1        2
 979        1402        1        2
1005        1402        1        2
1032        1402        1        2
1058        1402        1        2
1085        1402        1        2
1111        1376        1        2
1138        1376        1        2
1164        1376        1        2
1191        1376        1        2
1217        1376        1        2
1244        1376        1        2
1270        1376        1        2
1296        1376        1        2
1323        1376        1        2
1349        1376        1        2
1376        1376        1        2
1402        1376        1        2
1429        1376        1        2
1455        1376        1        2
1508        1376        1        2
1535        1376        1        2
1561        1376        1        2
1588        1376        1        2
1614        1376        1        2
1640        1376        1        2
1667        1376        1        2
1693        1376        1        2
1720        1376        1        2
1746        1376        1        2
1773        1376        1        2
1799        1376        1        2
1826        1376        1        2
1852        1376        1        2
1879        1376        1        2
1905        1376        1        2
1931        1376        1        2
1958        1349        1        2
1984        1349        1        2
2011        1349        1        2
2037        1349        1        2
2064        1349        1        2
2090        1349        1        2
2064        1349        1        2
2037        1349        1        2
2011        1349        1        2
PEN_UP                  0
END_CHARACTER: CA
