CHARACTER_NAME: MRR
STROKE_COUNT: 3
  X           Y   STYLUS_STATE STROKE
PEN_DOWN
1535        1588        1        1
1535        1561        1        1
1535        1588        1        1
1508        1588        1        1
1482        1588        1        1
1482        1614        1        1
1455        1614        1        1
1455        1640        1        1
1429        1640        1        1
1402        1667        1        1
1402        1693        1        1
1376        1693        1        1
1376        1720        1        1
1349        1720        1        1
1349        1746        1        1
1349        1773        1        1
1323        1773        1        1
1323        1799        1        1
1323        1826        1        1
1349        1852        1        1
1349        1879        1        1
1349        1905        1        1
1349        1931        1        1
1349        1958        1        1
1376        1984        1        1
1376        2011        1        1
1376        2037        1        1
1402        2064        1        1
1402        2090        1        1
1402        2117        1        1
1429        2117        1        1
1429        2143        1        1
1429        2170        1        1
1455        2196        1        1
1455        2223        1        1
1482        2223        1        1
1482        2249        1        1
1508        2275        1        1
1535        2302        1        1
1535        2328        1        1
1561        2328        1        1
1561        2355        1        1
1588        2355        1        1
1614        2381        1        1
1614        2408        1        1
1640        2408        1        1
1640        2434        1        1
1667        2461        1        1
1693        2461        1        1
1693        2487        1        1
1720        2487        1        1
1746        2514        1        1
1746        2540        1        1
1773        2540        1        1
1773        2566        1        1
1799        2593        1        1
1826        2619        1        1
1826        2646        1        1
1826        2672        1        1
1852        2699        1        1
1852        2725        1        1
1852        2752        1        1
1826        2778        1        1
1826        2805        1        1
1826        2831        1        1
1799        2858        1        1
1799        2884        1        1
1773        2910        1        1
1746        2937        1        1
1720        2963        1        1
1693        2963        1        1
1667        2990        1        1
1640        3016        1        1
1614        3043        1        1
1588        3043        1        1
1561        3043        1        1
1508        3069        1        1
1482        3069        1        1
1455        3043        1        1
1429        3043        1        1
1402        3043        1        1
1402        3016        1        1
1376        3016        1        1
1376        2990        1        1
1349        2990        1        1
1349        2963        1        1
1376        2937        1        1
1402        2910        1        1
1402        2884        1        1
1429        2884        1        1
1455        2858        1        1
1482        2858        1        1
1482        2831        1        1
1508        2831        1        1
1535        2831        1        1
1561        2831        1        1
1588        2831        1        1
1614        2831        1        1
1614        2858        1        1
1640        2858        1        1
1667        2858        1        1
1693        2884        1        1
1720        2910        1        1
1746        2910        1        1
1773        2937        1        1
1799        2963        1        1
1826        2963        1        1
1852        2990        1        1
1879        3016        1        1
1905        3043        1        1
1931        3069        1        1
1958        3122        1        1
1984        3149        1        1
2011        3201        1        1
2037        3228        1        1
2064        3281        1        1
2090        3334        1        1
2117        3387        1        1
2143        3440        1        1
2170        3493        1        1
2196        3545        1        1
2196        3598        1        1
2223        3651        1        1
2249        3704        1        1
2249        3757        1        1
2275        3784        1        1
2302        3836        1        1
2302        3889        1        1
2328        3916        1        1
2328        3942        1        1
2355        3969        1        1
2355        4022        1        1
2381        4022        1        1
2381        4048        1        1
2381        4075        1        1
2381        4048        1        1
2381        4022        1        1
2355        3995        1        1
2355        3942        1        1
2355        3889        1        1
2328        3863        1        1
2328        3784        1        1
2328        3731        1        1
2328        3678        1        1
2302        3625        1        1
2302        3545        1        1
2302        3493        1        1
2302        3440        1        1
2302        3387        1        1
2302        3307        1        1
2302        3254        1        1
2275        3175        1        1
2275        3096        1        1
2275        3043        1        1
2275        2963        1        1
2275        2884        1        1
2249        2831        1        1
2249        2752        1        1
2249        2699        1        1
2249        2619        1        1
2249        2566        1        1
2249        2514        1        1
2249        2461        1        1
2223        2381        1        1
2223        2328        1        1
2223        2275        1        1
2223        2223        1        1
2223        2170        1        1
2223        2117        1        1
2223        2064        1        1
2223        2011        1        1
2223        1958        1        1
2223        1931        1        1
2223        1905        1        1
2223        1852        1        1
2223        1826        1        1
2223        1799        1        1
2223        1773        1        1
2223        1746        1        1
2223        1720        1        1
2223        1693        1        1
2223        1667        1        1
PEN_UP                  0
PEN_DOWN
1111        1640        1        2
1085        1640        1        2
1111        1667        1        2
1138        1667        1        2
1164        1667        1        2
1191        1667        1        2
1217        1667        1        2
1270        1667        1        2
1349        1640        1        2
1402        1640        1        2
1508        1640        1        2
1588        1640        1        2
1693        1640        1        2
1799        1640        1        2
1905        1640        1        2
2011        1640        1        2
2117        1614        1        2
2223        1614        1        2
2328        1614        1        2
2434        1614        1        2
2514        1614        1        2
2619        1614        1        2
2699        1614        1        2
2778        1588        1        2
2831        1588        1        2
2884        1588        1        2
2937        1588        1        2
2963        1588        1        2
2990        1588        1        2
3016        1588        1        2
2990        1614        1        2
2963        1640        1        2
2963        1667        1        2
PEN_UP                  0
PEN_DOWN
2302        4154        1        3
2328        4154        1        3
2328        4180        1        3
2328        4154        1        3
2328        4128        1        3
2328        4101        1        3
2302        4101        1        3
2302        4075        1        3
2275        4048        1        3
2275        4022        1        3
2249        3995        1        3
2249        3969        1        3
2223        3969        1        3
2196        3942        1        3
2170        3916        1        3
2170        3889        1        3
2143        3889        1        3
2117        3863        1        3
2090        3836        1        3
2064        3836        1        3
2037        3810        1        3
2011        3810        1        3
1984        3810        1        3
1958        3784        1        3
1931        3784        1        3
1905        3784        1        3
1879        3784        1        3
1852        3784        1        3
1826        3784        1        3
1799        3810        1        3
1773        3810        1        3
1746        3810        1        3
1720        3836        1        3
1693        3836        1        3
1667        3863        1        3
1640        3863        1        3
1614        3889        1        3
1588        3916        1        3
1535        3916        1        3
1508        3942        1        3
1482        3969        1        3
1429        3995        1        3
1402        4022        1        3
1376        4075        1        3
1323        4101        1        3
1296        4128        1        3
1270        4154        1        3
1217        4180        1        3
1191        4207        1        3
1164        4233        1        3
1111        4260        1        3
1085        4260        1        3
1058        4260        1        3
1032        4286        1        3
1005        4286        1        3
 953        4260        1        3
 926        4260        1        3
 900        4233        1        3
 873        4207        1        3
 820        4180        1        3
 794        4154        1        3
 794        4128        1        3
 767        4101        1        3
 767        4075        1        3
 741        4022        1        3
 767        4022        1        3
 767        3995        1        3
 767        3969        1        3
 794        3942        1        3
 820        3916        1        3
 847        3916        1        3
 873        3916        1        3
PEN_UP                  0
END_CHARACTER: MRR
