CHARACTER_NAME: TSR
STROKE_COUNT: 4
  X           Y   STYLUS_STATE STROKE
PEN_DOWN
1667        1429        1        1
1640        1429        1        1
1614        1429        1        1
1588        1429        1        1
1614        1429        1        1
1614        1455        1        1
1640        1455        1        1
1667        1482        1        1
1693        1482        1        1
1693        1508        1        1
1720        1535        1        1
1746        1535        1        1
1773        1561        1        1
1773        1588        1        1
1799        1614        1        1
1826        1640        1        1
1852        1667        1        1
1852        1693        1        1
1879        1720        1        1
1905        1746        1        1
1931        1799        1        1
1931        1826        1        1
1958        1852        1        1
1958        1879        1        1
1984        1905        1        1
1984        1931        1        1
1984        1958        1        1
1984        1984        1        1
1984        2011        1        1
1984        2037        1        1
1984        2064        1        1
1958        2090        1        1
1958        2117        1        1
1958        2143        1        1
1931        2170        1        1
1931        2196        1        1
1905        2223        1        1
1879        2223        1        1
1879        2249        1        1
1852        2249        1        1
1852        2275        1        1
1826        2249        1        1
1799        2223        1        1
1773        2196        1        1
1773        2170        1        1
1773        2143        1        1
1773        2117        1        1
1773        2090        1        1
1773        2064        1        1
1799        2037        1        1
1799        2011        1        1
1799        1984        1        1
1826        1958        1        1
1826        1931        1        1
1852        1905        1        1
1852        1879        1        1
1852        1852        1        1
1879        1826        1        1
1879        1799        1        1
1905        1799        1        1
1905        1773        1        1
1931        1773        1        1
1931        1746        1        1
1958        1746        1        1
1984        1720        1        1
2011        1720        1        1
2037        1693        1        1
2064        1693        1        1
2090        1693        1        1
2117        1693        1        1
2143        1693        1        1
2143        1720        1        1
2170        1720        1        1
2196        1746        1        1
2223        1773        1        1
2249        1799        1        1
2249        1826        1        1
2275        1852        1        1
2275        1879        1        1
2302        1905        1        1
2302        1931        1        1
2302        1958        1        1
2328        1984        1        1
2328        2037        1        1
2355        2064        1        1
2355        2090        1        1
2355        2143        1        1
2355        2170        1        1
2355        2196        1        1
2355        2249        1        1
2355        2275        1        1
2328        2302        1        1
2328        2328        1        1
2328        2355        1        1
2302        2381        1        1
2275        2408        1        1
2249        2434        1        1
2223        2434        1        1
2196        2434        1        1
2170        2408        1        1
2143        2381        1        1
2143        2355        1        1
2117        2328        1        1
2117        2302        1        1
2117        2275        1        1
2090        2249        1        1
2090        2223        1        1
2090        2196        1        1
2090        2143        1        1
2117        2117        1        1
2117        2090        1        1
2117        2064        1        1
2117        2011        1        1
2143        1984        1        1
2143        1958        1        1
2170        1931        1        1
2170        1905        1        1
2196        1879        1        1
2196        1852        1        1
2223        1826        1        1
2223        1799        1        1
2249        1773        1        1
2249        1746        1        1
2275        1720        1        1
2275        1693        1        1
2302        1693        1        1
2302        1667        1        1
2328        1640        1        1
2355        1614        1        1
2355        1588        1        1
2381        1588        1        1
2381        1561        1        1
2408        1561        1        1
2434        1535        1        1
2461        1508        1        1
2487        1508        1        1
2514        1508        1        1
2540        1482        1        1
2566        1482        1        1
2593        1482        1        1
2619        1482        1        1
2646        1482        1        1
2672        1482        1        1
2646        1508        1        1
2619        1508        1        1
PEN_UP                  0
PEN_DOWN
2725        1085        1        2
2725        1058        1        2
2725        1032        1        2
2725        1005        1        2
2725        1032        1        2
2725        1058        1        2
2725        1085        1        2
2725        1111        1        2
2725        1138        1        2
2725        1164        1        2
2725        1191        1        2
2725        1244        1        2
2725        1270        1        2
2725        1323        1        2
2725        1349        1        2
2725        1402        1        2
2725        1429        1        2
2725        1482        1        2
2725        1535        1        2
2725        1588        1        2
2725        1640        1        2
2752        1693        1        2
2752        1746        1        2
2752        1826        1        2
2752        1879        1        2
2752        1958        1        2
2778        2037        1        2
2778        2117        1        2
2778        2196        1        2
2805        2275        1        2
2805        2355        1        2
2805        2434        1        2
2805        2514        1        2
2805        2593        1        2
2805        2646        1        2
2831        2725        1        2
2831        2805        1        2
2831        2884        1        2
2831        2963        1        2
2831        3016        1        2
2831        3096        1        2
2831        3175        1        2
2831        3228        1        2
2831        3281        1        2
2831        3360        1        2
2831        3387        1        2
2831        3440        1        2
2805        3466        1        2
2805        3493        1        2
2805        3519        1        2
2805        3545        1        2
2805        3572        1        2
2805        3598        1        2
2778        3598        1        2
2778        3572        1        2
2752        3572        1        2
2752        3545        1        2
PEN_UP                  0
PEN_DOWN
2752        3307        1        3
2778        3307        1        3
2752        3281        1        3
2752        3254        1        3
2778        3228        1        3
2752        3201        1        3
2752        3175        1        3
2752        3149        1        3
2725        3122        1        3
2725        3096        1        3
2699        3069        1        3
2699        3043        1        3
2672        3016        1        3
2646        3016        1        3
2646        2990        1        3
2619        2990        1        3
2593        2990        1        3
2566        2963        1        3
2540        2963        1        3
2514        2963        1        3
2487        2990        1        3
2461        2990        1        3
2434        2990        1        3
2408        3016        1        3
2381        3016        1        3
2355        3043        1        3
2328        3069        1        3
2302        3069        1        3
2275        3122        1        3
2249        3149        1        3
2223        3175        1        3
2196        3201        1        3
2170        3254        1        3
2143        3281        1        3
2117        3334        1        3
2090        3360        1        3
2064        3387        1        3
2037        3440        1        3
2011        3466        1        3
1958        3466        1        3
1931        3493        1        3
1879        3519        1        3
1852        3545        1        3
1799        3545        1        3
1746        3545        1        3
1667        3545        1        3
1614        3545        1        3
1561        3519        1        3
1508        3519        1        3
1429        3493        1        3
1376        3466        1        3
1349        3413        1        3
1323        3387        1        3
1296        3334        1        3
1270        3281        1        3
1270        3228        1        3
1244        3201        1        3
1270        3175        1        3
1270        3149        1        3
1270        3122        1        3
1270        3096        1        3
1296        3069        1        3
1296        3096        1        3
PEN_UP                  0
PEN_DOWN
2752         979        1        4
2725         979        1        4
2725         953        1        4
2699         953        1        4
2672         953        1        4
2699         953        1        4
2725         953        1        4
2752         953        1        4
2805         953        1        4
2831         953        1        4
2910         953        1        4
2963         979        1        4
3043         979        1        4
3096         979        1        4
3175         979        1        4
3228         979        1        4
3281         979        1        4
3334         979        1        4
3360         979        1        4
3387        1005        1        4
3413        1005        1        4
3440        1005        1        4
PEN_UP                  0
END_CHARACTER: TSR
