CHARACTER_NAME: DSR
STROKE_COUNT: 5
  X           Y   STYLUS_STATE STROKE
PEN_DOWN
1191        1164        1        1
1164        1164        1        1
1191        1164        1        1
1191        1138        1        1
1217        1138        1        1
1244        1111        1        1
1270        1111        1        1
1296        1111        1        1
1323        1111        1        1
1349        1111        1        1
1376        1111        1        1
1429        1111        1        1
1455        1111        1        1
1482        1138        1        1
1508        1138        1        1
1561        1138        1        1
1588        1164        1        1
1614        1164        1        1
1640        1164        1        1
1667        1191        1        1
1693        1217        1        1
1720        1244        1        1
1746        1270        1        1
1773        1296        1        1
1799        1323        1        1
1826        1349        1        1
1826        1376        1        1
1852        1402        1        1
1852        1429        1        1
1879        1455        1        1
1879        1482        1        1
1879        1508        1        1
1879        1535        1        1
1905        1561        1        1
1905        1588        1        1
1905        1640        1        1
1905        1667        1        1
1905        1693        1        1
1905        1720        1        1
1905        1746        1        1
1879        1773        1        1
1879        1799        1        1
1879        1826        1        1
1852        1852        1        1
1852        1879        1        1
1826        1905        1        1
1799        1958        1        1
1799        1984        1        1
1773        2011        1        1
1746        2037        1        1
1720        2064        1        1
1693        2090        1        1
1667        2090        1        1
1667        2117        1        1
1640        2117        1        1
1614        2143        1        1
1588        2143        1        1
1561        2143        1        1
1535        2143        1        1
1508        2117        1        1
1482        2117        1        1
1455        2090        1        1
1429        2090        1        1
1402        2064        1        1
1376        2037        1        1
1323        2037        1        1
1296        2011        1        1
1270        1984        1        1
1244        1958        1        1
1217        1931        1        1
1191        1905        1        1
1191        1879        1        1
1164        1852        1        1
1138        1826        1        1
1138        1799        1        1
1111        1799        1        1
1111        1773        1        1
1085        1773        1        1
1085        1746        1        1
1058        1746        1        1
1058        1720        1        1
1058        1746        1        1
1085        1746        1        1
1111        1773        1        1
PEN_UP                  0
PEN_DOWN
1746        2196        1        2
1746        2170        1        2
1720        2170        1        2
1720        2143        1        2
1746        2143        1        2
1746        2117        1        2
1746        2090        1        2
1773        2064        1        2
1773        2037        1        2
1799        2037        1        2
1799        2011        1        2
1826        1984        1        2
1826        1958        1        2
1826        1931        1        2
1852        1931        1        2
1852        1905        1        2
1879        1879        1        2
1905        1852        1        2
1931        1852        1        2
1958        1826        1        2
1984        1799        1        2
2011        1799        1        2
2037        1773        1        2
2064        1773        1        2
2090        1773        1        2
2117        1773        1        2
2143        1773        1        2
2170        1799        1        2
2196        1799        1        2
2223        1826        1        2
2249        1852        1        2
2249        1879        1        2
2275        1905        1        2
2275        1931        1        2
2275        1984        1        2
2302        2011        1        2
2302        2064        1        2
2302        2117        1        2
2302        2170        1        2
2302        2223        1        2
2302        2275        1        2
2302        2328        1        2
2302        2381        1        2
2302        2434        1        2
2302        2487        1        2
2302        2514        1        2
2302        2540        1        2
2328        2593        1        2
2328        2619        1        2
2328        2646        1        2
2302        2646        1        2
2302        2619        1        2
2275        2593        1        2
PEN_UP                  0
PEN_DOWN
2275        1270        1        3
2249        1217        1        3
2249        1191        1        3
2275        1164        1        3
2275        1138        1        3
2275        1111        1        3
2275        1085        1        3
2302        1058        1        3
2302        1032        1        3
2302        1005        1        3
2302         979        1        3
2328         979        1        3
2328         953        1        3
2328         926        1        3
2328         900        1        3
2328         926        1        3
2328         953        1        3
2328         979        1        3
2328        1032        1        3
2302        1058        1        3
2302        1111        1        3
2328        1164        1        3
2302        1217        1        3
2302        1296        1        3
2302        1349        1        3
2302        1429        1        3
2302        1482        1        3
2302        1561        1        3
2302        1640        1        3
2302        1720        1        3
2328        1799        1        3
2328        1905        1        3
2302        1984        1        3
2302        2090        1        3
2328        2196        1        3
2328        2302        1        3
2328        2408        1        3
2328        2514        1        3
2328        2619        1        3
2328        2699        1        3
2328        2805        1        3
2328        2910        1        3
2328        3016        1        3
2328        3122        1        3
2328        3228        1        3
2328        3307        1        3
2328        3387        1        3
2328        3440        1        3
2302        3493        1        3
2302        3545        1        3
2302        3572        1        3
2302        3598        1        3
2275        3572        1        3
2275        3519        1        3
2249        3466        1        3
PEN_UP                  0
PEN_DOWN
1508        1164        1        4
1508        1138        1        4
1508        1111        1        4
1535        1111        1        4
1561        1111        1        4
1588        1111        1        4
1614        1138        1        4
1667        1138        1        4
1746        1138        1        4
1799        1111        1        4
1879        1111        1        4
1958        1111        1        4
2037        1111        1        4
2117        1111        1        4
2223        1111        1        4
2302        1138        1        4
2381        1138        1        4
2461        1138        1        4
2540        1164        1        4
2619        1164        1        4
2699        1164        1        4
2778        1164        1        4
2831        1191        1        4
2910        1191        1        4
2963        1191        1        4
3016        1191        1        4
3069        1191        1        4
3122        1191        1        4
3149        1164        1        4
3175        1164        1        4
3201        1164        1        4
3228        1164        1        4
3254        1164        1        4
3228        1164        1        4
3201        1191        1        4
3175        1191        1        4
PEN_UP                  0
PEN_DOWN
2196        3440        1        5
2223        3440        1        5
2223        3413        1        5
2249        3387        1        5
2249        3360        1        5
2275        3334        1        5
2275        3281        1        5
2275        3254        1        5
2275        3228        1        5
2275        3175        1        5
2275        3149        1        5
2275        3096        1        5
2275        3043        1        5
2249        3016        1        5
2249        2963        1        5
2223        2937        1        5
2223        2884        1        5
2196        2858        1        5
2170        2831        1        5
2170        2805        1        5
2143        2778        1        5
2117        2778        1        5
2090        2752        1        5
2064        2752        1        5
2037        2752        1        5
2011        2725        1        5
1958        2725        1        5
1931        2752        1        5
1905        2752        1        5
1879        2752        1        5
1852        2778        1        5
1826        2778        1        5
1773        2778        1        5
1746        2805        1        5
1720        2805        1        5
1693        2831        1        5
1667        2858        1        5
1614        2884        1        5
1588        2884        1        5
1561        2937        1        5
1535        2963        1        5
1508        2990        1        5
1482        3016        1        5
1429        3043        1        5
1402        3096        1        5
1376        3122        1        5
1349        3149        1        5
1323        3175        1        5
1296        3175        1        5
1270        3201        1        5
1244        3201        1        5
1217        3228        1        5
1191        3228        1        5
1164        3228        1        5
1111        3201        1        5
1085        3201        1        5
1058        3175        1        5
1032        3149        1        5
 979        3096        1        5
 953        3069        1        5
 926        3043        1        5
 900        2990        1        5
 873        2963        1        5
 847        2937        1        5
 847        2910        1        5
 847        2884        1        5
 820        2858        1        5
 820        2831        1        5
 820        2805        1        5
 847        2805        1        5
 847        2778        1        5
 847        2752        1        5
 847        2778        1        5
 873        2778        1        5
 873        2805        1        5
 900        2805        1        5
 900        2831        1        5
PEN_UP                  0
END_CHARACTER: DSR
