CHARACTER_NAME: HRR
STROKE_COUNT: 3
  X           Y   STYLUS_STATE STROKE
PEN_DOWN
1614         609        1        1
1614         582        1        1
1614         609        1        1
1614         635        1        1
1614         661        1        1
1614         688        1        1
1614         714        1        1
1640         741        1        1
1640         767        1        1
1640         794        1        1
1640         820        1        1
1640         847        1        1
1640         873        1        1
1640         900        1        1
1640         926        1        1
1640         979        1        1
1640        1005        1        1
1640        1032        1        1
1640        1085        1        1
1640        1111        1        1
1640        1164        1        1
1640        1191        1        1
1640        1244        1        1
1640        1270        1        1
1640        1296        1        1
1640        1323        1        1
1640        1349        1        1
1640        1376        1        1
1614        1402        1        1
1614        1429        1        1
1614        1455        1        1
1614        1429        1        1
1614        1402        1        1
1614        1376        1        1
1614        1349        1        1
1640        1323        1        1
1667        1323        1        1
1667        1296        1        1
1693        1296        1        1
1720        1296        1        1
1746        1296        1        1
1746        1270        1        1
1773        1270        1        1
1799        1270        1        1
1826        1270        1        1
1852        1270        1        1
1879        1270        1        1
1905        1296        1        1
1931        1296        1        1
1958        1296        1        1
1958        1323        1        1
1984        1323        1        1
1984        1349        1        1
2011        1349        1        1
2011        1376        1        1
2037        1402        1        1
2037        1429        1        1
2064        1429        1        1
2064        1455        1        1
2064        1482        1        1
2064        1508        1        1
2064        1535        1        1
2064        1561        1        1
2064        1588        1        1
2037        1614        1        1
2037        1640        1        1
2011        1667        1        1
1984        1693        1        1
1984        1720        1        1
1958        1746        1        1
1931        1746        1        1
1905        1773        1        1
1879        1799        1        1
1852        1826        1        1
1852        1852        1        1
1826        1852        1        1
1799        1879        1        1
1773        1905        1        1
1746        1905        1        1
1720        1931        1        1
1693        1958        1        1
1667        1984        1        1
1640        2011        1        1
1614        2011        1        1
1561        2037        1        1
1535        2064        1        1
1508        2064        1        1
1482        2090        1        1
1455        2117        1        1
1402        2117        1        1
1376        2143        1        1
1349        2143        1        1
1323        2143        1        1
1296        2143        1        1
1270        2143        1        1
1244        2143        1        1
1217        2117        1        1
1191        2090        1        1
1217        2064        1        1
1217        2037        1        1
1217        2011        1        1
1244        2011        1        1
1244        1984        1        1
1270        1984        1        1
1270        1958        1        1
1296        1958        1        1
1323        1958        1        1
1349        1958        1        1
1376        1958        1        1
1376        1984        1        1
1402        1984        1        1
1429        1984        1        1
1455        1984        1        1
1455        2011        1        1
1482        2011        1        1
1508        2011        1        1
1535        2037        1        1
1561        2064        1        1
1588        2064        1        1
1614        2090        1        1
1640        2117        1        1
1667        2143        1        1
1693        2170        1        1
1720        2196        1        1
1773        2223        1        1
1799        2249        1        1
1799        2275        1        1
1826        2302        1        1
1852        2328        1        1
1879        2355        1        1
1905        2381        1        1
1905        2408        1        1
1931        2434        1        1
1931        2461        1        1
1958        2487        1        1
1958        2540        1        1
1984        2566        1        1
2011        2593        1        1
2011        2619        1        1
2037        2646        1        1
2037        2699        1        1
2064        2725        1        1
2064        2752        1        1
2090        2805        1        1
2117        2831        1        1
2117        2884        1        1
2143        2910        1        1
2170        2963        1        1
2170        3016        1        1
2196        3043        1        1
2223        3096        1        1
2249        3149        1        1
2249        3175        1        1
2275        3228        1        1
2302        3254        1        1
2328        3307        1        1
2328        3334        1        1
2355        3360        1        1
2381        3387        1        1
2408        3440        1        1
2434        3440        1        1
2434        3466        1        1
2461        3493        1        1
2487        3519        1        1
2514        3545        1        1
2514        3519        1        1
2487        3519        1        1
2461        3493        1        1
PEN_UP                  0
PEN_DOWN
2275        3016        1        2
2249        3016        1        2
2275        3016        1        2
2249        2990        1        2
2249        3016        1        2
2249        3043        1        2
2275        3069        1        2
2275        3096        1        2
2275        3122        1        2
2275        3149        1        2
2275        3175        1        2
2275        3201        1        2
2275        3228        1        2
2275        3254        1        2
2275        3281        1        2
2275        3307        1        2
2275        3334        1        2
2275        3387        1        2
2302        3413        1        2
2275        3440        1        2
2275        3466        1        2
2275        3493        1        2
2275        3519        1        2
2275        3545        1        2
2275        3572        1        2
2275        3598        1        2
2249        3598        1        2
2249        3572        1        2
2223        3572        1        2
2223        3545        1        2
2196        3519        1        2
2170        3493        1        2
2170        3466        1        2
2143        3466        1        2
2143        3440        1        2
2117        3440        1        2
2117        3413        1        2
2090        3413        1        2
2064        3413        1        2
2037        3413        1        2
2011        3413        1        2
1984        3413        1        2
1958        3413        1        2
1931        3413        1        2
1905        3413        1        2
1879        3413        1        2
1852        3440        1        2
1826        3440        1        2
1799        3440        1        2
1773        3466        1        2
1746        3466        1        2
1720        3493        1        2
1693        3493        1        2
1667        3519        1        2
1640        3545        1        2
1614        3545        1        2
1588        3572        1        2
1561        3598        1        2
1535        3598        1        2
1508        3625        1        2
1482        3625        1        2
1455        3651        1        2
1429        3651        1        2
1376        3678        1        2
1349        3678        1        2
1323        3678        1        2
1270        3678        1        2
1244        3678        1        2
1217        3678        1        2
1164        3678        1        2
1138        3678        1        2
1111        3651        1        2
1058        3625        1        2
1032        3598        1        2
1005        3572        1        2
 979        3519        1        2
 979        3493        1        2
 979        3440        1        2
 979        3387        1        2
 979        3360        1        2
 979        3307        1        2
 979        3281        1        2
1005        3254        1        2
1005        3228        1        2
PEN_UP                  0
PEN_DOWN
1217         529        1        3
1244         529        1        3
1244         503        1        3
1270         503        1        3
1296         503        1        3
1323         503        1        3
1349         503        1        3
1402         503        1        3
1482         476        1        3
1561         476        1        3
1667         476        1        3
1799         476        1        3
1905         450        1        3
2037         450        1        3
2170         450        1        3
2302         450        1        3
2408         450        1        3
2514         450        1        3
2593         450        1        3
2672         450        1        3
2725         450        1        3
2752         450        1        3
2778         450        1        3
2805         450        1        3
2831         450        1        3
PEN_UP                  0
END_CHARACTER: HRR
