CHARACTER_NAME: SUNYA
STROKE_COUNT: 1
  X           Y   STYLUS_STATE STROKE
PEN_DOWN
1958        1244        1        1
1931        1217        1        1
1905        1217        1        1
1879        1217        1        1
1879        1191        1        1
1852        1191        1        1
1826        1191        1        1
1799        1191        1        1
1773        1191        1        1
1746        1191        1        1
1720        1217        1        1
1667        1217        1        1
1640        1217        1        1
1614        1217        1        1
1588        1244        1        1
1561        1244        1        1
1508        1270        1        1
1482        1296        1        1
1429        1296        1        1
1402        1323        1        1
1376        1349        1        1
1323        1376        1        1
1296        1402        1        1
1270        1429        1        1
1244        1455        1        1
1217        1482        1        1
1217        1508        1        1
1191        1561        1        1
1164        1588        1        1
1164        1614        1        1
1164        1640        1        1
1138        1667        1        1
1138        1693        1        1
1138        1720        1        1
1138        1773        1        1
1138        1799        1        1
1138        1826        1        1
1138        1879        1        1
1164        1905        1        1
1164        1958        1        1
1164        1984        1        1
1191        2037        1        1
1191        2064        1        1
1217        2090        1        1
1217        2117        1        1
1244        2143        1        1
1270        2196        1        1
1296        2223        1        1
1323        2249        1        1
1349        2275        1        1
1376        2275        1        1
1402        2302        1        1
1429        2328        1        1
1482        2355        1        1
1508        2355        1        1
1561        2381        1        1
1588        2381        1        1
1640        2408        1        1
1693        2408        1        1
1746        2408        1        1
1773        2408        1        1
1826        2381        1        1
1879        2381        1        1
1931        2381        1        1
1958        2355        1        1
2011        2355        1        1
2037        2328        1        1
2064        2302        1        1
2117        2302        1        1
2143        2275        1        1
2143        2249        1        1
2170        2223        1        1
2170        2196        1        1
2196        2170        1        1
2196        2143        1        1
2196        2090        1        1
2223        2037        1        1
2223        2011        1        1
2223        1958        1        1
2223        1931        1        1
2223        1879        1        1
2223        1852        1        1
2196        1826        1        1
2196        1773        1        1
2196        1746        1        1
2196        1720        1        1
2196        1693        1        1
2196        1667        1        1
2170        1640        1        1
2170        1614        1        1
2170        1588        1        1
2170        1561        1        1
2170        1535        1        1
2143        1508        1        1
2143        1482        1        1
2117        1455        1        1
2117        1429        1        1
2090        1429        1        1
2090        1402        1        1
2064        1376        1        1
2037        1349        1        1
2011        1323        1        1
1984        1323        1        1
1984        1296        1        1
1958        1296        1        1
1958        1270        1        1
PEN_UP                  0
END_CHARACTER: SUNYA
