CHARACTER_NAME: EK
STROKE_COUNT: 1
  X           Y   STYLUS_STATE STROKE
PEN_DOWN
2223         926        1        1
2223         900        1        1
2196         900        1        1
2196         873        1        1
2196         900        1        1
2170         900        1        1
2170         926        1        1
2143         953        1        1
2143         979        1        1
2117        1005        1        1
2117        1032        1        1
2090        1032        1        1
2090        1058        1        1
2090        1085        1        1
2090        1111        1        1
2064        1111        1        1
2064        1138        1        1
2064        1164        1        1
2064        1191        1        1
2064        1217        1        1
2064        1244        1        1
2064        1270        1        1
2064        1296        1        1
2064        1323        1        1
2064        1349        1        1
2090        1376        1        1
2090        1402        1        1
2090        1429        1        1
2090        1455        1        1
2117        1482        1        1
2117        1508        1        1
2117        1535        1        1
2143        1561        1        1
2170        1588        1        1
2196        1614        1        1
2196        1640        1        1
2223        1667        1        1
2249        1667        1        1
2249        1693        1        1
2275        1720        1        1
2302        1746        1        1
2328        1746        1        1
2355        1773        1        1
2381        1799        1        1
2408        1826        1        1
2434        1826        1        1
2461        1852        1        1
2487        1879        1        1
2514        1879        1        1
2514        1905        1        1
2540        1931        1        1
2566        1958        1        1
2593        1984        1        1
2619        1984        1        1
2619        2011        1        1
2646        2037        1        1
2672        2064        1        1
2672        2090        1        1
2699        2117        1        1
2699        2143        1        1
2725        2143        1        1
2725        2170        1        1
2752        2196        1        1
2752        2223        1        1
2778        2249        1        1
2778        2275        1        1
2778        2302        1        1
2805        2302        1        1
2805        2328        1        1
2805        2355        1        1
2805        2381        1        1
2805        2408        1        1
2805        2434        1        1
2778        2461        1        1
2778        2487        1        1
2778        2514        1        1
2752        2540        1        1
2752        2566        1        1
2725        2593        1        1
2725        2619        1        1
2699        2646        1        1
2672        2646        1        1
2646        2672        1        1
2646        2699        1        1
2619        2699        1        1
2593        2725        1        1
2566        2752        1        1
2540        2752        1        1
2514        2778        1        1
2487        2805        1        1
2461        2805        1        1
2434        2831        1        1
2381        2831        1        1
2355        2858        1        1
2328        2858        1        1
2302        2858        1        1
2275        2884        1        1
2249        2884        1        1
2223        2884        1        1
2196        2884        1        1
2170        2884        1        1
2170        2858        1        1
2143        2858        1        1
2117        2858        1        1
2090        2831        1        1
2064        2805        1        1
2064        2778        1        1
2037        2778        1        1
2037        2752        1        1
2011        2725        1        1
2011        2699        1        1
2011        2672        1        1
2037        2646        1        1
2037        2619        1        1
2037        2593        1        1
2064        2593        1        1
2064        2566        1        1
2090        2566        1        1
2117        2540        1        1
2143        2540        1        1
2170        2514        1        1
2196        2514        1        1
2223        2487        1        1
2249        2487        1        1
2249        2514        1        1
2275        2514        1        1
2302        2540        1        1
2328        2540        1        1
2355        2566        1        1
2381        2566        1        1
2408        2593        1        1
2434        2593        1        1
2434        2619        1        1
PEN_UP                  0
END_CHARACTER: EK
