CHARACTER_NAME: DUI
STROKE_COUNT: 1
  X           Y   STYLUS_STATE STROKE
PEN_DOWN
1667         661        1        1
1667         635        1        1
1640         635        1        1
1667         635        1        1
1693         635        1        1
1720         661        1        1
1746         661        1        1
1773         661        1        1
1799         688        1        1
1826         688        1        1
1852         688        1        1
1852         714        1        1
1879         714        1        1
1905         741        1        1
1931         741        1        1
1958         767        1        1
1984         794        1        1
2011         820        1        1
2011         847        1        1
2037         873        1        1
2037         900        1        1
2064         926        1        1
2064         953        1        1
2090        1005        1        1
2090        1032        1        1
2090        1058        1        1
2090        1085        1        1
2090        1111        1        1
2090        1138        1        1
2090        1164        1        1
2064        1191        1        1
2064        1244        1        1
2064        1270        1        1
2037        1296        1        1
2011        1349        1        1
1984        1376        1        1
1958        1402        1        1
1931        1429        1        1
1905        1455        1        1
1879        1482        1        1
1826        1508        1        1
1799        1535        1        1
1773        1561        1        1
1746        1561        1        1
1720        1588        1        1
1693        1588        1        1
1667        1614        1        1
1640        1614        1        1
1614        1614        1        1
1588        1640        1        1
1561        1640        1        1
1535        1640        1        1
1508        1640        1        1
1482        1614        1        1
1455        1588        1        1
1455        1561        1        1
1482        1535        1        1
1482        1508        1        1
1508        1508        1        1
1535        1508        1        1
1561        1482        1        1
1588        1482        1        1
1614        1482        1        1
1640        1482        1        1
1667        1482        1        1
1693        1508        1        1
1720        1508        1        1
1746        1508        1        1
1773        1535        1        1
1799        1535        1        1
1826        1561        1        1
1852        1588        1        1
1879        1614        1        1
1905        1614        1        1
1905        1640        1        1
1931        1667        1        1
1958        1667        1        1
1984        1693        1        1
1984        1720        1        1
2011        1746        1        1
2037        1773        1        1
2064        1799        1        1
2064        1826        1        1
2090        1852        1        1
2117        1879        1        1
2143        1905        1        1
2143        1958        1        1
2170        2011        1        1
2196        2037        1        1
2196        2090        1        1
2223        2143        1        1
2249        2223        1        1
2249        2275        1        1
2275        2328        1        1
2302        2381        1        1
2328        2434        1        1
2355        2487        1        1
2355        2540        1        1
2381        2593        1        1
2408        2646        1        1
2461        2699        1        1
2487        2725        1        1
2514        2778        1        1
2566        2805        1        1
2593        2858        1        1
2646        2884        1        1
2699        2910        1        1
2778        2910        1        1
2831        2937        1        1
2884        2937        1        1
2963        2910        1        1
3016        2910        1        1
3096        2910        1        1
3149        2884        1        1
3201        2884        1        1
3228        2858        1        1
3254        2858        1        1
3281        2831        1        1
3307        2831        1        1
3334        2805        1        1
3360        2778        1        1
3360        2752        1        1
3334        2752        1        1
3334        2725        1        1
PEN_UP                  0
END_CHARACTER: DUI
