CHARACTER_NAME: TINI
STROKE_COUNT: 1
  X           Y   STYLUS_STATE STROKE
PEN_DOWN
2143        2514        1        1
2143        2487        1        1
2143        2461        1        1
2117        2461        1        1
2117        2434        1        1
2117        2408        1        1
2117        2381        1        1
2143        2381        1        1
2143        2355        1        1
2170        2355        1        1
2170        2328        1        1
2196        2355        1        1
2223        2355        1        1
2223        2381        1        1
2223        2408        1        1
2196        2408        1        1
2196        2434        1        1
2170        2461        1        1
2170        2487        1        1
2143        2514        1        1
2117        2514        1        1
2117        2540        1        1
2090        2514        1        1
2090        2487        1        1
2117        2461        1        1
2117        2434        1        1
2143        2408        1        1
2143        2381        1        1
2170        2381        1        1
2170        2408        1        1
2143        2434        1        1
2143        2461        1        1
2117        2487        1        1
2117        2461        1        1
2117        2434        1        1
2143        2434        1        1
2143        2408        1        1
2143        2381        1        1
2170        2381        1        1
2196        2408        1        1
2196        2434        1        1
2170        2434        1        1
2170        2461        1        1
2143        2434        1        1
2143        2408        1        1
2143        2381        1        1
2170        2381        1        1
2170        2355        1        1
2196        2355        1        1
2223        2355        1        1
2223        2381        1        1
2249        2381        1        1
2275        2381        1        1
2302        2381        1        1
2328        2408        1        1
2355        2408        1        1
2381        2434        1        1
2381        2461        1        1
2408        2461        1        1
2434        2487        1        1
2434        2514        1        1
2461        2540        1        1
2461        2566        1        1
2487        2593        1        1
2487        2619        1        1
2487        2646        1        1
2514        2672        1        1
2514        2699        1        1
2514        2752        1        1
2514        2778        1        1
2487        2805        1        1
2487        2831        1        1
2487        2858        1        1
2461        2884        1        1
2461        2910        1        1
2434        2937        1        1
2434        2963        1        1
2408        2990        1        1
2381        3016        1        1
2355        3043        1        1
2328        3069        1        1
2302        3069        1        1
2275        3096        1        1
2249        3122        1        1
2223        3122        1        1
2196        3149        1        1
2170        3149        1        1
2143        3149        1        1
2090        3149        1        1
2064        3149        1        1
2037        3149        1        1
1984        3122        1        1
1958        3122        1        1
1905        3122        1        1
1879        3096        1        1
1852        3096        1        1
1826        3069        1        1
1773        3069        1        1
1746        3043        1        1
1720        3043        1        1
1667        3016        1        1
1640        2990        1        1
1614        2963        1        1
1588        2937        1        1
1561        2910        1        1
1535        2884        1        1
1508        2858        1        1
1482        2831        1        1
1455        2805        1        1
1429        2778        1        1
1402        2725        1        1
1402        2699        1        1
1376        2672        1        1
1349        2619        1        1
1323        2593        1        1
1323        2540        1        1
1296        2487        1        1
1270        2461        1        1
1270        2408        1        1
1244        2355        1        1
1217        2328        1        1
1217        2275        1        1
1191        2249        1        1
1191        2196        1        1
1164        2170        1        1
1138        2143        1        1
1138        2090        1        1
1138        2064        1        1
1111        2037        1        1
1085        2011        1        1
1085        1984        1        1
1085        1958        1        1
1085        1984        1        1
1111        2011        1        1
1111        2037        1        1
PEN_UP                  0
END_CHARACTER: TINI
