CHARACTER_NAME: CARI
STROKE_COUNT: 1
  X           Y   STYLUS_STATE STROKE
PEN_DOWN
1693        1111        1        1
1667        1111        1        1
1667        1138        1        1
1640        1138        1        1
1640        1164        1        1
1614        1164        1        1
1614        1191        1        1
1588        1217        1        1
1588        1244        1        1
1561        1270        1        1
1561        1296        1        1
1561        1323        1        1
1561        1349        1        1
1561        1376        1        1
1561        1402        1        1
1561        1429        1        1
1561        1455        1        1
1561        1482        1        1
1561        1508        1        1
1588        1508        1        1
1588        1535        1        1
1588        1561        1        1
1614        1588        1        1
1614        1614        1        1
1640        1640        1        1
1640        1667        1        1
1667        1693        1        1
1693        1693        1        1
1693        1720        1        1
1720        1746        1        1
1746        1746        1        1
1773        1773        1        1
1773        1799        1        1
1799        1799        1        1
1826        1826        1        1
1852        1852        1        1
1879        1879        1        1
1905        1879        1        1
1931        1905        1        1
1958        1931        1        1
1984        1958        1        1
2011        1984        1        1
2037        2011        1        1
2064        2037        1        1
2090        2064        1        1
2117        2090        1        1
2143        2143        1        1
2170        2170        1        1
2196        2196        1        1
2196        2223        1        1
2223        2249        1        1
2249        2302        1        1
2249        2328        1        1
2275        2355        1        1
2275        2381        1        1
2302        2408        1        1
2302        2434        1        1
2328        2487        1        1
2328        2514        1        1
2328        2540        1        1
2328        2593        1        1
2328        2619        1        1
2328        2646        1        1
2328        2699        1        1
2328        2725        1        1
2302        2752        1        1
2302        2778        1        1
2302        2805        1        1
2275        2831        1        1
2249        2858        1        1
2249        2884        1        1
2223        2910        1        1
2196        2937        1        1
2170        2963        1        1
2143        2990        1        1
2117        2990        1        1
2090        3016        1        1
2064        3043        1        1
2037        3043        1        1
1984        3043        1        1
1958        3043        1        1
1931        3043        1        1
1905        3043        1        1
1879        3043        1        1
1852        3016        1        1
1826        2990        1        1
1799        2990        1        1
1746        2963        1        1
1720        2937        1        1
1720        2884        1        1
1693        2858        1        1
1667        2831        1        1
1667        2805        1        1
1667        2778        1        1
1640        2725        1        1
1640        2699        1        1
1667        2672        1        1
1667        2619        1        1
1667        2593        1        1
1667        2540        1        1
1693        2514        1        1
1693        2461        1        1
1693        2434        1        1
1720        2381        1        1
1720        2355        1        1
1746        2328        1        1
1746        2302        1        1
1773        2249        1        1
1773        2223        1        1
1799        2196        1        1
1799        2143        1        1
1826        2117        1        1
1852        2090        1        1
1879        2064        1        1
1879        2011        1        1
1905        1984        1        1
1931        1958        1        1
1958        1931        1        1
1958        1905        1        1
1984        1852        1        1
2011        1826        1        1
2037        1799        1        1
2064        1773        1        1
2090        1746        1        1
2117        1720        1        1
2117        1667        1        1
2143        1640        1        1
2143        1614        1        1
2170        1588        1        1
2170        1561        1        1
2170        1535        1        1
2196        1508        1        1
2196        1482        1        1
2170        1455        1        1
2170        1429        1        1
2170        1402        1        1
2170        1376        1        1
2143        1376        1        1
2143        1349        1        1
2143        1323        1        1
2143        1296        1        1
2117        1296        1        1
2117        1270        1        1
2117        1244        1        1
2090        1244        1        1
2090        1217        1        1
2090        1191        1        1
2064        1191        1        1
PEN_UP                  0
END_CHARACTER: CARI
