CHARACTER_NAME: PAC
STROKE_COUNT: 1
  X           Y   STYLUS_STATE STROKE
PEN_DOWN
2725        1588        1        1
2699        1588        1        1
2699        1614        1        1
2672        1614        1        1
2672        1640        1        1
2646        1640        1        1
2646        1667        1        1
2619        1693        1        1
2593        1720        1        1
2566        1746        1        1
2566        1773        1        1
2540        1799        1        1
2540        1826        1        1
2514        1852        1        1
2514        1879        1        1
2487        1905        1        1
2487        1931        1        1
2487        1958        1        1
2487        1984        1        1
2487        2011        1        1
2487        2037        1        1
2487        2064        1        1
2514        2090        1        1
2514        2117        1        1
2514        2143        1        1
2514        2170        1        1
2514        2196        1        1
2540        2196        1        1
2540        2223        1        1
2540        2249        1        1
2566        2275        1        1
2566        2302        1        1
2566        2328        1        1
2593        2355        1        1
2593        2381        1        1
2619        2408        1        1
2619        2434        1        1
2646        2461        1        1
2672        2487        1        1
2699        2514        1        1
2699        2540        1        1
2725        2566        1        1
2752        2593        1        1
2778        2593        1        1
2805        2619        1        1
2805        2646        1        1
2831        2646        1        1
2858        2672        1        1
2884        2672        1        1
2884        2699        1        1
2910        2699        1        1
2937        2725        1        1
2963        2725        1        1
2990        2725        1        1
2990        2752        1        1
3016        2752        1        1
3043        2752        1        1
3016        2778        1        1
2990        2778        1        1
2963        2778        1        1
2937        2805        1        1
2910        2805        1        1
2884        2805        1        1
2858        2805        1        1
2831        2805        1        1
2805        2831        1        1
2778        2831        1        1
2752        2831        1        1
2725        2831        1        1
2699        2831        1        1
2672        2831        1        1
2646        2831        1        1
2619        2831        1        1
2593        2831        1        1
2566        2831        1        1
2540        2831        1        1
2514        2831        1        1
2487        2831        1        1
2461        2831        1        1
2434        2805        1        1
2408        2805        1        1
2381        2805        1        1
2328        2805        1        1
2302        2805        1        1
2275        2778        1        1
2249        2778        1        1
2223        2778        1        1
2196        2752        1        1
2170        2752        1        1
2143        2725        1        1
2117        2725        1        1
2090        2725        1        1
2090        2699        1        1
2064        2672        1        1
2037        2672        1        1
2011        2646        1        1
2011        2619        1        1
1984        2619        1        1
1958        2593        1        1
1931        2566        1        1
1931        2540        1        1
1905        2514        1        1
1879        2487        1        1
1852        2487        1        1
1852        2434        1        1
1826        2408        1        1
1799        2381        1        1
1773        2355        1        1
1773        2328        1        1
1746        2302        1        1
1720        2275        1        1
1720        2249        1        1
1693        2196        1        1
1693        2170        1        1
1667        2143        1        1
1667        2090        1        1
1640        2064        1        1
1640        2037        1        1
1640        1984        1        1
1614        1958        1        1
1614        1931        1        1
1614        1905        1        1
1614        1852        1        1
1614        1826        1        1
1614        1799        1        1
1614        1773        1        1
1614        1746        1        1
1614        1720        1        1
1614        1693        1        1
1614        1667        1        1
1614        1640        1        1
1614        1614        1        1
1640        1588        1        1
1640        1561        1        1
1667        1535        1        1
1667        1508        1        1
1667        1482        1        1
1667        1455        1        1
1693        1455        1        1
1693        1429        1        1
1693        1402        1        1
1720        1402        1        1
1720        1376        1        1
1720        1349        1        1
1746        1323        1        1
1746        1296        1        1
1773        1296        1        1
1773        1270        1        1
1773        1244        1        1
1799        1217        1        1
1799        1191        1        1
1826        1191        1        1
1826        1164        1        1
1852        1164        1        1
1852        1138        1        1
1879        1138        1        1
1879        1111        1        1
1905        1111        1        1
1905        1085        1        1
1931        1085        1        1
1931        1058        1        1
1958        1058        1        1
1958        1032        1        1
1984        1032        1        1
2011        1032        1        1
2011        1005        1        1
2011        1032        1        1
2011        1058        1        1
1984        1085        1        1
1984        1111        1        1
1984        1138        1        1
1984        1164        1        1
1984        1191        1        1
2011        1191        1        1
2011        1217        1        1
2011        1244        1        1
2011        1270        1        1
2011        1296        1        1
2037        1296        1        1
2037        1323        1        1
2037        1349        1        1
2064        1376        1        1
2090        1402        1        1
2117        1429        1        1
2143        1455        1        1
2170        1482        1        1
2196        1482        1        1
2223        1508        1        1
2249        1535        1        1
2275        1535        1        1
2302        1561        1        1
2328        1561        1        1
2355        1588        1        1
2408        1588        1        1
2434        1588        1        1
2461        1614        1        1
2487        1614        1        1
2540        1614        1        1
2566        1640        1        1
2619        1640        1        1
2646        1640        1        1
2672        1640        1        1
2699        1640        1        1
2725        1640        1        1
2752        1640        1        1
2778        1640        1        1
2805        1640        1        1
2831        1640        1        1
2831        1614        1        1
2805        1614        1        1
PEN_UP                  0
END_CHARACTER: PAC
