CHARACTER_NAME: CCA
STROKE_COUNT: 2
  X           Y   STYLUS_STATE STROKE
PEN_DOWN
1138        1640        1        1
1111        1640        1        1
1138        1614        1        1
1164        1614        1        1
1191        1614        1        1
1244        1614        1        1
1270        1614        1        1
1323        1614        1        1
1349        1614        1        1
1402        1614        1        1
1455        1588        1        1
1508        1588        1        1
1535        1588        1        1
1588        1588        1        1
1640        1588        1        1
1693        1588        1        1
1720        1588        1        1
1773        1588        1        1
1826        1588        1        1
1879        1588        1        1
1931        1588        1        1
1984        1588        1        1
2037        1588        1        1
2064        1588        1        1
2117        1588        1        1
2143        1588        1        1
2196        1561        1        1
2223        1561        1        1
2249        1561        1        1
2275        1561        1        1
2302        1561        1        1
2328        1561        1        1
2355        1561        1        1
2381        1561        1        1
2408        1561        1        1
2434        1561        1        1
2461        1561        1        1
2487        1561        1        1
2514        1561        1        1
2540        1561        1        1
2540        1535        1        1
2566        1535        1        1
2593        1561        1        1
2593        1535        1        1
2593        1561        1        1
2619        1535        1        1
2646        1535        1        1
2672        1535        1        1
2646        1535        1        1
2619        1535        1        1
PEN_UP                  0
PEN_DOWN
1349        1799        1        2
1376        1799        1        2
1376        1773        1        2
1402        1773        1        2
1402        1746        1        2
1429        1746        1        2
1429        1720        1        2
1455        1720        1        2
1455        1693        1        2
1455        1720        1        2
1455        1746        1        2
1455        1773        1        2
1455        1799        1        2
1455        1826        1        2
1455        1852        1        2
1455        1879        1        2
1455        1905        1        2
1482        1931        1        2
1482        1958        1        2
1482        1984        1        2
1482        2037        1        2
1482        2064        1        2
1482        2117        1        2
1482        2143        1        2
1482        2196        1        2
1482        2223        1        2
1482        2275        1        2
1508        2302        1        2
1508        2328        1        2
1508        2355        1        2
1508        2408        1        2
1508        2434        1        2
1508        2461        1        2
1508        2487        1        2
1508        2514        1        2
1508        2540        1        2
1535        2566        1        2
1535        2593        1        2
1535        2619        1        2
1535        2646        1        2
1535        2672        1        2
1535        2699        1        2
1535        2725        1        2
1535        2752        1        2
1535        2778        1        2
1535        2805        1        2
1561        2805        1        2
1561        2778        1        2
1588        2778        1        2
1614        2752        1        2
1640        2752        1        2
1640        2725        1        2
1667        2725        1        2
1693        2725        1        2
1693        2699        1        2
1720        2699        1        2
1746        2672        1        2
1773        2646        1        2
1799        2646        1        2
1799        2619        1        2
1826        2593        1        2
1852        2593        1        2
1852        2566        1        2
1879        2566        1        2
1905        2540        1        2
1905        2514        1        2
1931        2514        1        2
1931        2487        1        2
1931        2461        1        2
1958        2434        1        2
1958        2408        1        2
1984        2408        1        2
1984        2381        1        2
1984        2355        1        2
1984        2328        1        2
2011        2302        1        2
2011        2275        1        2
2011        2249        1        2
2011        2223        1        2
2011        2196        1        2
2011        2170        1        2
2011        2143        1        2
2011        2117        1        2
1984        2090        1        2
1984        2064        1        2
1958        2064        1        2
1958        2037        1        2
1931        2037        1        2
1931        2064        1        2
1905        2064        1        2
1879        2064        1        2
1852        2090        1        2
1826        2090        1        2
1799        2090        1        2
1773        2117        1        2
1746        2117        1        2
1720        2143        1        2
1693        2143        1        2
1693        2170        1        2
1667        2170        1        2
1667        2196        1        2
1640        2196        1        2
1614        2223        1        2
1588        2223        1        2
1588        2249        1        2
1561        2249        1        2
1561        2275        1        2
1535        2275        1        2
1535        2302        1        2
1508        2302        1        2
1482        2328        1        2
1482        2355        1        2
1455        2355        1        2
1482        2328        1        2
1508        2328        1        2
1508        2302        1        2
1535        2302        1        2
1561        2275        1        2
1588        2275        1        2
1588        2249        1        2
1614        2249        1        2
1640        2249        1        2
1640        2223        1        2
1667        2223        1        2
1693        2196        1        2
1720        2196        1        2
1720        2170        1        2
1746        2170        1        2
1746        2143        1        2
1773        2143        1        2
1799        2143        1        2
1799        2117        1        2
1826        2117        1        2
1852        2090        1        2
1879        2090        1        2
1905        2090        1        2
1931        2064        1        2
1958        2064        1        2
1984        2064        1        2
2011        2064        1        2
2011        2090        1        2
2037        2090        1        2
2064        2090        1        2
2090        2090        1        2
2117        2090        1        2
2143        2117        1        2
2170        2117        1        2
2196        2143        1        2
2223        2170        1        2
2249        2196        1        2
2275        2223        1        2
2275        2249        1        2
2302        2275        1        2
2302        2302        1        2
2302        2328        1        2
2302        2355        1        2
2328        2355        1        2
2328        2381        1        2
2328        2408        1        2
2328        2434        1        2
2328        2461        1        2
2328        2487        1        2
2328        2514        1        2
2328        2540        1        2
2328        2566        1        2
2328        2593        1        2
2328        2619        1        2
2328        2646        1        2
2302        2646        1        2
2302        2672        1        2
2302        2699        1        2
2275        2725        1        2
2275        2752        1        2
2249        2752        1        2
2249        2778        1        2
2249        2805        1        2
2223        2831        1        2
2223        2858        1        2
2196        2858        1        2
2196        2884        1        2
2170        2910        1        2
2170        2937        1        2
2143        2937        1        2
2117        2963        1        2
2117        2990        1        2
2090        3016        1        2
2064        3043        1        2
2037        3069        1        2
2011        3069        1        2
1984        3096        1        2
1958        3122        1        2
1931        3149        1        2
1905        3175        1        2
1879        3201        1        2
1852        3228        1        2
1799        3254        1        2
1773        3281        1        2
1746        3307        1        2
1720        3307        1        2
1667        3334        1        2
1640        3360        1        2
1614        3387        1        2
1588        3387        1        2
1561        3413        1        2
1535        3440        1        2
1482        3466        1        2
1455        3466        1        2
1429        3493        1        2
1402        3519        1        2
1376        3519        1        2
1349        3545        1        2
1323        3545        1        2
1296        3545        1        2
1270        3572        1        2
1244        3572        1        2
1270        3572        1        2
1270        3545        1        2
1296        3545        1        2
1296        3519        1        2
1323        3519        1        2
1349        3519        1        2
1376        3519        1        2
1376        3493        1        2
1402        3493        1        2
1429        3493        1        2
1455        3493        1        2
1482        3493        1        2
1508        3493        1        2
1535        3493        1        2
1561        3493        1        2
1588        3493        1        2
1614        3493        1        2
1640        3493        1        2
1667        3493        1        2
1693        3519        1        2
1720        3519        1        2
1746        3519        1        2
1773        3545        1        2
1799        3545        1        2
1826        3572        1        2
1852        3598        1        2
1879        3598        1        2
1905        3625        1        2
1931        3651        1        2
1958        3678        1        2
1984        3678        1        2
2011        3704        1        2
2037        3731        1        2
2064        3757        1        2
2064        3784        1        2
2090        3810        1        2
2117        3810        1        2
2143        3836        1        2
2143        3863        1        2
2170        3863        1        2
2170        3889        1        2
2196        3916        1        2
2223        3942        1        2
2249        3969        1        2
2275        3995        1        2
2302        4022        1        2
2328        4022        1        2
2328        4048        1        2
2355        4075        1        2
2381        4075        1        2
2381        4101        1        2
2408        4101        1        2
2408        4128        1        2
2434        4128        1        2
2461        4154        1        2
2487        4180        1        2
2514        4180        1        2
2514        4207        1        2
2540        4207        1        2
2566        4207        1        2
2593        4207        1        2
2619        4207        1        2
2646        4207        1        2
2672        4207        1        2
2672        4180        1        2
2646        4180        1        2
2646        4154        1        2
2619        4154        1        2
2619        4128        1        2
PEN_UP                  0
END_CHARACTER: CCA
