CHARACTER_NAME: CAY
STROKE_COUNT: 1
  X           Y   STYLUS_STATE STROKE
PEN_DOWN
2196        1455        1        1
2196        1429        1        1
2196        1455        1        1
2196        1482        1        1
2223        1508        1        1
2223        1535        1        1
2223        1561        1        1
2223        1588        1        1
2223        1640        1        1
2223        1667        1        1
2249        1720        1        1
2249        1773        1        1
2249        1799        1        1
2249        1852        1        1
2249        1905        1        1
2249        1958        1        1
2249        1984        1        1
2249        2037        1        1
2249        2064        1        1
2249        2117        1        1
2249        2143        1        1
2275        2170        1        1
2275        2196        1        1
2302        2196        1        1
2302        2170        1        1
2328        2170        1        1
2355        2143        1        1
2381        2117        1        1
2408        2117        1        1
2434        2090        1        1
2487        2064        1        1
2514        2037        1        1
2566        2011        1        1
2593        1984        1        1
2646        1958        1        1
2699        1931        1        1
2725        1905        1        1
2752        1879        1        1
2805        1852        1        1
2831        1826        1        1
2858        1799        1        1
2858        1773        1        1
2884        1746        1        1
2910        1720        1        1
2910        1693        1        1
2937        1720        1        1
2937        1746        1        1
2937        1773        1        1
2937        1799        1        1
2963        1826        1        1
2963        1852        1        1
2963        1879        1        1
2963        1931        1        1
2963        1958        1        1
2990        1984        1        1
2990        2011        1        1
2990        2064        1        1
2990        2090        1        1
2990        2143        1        1
2990        2196        1        1
2990        2249        1        1
2990        2302        1        1
2990        2328        1        1
2990        2381        1        1
2963        2434        1        1
2963        2487        1        1
2963        2540        1        1
2963        2566        1        1
2937        2619        1        1
2937        2672        1        1
2910        2699        1        1
2884        2752        1        1
2858        2778        1        1
2831        2831        1        1
2778        2858        1        1
2752        2884        1        1
2699        2937        1        1
2646        2963        1        1
2593        2990        1        1
2514        3043        1        1
2461        3069        1        1
2381        3069        1        1
2328        3096        1        1
2249        3122        1        1
2196        3122        1        1
2117        3122        1        1
2064        3122        1        1
1984        3122        1        1
1931        3096        1        1
1852        3096        1        1
1773        3069        1        1
1720        3043        1        1
1640        3016        1        1
1561        2963        1        1
1482        2937        1        1
1429        2884        1        1
1349        2805        1        1
1296        2752        1        1
1244        2672        1        1
1217        2593        1        1
1164        2514        1        1
1138        2408        1        1
1138        2328        1        1
1111        2223        1        1
1085        2143        1        1
1085        2064        1        1
1085        1984        1        1
1058        1905        1        1
1058        1852        1        1
1058        1799        1        1
1058        1746        1        1
1058        1693        1        1
1058        1640        1        1
1032        1614        1        1
1058        1561        1        1
1058        1535        1        1
1058        1508        1        1
1032        1482        1        1
1058        1455        1        1
1058        1429        1        1
1058        1455        1        1
PEN_UP                  0
END_CHARACTER: CAY
