CHARACTER_NAME: XAT
STROKE_COUNT: 1
  X           Y   STYLUS_STATE STROKE
PEN_DOWN
2143        1323        1        1
2143        1349        1        1
2117        1376        1        1
2090        1402        1        1
2090        1429        1        1
2064        1429        1        1
2064        1455        1        1
2037        1455        1        1
2037        1482        1        1
2011        1508        1        1
1984        1508        1        1
1958        1535        1        1
1931        1535        1        1
1905        1535        1        1
1905        1561        1        1
1879        1561        1        1
1852        1535        1        1
1826        1535        1        1
1799        1535        1        1
1773        1535        1        1
1773        1508        1        1
1746        1508        1        1
1720        1482        1        1
1720        1455        1        1
1693        1429        1        1
1693        1402        1        1
1667        1402        1        1
1667        1376        1        1
1667        1349        1        1
1667        1323        1        1
1640        1296        1        1
1640        1270        1        1
1640        1244        1        1
1640        1217        1        1
1640        1191        1        1
1640        1164        1        1
1667        1138        1        1
1667        1111        1        1
1667        1085        1        1
1693        1058        1        1
1693        1032        1        1
1720        1005        1        1
1746         979        1        1
1773         979        1        1
1773         953        1        1
1799         953        1        1
1826         926        1        1
1852         926        1        1
1852         900        1        1
1879         900        1        1
1905         900        1        1
1931         900        1        1
1958         900        1        1
1984         926        1        1
2011         926        1        1
2037         953        1        1
2064         953        1        1
2064         979        1        1
2090        1005        1        1
2117        1032        1        1
2117        1058        1        1
2143        1058        1        1
2170        1085        1        1
2170        1111        1        1
2196        1164        1        1
2196        1191        1        1
2196        1217        1        1
2223        1244        1        1
2223        1296        1        1
2223        1323        1        1
2249        1349        1        1
2249        1402        1        1
2249        1429        1        1
2249        1482        1        1
2249        1535        1        1
2249        1561        1        1
2249        1614        1        1
2275        1667        1        1
2275        1720        1        1
2275        1773        1        1
2275        1852        1        1
2302        1931        1        1
2302        2011        1        1
2328        2090        1        1
2355        2170        1        1
2355        2275        1        1
2381        2355        1        1
2434        2434        1        1
2461        2514        1        1
2487        2593        1        1
2514        2672        1        1
2540        2725        1        1
2566        2778        1        1
2593        2831        1        1
2619        2858        1        1
2646        2910        1        1
2646        2937        1        1
2672        2937        1        1
2672        2963        1        1
2699        2963        1        1
2699        2990        1        1
2699        2963        1        1
2672        2963        1        1
2672        2937        1        1
PEN_UP                  0
END_CHARACTER: XAT
