CHARACTER_NAME: ATH
STROKE_COUNT: 1
  X           Y   STYLUS_STATE STROKE
PEN_DOWN
1191        1058        1        1
1191        1032        1        1
1191        1005        1        1
1191        1032        1        1
1191        1058        1        1
1191        1085        1        1
1191        1111        1        1
1191        1138        1        1
1191        1164        1        1
1191        1217        1        1
1191        1244        1        1
1191        1296        1        1
1164        1349        1        1
1164        1429        1        1
1164        1482        1        1
1164        1535        1        1
1164        1614        1        1
1164        1693        1        1
1164        1746        1        1
1191        1826        1        1
1191        1905        1        1
1191        1984        1        1
1191        2090        1        1
1191        2170        1        1
1191        2249        1        1
1191        2328        1        1
1217        2408        1        1
1217        2461        1        1
1244        2540        1        1
1244        2593        1        1
1244        2646        1        1
1270        2672        1        1
1270        2725        1        1
1270        2752        1        1
1270        2778        1        1
1296        2805        1        1
1323        2831        1        1
1349        2831        1        1
1376        2831        1        1
1402        2831        1        1
1429        2831        1        1
1482        2831        1        1
1508        2805        1        1
1535        2805        1        1
1561        2805        1        1
1588        2778        1        1
1614        2778        1        1
1640        2778        1        1
1693        2778        1        1
1720        2752        1        1
1746        2725        1        1
1773        2725        1        1
1799        2699        1        1
1826        2672        1        1
1879        2646        1        1
1905        2619        1        1
1931        2593        1        1
1958        2540        1        1
1984        2514        1        1
2011        2461        1        1
2037        2434        1        1
2037        2381        1        1
2064        2328        1        1
2064        2275        1        1
2090        2223        1        1
2117        2170        1        1
2117        2143        1        1
2143        2090        1        1
2143        2037        1        1
2170        2011        1        1
2170        1958        1        1
2170        1931        1        1
2196        1905        1        1
2196        1879        1        1
2196        1852        1        1
2223        1826        1        1
2223        1799        1        1
2223        1773        1        1
2223        1746        1        1
2223        1720        1        1
2196        1693        1        1
2196        1667        1        1
2170        1640        1        1
2143        1614        1        1
2117        1614        1        1
2090        1614        1        1
2064        1614        1        1
2037        1640        1        1
2011        1640        1        1
2011        1667        1        1
1984        1667        1        1
1958        1667        1        1
1958        1693        1        1
1931        1693        1        1
1905        1693        1        1
1905        1720        1        1
1879        1720        1        1
1852        1746        1        1
1826        1746        1        1
1799        1773        1        1
1773        1773        1        1
1746        1799        1        1
1720        1826        1        1
1693        1826        1        1
1667        1826        1        1
1614        1852        1        1
1588        1852        1        1
1561        1852        1        1
1535        1852        1        1
1508        1879        1        1
1482        1879        1        1
1455        1879        1        1
1429        1879        1        1
1402        1879        1        1
1376        1879        1        1
1402        1879        1        1
1429        1879        1        1
1429        1852        1        1
1455        1852        1        1
1482        1852        1        1
1508        1852        1        1
1535        1826        1        1
1561        1826        1        1
1614        1826        1        1
1640        1799        1        1
1693        1799        1        1
1746        1799        1        1
1799        1799        1        1
1852        1773        1        1
1905        1773        1        1
1958        1746        1        1
2011        1746        1        1
2064        1720        1        1
2117        1720        1        1
2170        1693        1        1
2223        1693        1        1
2275        1667        1        1
2328        1667        1        1
2381        1640        1        1
2434        1640        1        1
2487        1640        1        1
2540        1614        1        1
2593        1614        1        1
2619        1614        1        1
2672        1588        1        1
2699        1588        1        1
2725        1588        1        1
2752        1588        1        1
2752        1561        1        1
2778        1561        1        1
2805        1561        1        1
2831        1561        1        1
2858        1561        1        1
2831        1561        1        1
2805        1561        1        1
PEN_UP                  0
END_CHARACTER: ATH
