CHARACTER_NAME: NAA
STROKE_COUNT: 1
  X           Y   STYLUS_STATE STROKE
PEN_DOWN
1164        3149        1        1
1164        3122        1        1
1164        3096        1        1
1191        3096        1        1
1191        3069        1        1
1191        3043        1        1
1217        3043        1        1
1217        3016        1        1
1244        2990        1        1
1270        2963        1        1
1296        2963        1        1
1323        2963        1        1
1349        2963        1        1
1376        2963        1        1
1402        2990        1        1
1429        2990        1        1
1429        3016        1        1
1429        3043        1        1
1429        3069        1        1
1402        3096        1        1
1402        3122        1        1
1376        3122        1        1
1376        3149        1        1
1349        3122        1        1
1349        3096        1        1
1349        3069        1        1
1376        3043        1        1
1376        3016        1        1
1376        2990        1        1
1402        2963        1        1
1429        2937        1        1
1455        2963        1        1
1455        2990        1        1
1482        2990        1        1
1482        3016        1        1
1455        3016        1        1
1455        3043        1        1
1455        3016        1        1
1455        2990        1        1
1455        2963        1        1
1455        2937        1        1
1482        2937        1        1
1482        2963        1        1
1482        2990        1        1
1482        3016        1        1
1455        3016        1        1
1455        3043        1        1
1455        3016        1        1
1455        2990        1        1
1455        2963        1        1
1482        2963        1        1
1482        2990        1        1
1482        3016        1        1
1455        3016        1        1
1455        3043        1        1
1429        3043        1        1
1429        3069        1        1
1402        3069        1        1
1402        3096        1        1
1376        3096        1        1
1349        3096        1        1
1323        3096        1        1
1296        3096        1        1
1270        3096        1        1
1270        3069        1        1
1244        3069        1        1
1217        3043        1        1
1191        3016        1        1
1164        2990        1        1
1164        2963        1        1
1164        2937        1        1
1138        2937        1        1
1138        2910        1        1
1138        2884        1        1
1111        2858        1        1
1111        2831        1        1
1138        2805        1        1
1138        2778        1        1
1138        2752        1        1
1138        2725        1        1
1164        2725        1        1
1164        2699        1        1
1191        2672        1        1
1191        2646        1        1
1217        2619        1        1
1244        2593        1        1
1270        2593        1        1
1296        2566        1        1
1323        2540        1        1
1349        2540        1        1
1376        2514        1        1
1402        2514        1        1
1429        2487        1        1
1455        2487        1        1
1482        2461        1        1
1508        2461        1        1
1535        2461        1        1
1588        2461        1        1
1614        2461        1        1
1640        2461        1        1
1667        2461        1        1
1693        2461        1        1
1720        2461        1        1
1746        2461        1        1
1799        2487        1        1
1826        2487        1        1
1826        2514        1        1
1852        2514        1        1
1879        2540        1        1
1905        2540        1        1
1931        2566        1        1
1958        2593        1        1
1958        2619        1        1
1984        2619        1        1
1984        2646        1        1
2011        2672        1        1
2011        2699        1        1
2037        2699        1        1
2037        2725        1        1
2037        2752        1        1
2064        2778        1        1
2064        2805        1        1
2064        2831        1        1
2064        2858        1        1
2064        2884        1        1
2037        2910        1        1
2037        2937        1        1
2037        2963        1        1
2011        2990        1        1
2011        3043        1        1
2011        3069        1        1
1984        3096        1        1
1984        3122        1        1
1958        3149        1        1
1931        3201        1        1
1905        3228        1        1
1879        3254        1        1
1826        3281        1        1
1799        3307        1        1
1773        3334        1        1
1720        3360        1        1
1693        3387        1        1
1640        3413        1        1
1614        3413        1        1
1588        3440        1        1
1561        3440        1        1
1535        3466        1        1
1535        3440        1        1
1561        3413        1        1
1588        3413        1        1
1614        3413        1        1
1640        3387        1        1
1667        3387        1        1
1693        3387        1        1
1720        3387        1        1
1720        3413        1        1
1746        3413        1        1
1773        3413        1        1
1799        3413        1        1
1826        3413        1        1
1852        3413        1        1
1879        3440        1        1
1905        3440        1        1
1931        3440        1        1
1958        3440        1        1
1984        3440        1        1
2011        3440        1        1
2064        3440        1        1
2090        3440        1        1
2117        3440        1        1
2170        3440        1        1
2196        3440        1        1
2249        3413        1        1
2275        3413        1        1
2328        3387        1        1
2381        3387        1        1
2434        3360        1        1
2461        3334        1        1
2514        3307        1        1
2566        3281        1        1
2619        3254        1        1
2646        3228        1        1
2672        3201        1        1
2699        3149        1        1
2725        3122        1        1
2752        3069        1        1
2778        3043        1        1
2778        2990        1        1
2778        2937        1        1
2805        2910        1        1
2778        2858        1        1
2778        2805        1        1
2778        2752        1        1
2752        2699        1        1
2725        2672        1        1
2699        2619        1        1
2672        2566        1        1
2646        2514        1        1
2619        2461        1        1
2593        2408        1        1
2540        2381        1        1
2514        2328        1        1
2461        2275        1        1
2408        2249        1        1
2355        2223        1        1
2275        2170        1        1
2223        2143        1        1
2170        2143        1        1
2090        2117        1        1
2037        2090        1        1
1958        2064        1        1
1879        2037        1        1
1799        2037        1        1
1720        2011        1        1
1640        1984        1        1
1561        1931        1        1
1482        1905        1        1
1402        1852        1        1
1323        1799        1        1
1270        1746        1        1
1217        1693        1        1
1191        1640        1        1
1138        1588        1        1
1138        1508        1        1
1111        1455        1        1
1085        1402        1        1
1085        1349        1        1
1085        1296        1        1
1085        1244        1        1
1085        1191        1        1
1111        1164        1        1
1111        1138        1        1
1111        1111        1        1
1138        1085        1        1
1138        1058        1        1
1138        1032        1        1
1138        1005        1        1
1138        1032        1        1
1164        1058        1        1
PEN_UP                  0
END_CHARACTER: NAA
