CHARACTER_NAME: JA
STROKE_COUNT: 2
  X           Y   STYLUS_STATE STROKE
PEN_DOWN
1217        1693        1        1
1244        1693        1        1
1270        1693        1        1
1296        1693        1        1
1323        1693        1        1
1349        1693        1        1
1376        1693        1        1
1402        1693        1        1
1429        1693        1        1
1455        1693        1        1
1482        1693        1        1
1508        1693        1        1
1535        1693        1        1
1561        1693        1        1
1588        1693        1        1
1614        1693        1        1
1640        1693        1        1
1667        1693        1        1
1693        1693        1        1
1720        1693        1        1
1773        1667        1        1
1799        1667        1        1
1826        1667        1        1
1852        1667        1        1
1905        1667        1        1
1931        1667        1        1
1958        1667        1        1
1984        1667        1        1
2011        1667        1        1
2037        1667        1        1
2090        1667        1        1
2117        1667        1        1
2143        1667        1        1
2170        1667        1        1
2196        1667        1        1
2223        1667        1        1
2249        1667        1        1
2275        1667        1        1
2302        1667        1        1
2328        1667        1        1
2355        1667        1        1
2381        1667        1        1
2408        1667        1        1
2434        1667        1        1
2461        1667        1        1
2487        1667        1        1
2514        1667        1        1
2540        1640        1        1
2593        1640        1        1
2619        1640        1        1
2646        1640        1        1
2672        1640        1        1
2699        1640        1        1
2752        1640        1        1
2778        1640        1        1
2805        1640        1        1
2831        1640        1        1
2858        1640        1        1
2884        1640        1        1
2910        1640        1        1
2884        1614        1        1
2884        1640        1        1
2831        1640        1        1
2805        1614        1        1
PEN_UP                  0
PEN_DOWN
 953        2593        1        2
 953        2619        1        2
 953        2646        1        2
 953        2672        1        2
 979        2699        1        2
 979        2725        1        2
 979        2752        1        2
1005        2752        1        2
1005        2778        1        2
1032        2778        1        2
1032        2805        1        2
1058        2831        1        2
1085        2831        1        2
1085        2858        1        2
1111        2858        1        2
1138        2884        1        2
1164        2884        1        2
1164        2910        1        2
1191        2910        1        2
1217        2937        1        2
1244        2937        1        2
1270        2963        1        2
1296        2963        1        2
1323        2963        1        2
1349        2990        1        2
1376        2990        1        2
1402        2990        1        2
1429        3016        1        2
1455        3016        1        2
1482        3016        1        2
1508        3016        1        2
1508        3043        1        2
1561        3043        1        2
1588        3043        1        2
1614        3043        1        2
1640        3043        1        2
1667        3043        1        2
1693        3043        1        2
1720        3043        1        2
1746        3043        1        2
1799        3016        1        2
1826        3016        1        2
1852        3016        1        2
1879        3016        1        2
1905        2990        1        2
1931        2990        1        2
1958        2990        1        2
1984        2963        1        2
2011        2963        1        2
2011        2937        1        2
2037        2937        1        2
2064        2910        1        2
2090        2884        1        2
2117        2884        1        2
2117        2858        1        2
2143        2831        1        2
2170        2805        1        2
2170        2778        1        2
2170        2752        1        2
2196        2752        1        2
2196        2725        1        2
2196        2699        1        2
2223        2672        1        2
2223        2646        1        2
2223        2619        1        2
2223        2593        1        2
2249        2566        1        2
2249        2540        1        2
2249        2514        1        2
2249        2487        1        2
2275        2461        1        2
2275        2434        1        2
2275        2408        1        2
2275        2381        1        2
2275        2355        1        2
2275        2328        1        2
2275        2302        1        2
2275        2275        1        2
2275        2249        1        2
2275        2223        1        2
2249        2249        1        2
2223        2249        1        2
2223        2275        1        2
2196        2275        1        2
2196        2302        1        2
2170        2302        1        2
2143        2328        1        2
2143        2355        1        2
2117        2355        1        2
2090        2381        1        2
2064        2408        1        2
2037        2408        1        2
2037        2434        1        2
2011        2434        1        2
2011        2461        1        2
1984        2461        1        2
1958        2487        1        2
1931        2487        1        2
1905        2514        1        2
1879        2514        1        2
1879        2540        1        2
1852        2540        1        2
1826        2540        1        2
1799        2566        1        2
1773        2566        1        2
1746        2593        1        2
1720        2593        1        2
1693        2593        1        2
1667        2593        1        2
1667        2619        1        2
1640        2619        1        2
1614        2619        1        2
1588        2619        1        2
1588        2646        1        2
1561        2646        1        2
1535        2646        1        2
1535        2619        1        2
1561        2619        1        2
1561        2593        1        2
1561        2566        1        2
1588        2566        1        2
1588        2540        1        2
1614        2540        1        2
1614        2514        1        2
1640        2514        1        2
1640        2487        1        2
1667        2487        1        2
1667        2461        1        2
1693        2461        1        2
1693        2434        1        2
1720        2434        1        2
1720        2408        1        2
1746        2408        1        2
1746        2381        1        2
1773        2355        1        2
1799        2328        1        2
1799        2302        1        2
1826        2302        1        2
1826        2275        1        2
1852        2249        1        2
1852        2223        1        2
1879        2223        1        2
1879        2196        1        2
1905        2170        1        2
1905        2143        1        2
1931        2143        1        2
1931        2117        1        2
1958        2090        1        2
1958        2064        1        2
1984        2037        1        2
1984        2011        1        2
1984        1984        1        2
2011        1958        1        2
2011        1931        1        2
2037        1931        1        2
2037        1905        1        2
2037        1879        1        2
2064        1852        1        2
2064        1826        1        2
2064        1799        1        2
2064        1773        1        2
2090        1773        1        2
2090        1746        1        2
2064        1746        1        2
2064        1773        1        2
2064        1799        1        2
2064        1826        1        2
2064        1852        1        2
2064        1879        1        2
2090        1905        1        2
2090        1931        1        2
2117        1931        1        2
2117        1958        1        2
2143        1958        1        2
2143        1984        1        2
2170        1984        1        2
2170        2011        1        2
2196        2011        1        2
2196        2037        1        2
2223        2037        1        2
2249        2037        1        2
2249        2064        1        2
2275        2064        1        2
2302        2064        1        2
2328        2064        1        2
2328        2090        1        2
2355        2090        1        2
2381        2090        1        2
2408        2090        1        2
2434        2090        1        2
2461        2090        1        2
2487        2090        1        2
2514        2090        1        2
2540        2117        1        2
2566        2117        1        2
2593        2117        1        2
2619        2117        1        2
2646        2117        1        2
2672        2117        1        2
2699        2117        1        2
2725        2117        1        2
2752        2117        1        2
2778        2117        1        2
2805        2090        1        2
2831        2090        1        2
2858        2090        1        2
2884        2090        1        2
2858        2090        1        2
2858        2117        1        2
2831        2117        1        2
2831        2143        1        2
2805        2143        1        2
2805        2170        1        2
2778        2170        1        2
2778        2196        1        2
2752        2223        1        2
2725        2249        1        2
2699        2275        1        2
2672        2302        1        2
2672        2328        1        2
2646        2355        1        2
2646        2381        1        2
2619        2408        1        2
2619        2434        1        2
2593        2461        1        2
2593        2487        1        2
2566        2514        1        2
2566        2540        1        2
2566        2566        1        2
2566        2593        1        2
2566        2619        1        2
2566        2646        1        2
2566        2672        1        2
2566        2699        1        2
2566        2725        1        2
2566        2752        1        2
2593        2778        1        2
2593        2805        1        2
2593        2831        1        2
2619        2858        1        2
2619        2884        1        2
2646        2937        1        2
2646        2963        1        2
2672        2990        1        2
2699        3016        1        2
2699        3043        1        2
2725        3069        1        2
2752        3122        1        2
2778        3149        1        2
2805        3175        1        2
2831        3201        1        2
2858        3228        1        2
2884        3254        1        2
2910        3254        1        2
2963        3281        1        2
2990        3307        1        2
3016        3307        1        2
3043        3334        1        2
3096        3360        1        2
3122        3360        1        2
3149        3360        1        2
3201        3387        1        2
3228        3387        1        2
3254        3387        1        2
3281        3413        1        2
3307        3413        1        2
3334        3413        1        2
3360        3413        1        2
3387        3413        1        2
3413        3413        1        2
3440        3413        1        2
3440        3387        1        2
3440        3360        1        2
3413        3360        1        2
3413        3334        1        2
3387        3334        1        2
PEN_UP                  0
END_CHARACTER: JA
