CHARACTER_NAME: AA
STROKE_COUNT: 4
  X           Y   STYLUS_STATE STROKE
PEN_DOWN
 953        1085        1        1
 953        1111        1        1
 979        1111        1        1
1005        1111        1        1
1032        1111        1        1
1058        1111        1        1
1085        1111        1        1
1111        1111        1        1
1164        1111        1        1
1191        1111        1        1
1244        1111        1        1
1296        1085        1        1
1376        1085        1        1
1429        1085        1        1
1508        1085        1        1
1561        1085        1        1
1614        1085        1        1
1693        1085        1        1
1746        1085        1        1
1799        1058        1        1
1852        1058        1        1
1879        1058        1        1
1931        1058        1        1
1984        1058        1        1
2011        1058        1        1
2064        1058        1        1
2117        1058        1        1
2143        1058        1        1
2196        1058        1        1
2223        1058        1        1
2275        1058        1        1
2328        1032        1        1
2355        1032        1        1
2408        1032        1        1
2461        1032        1        1
2514        1032        1        1
2566        1032        1        1
2593        1032        1        1
2646        1032        1        1
2699        1032        1        1
2752        1032        1        1
2778        1032        1        1
2831        1032        1        1
2884        1032        1        1
2910        1032        1        1
2963        1032        1        1
3016        1032        1        1
3043        1032        1        1
3096        1032        1        1
3149        1005        1        1
3175        1005        1        1
3228        1005        1        1
3254        1005        1        1
3281        1005        1        1
3307        1005        1        1
3334        1005        1        1
3360        1005        1        1
3387        1005        1        1
3413        1005        1        1
3413        1032        1        1
3387        1032        1        1
PEN_UP                  0
PEN_DOWN
1482        1217        1        2
1482        1191        1        2
1508        1191        1        2
1508        1217        1        2
1535        1217        1        2
1535        1244        1        2
1508        1244        1        2
1508        1270        1        2
1482        1270        1        2
1455        1270        1        2
1455        1244        1        2
1482        1244        1        2
1482        1217        1        2
1508        1217        1        2
1535        1217        1        2
1561        1217        1        2
1588        1217        1        2
1588        1244        1        2
1614        1270        1        2
1588        1270        1        2
1588        1296        1        2
1561        1296        1        2
1535        1323        1        2
1508        1323        1        2
1482        1323        1        2
1455        1323        1        2
1455        1296        1        2
1429        1296        1        2
1455        1270        1        2
1482        1244        1        2
1508        1244        1        2
1508        1270        1        2
1535        1270        1        2
1508        1270        1        2
1508        1296        1        2
1482        1296        1        2
1482        1323        1        2
1455        1323        1        2
1429        1296        1        2
1429        1270        1        2
1429        1244        1        2
1455        1244        1        2
1482        1244        1        2
1482        1217        1        2
1508        1217        1        2
1535        1217        1        2
1535        1191        1        2
1561        1191        1        2
1588        1191        1        2
1614        1217        1        2
1640        1217        1        2
1667        1217        1        2
1693        1217        1        2
1720        1244        1        2
1746        1244        1        2
1773        1244        1        2
1773        1270        1        2
1799        1270        1        2
1826        1270        1        2
1826        1296        1        2
1852        1296        1        2
1852        1323        1        2
1879        1323        1        2
1879        1349        1        2
1905        1349        1        2
1905        1376        1        2
1905        1402        1        2
1931        1402        1        2
1931        1429        1        2
1958        1455        1        2
1958        1482        1        2
1958        1508        1        2
1984        1535        1        2
1984        1561        1        2
1984        1588        1        2
1958        1588        1        2
1958        1614        1        2
1931        1640        1        2
1931        1667        1        2
1905        1667        1        2
1905        1693        1        2
1879        1693        1        2
1879        1720        1        2
1852        1720        1        2
1826        1720        1        2
1799        1746        1        2
1773        1746        1        2
1746        1773        1        2
1720        1773        1        2
1693        1773        1        2
1667        1773        1        2
1640        1773        1        2
1614        1773        1        2
1588        1773        1        2
1561        1799        1        2
1535        1773        1        2
1508        1799        1        2
1482        1799        1        2
1429        1799        1        2
1402        1773        1        2
1376        1773        1        2
1349        1773        1        2
1323        1773        1        2
1296        1773        1        2
1270        1773        1        2
1244        1773        1        2
1217        1773        1        2
1191        1773        1        2
1164        1746        1        2
1138        1746        1        2
1111        1746        1        2
1085        1746        1        2
1085        1720        1        2
1058        1720        1        2
1032        1720        1        2
1005        1693        1        2
 979        1693        1        2
 953        1667        1        2
 926        1667        1        2
 900        1640        1        2
 873        1640        1        2
 873        1614        1        2
 847        1614        1        2
 847        1588        1        2
 820        1588        1        2
 820        1561        1        2
 794        1561        1        2
 820        1561        1        2
PEN_UP                  0
PEN_DOWN
1984        1746        1        3
1958        1746        1        3
1931        1746        1        3
1931        1720        1        3
1931        1746        1        3
1958        1746        1        3
1984        1746        1        3
2011        1773        1        3
2037        1773        1        3
2037        1799        1        3
2064        1799        1        3
2090        1799        1        3
2090        1826        1        3
2117        1826        1        3
2143        1852        1        3
2170        1879        1        3
2196        1905        1        3
2223        1931        1        3
2249        1958        1        3
2249        1984        1        3
2275        2011        1        3
2275        2037        1        3
2302        2064        1        3
2302        2090        1        3
2328        2143        1        3
2328        2170        1        3
2355        2196        1        3
2355        2223        1        3
2355        2249        1        3
2355        2275        1        3
2355        2249        1        3
2355        2223        1        3
2328        2223        1        3
2328        2196        1        3
2328        2170        1        3
2328        2143        1        3
2302        2117        1        3
2302        2090        1        3
2302        2064        1        3
2275        2037        1        3
2275        2011        1        3
2275        1984        1        3
2275        1958        1        3
2249        1931        1        3
2249        1905        1        3
2249        1879        1        3
2249        1852        1        3
2249        1826        1        3
2249        1799        1        3
2249        1773        1        3
2249        1746        1        3
2223        1746        1        3
2223        1720        1        3
2223        1693        1        3
2223        1667        1        3
2223        1640        1        3
2223        1614        1        3
2223        1588        1        3
2223        1561        1        3
2223        1535        1        3
2249        1508        1        3
2249        1482        1        3
2249        1455        1        3
2249        1429        1        3
2249        1402        1        3
2249        1376        1        3
2249        1349        1        3
2249        1323        1        3
2249        1296        1        3
2249        1270        1        3
2249        1244        1        3
2249        1217        1        3
2249        1191        1        3
2249        1164        1        3
2249        1138        1        3
2275        1111        1        3
PEN_UP                  0
PEN_DOWN
2593        1191        1        4
2593        1164        1        4
2566        1164        1        4
2566        1138        1        4
2540        1138        1        4
2540        1111        1        4
2566        1138        1        4
2593        1164        1        4
2619        1164        1        4
2646        1191        1        4
2672        1191        1        4
2672        1217        1        4
2699        1217        1        4
2725        1244        1        4
2752        1270        1        4
2778        1296        1        4
2805        1296        1        4
2831        1323        1        4
2831        1349        1        4
2858        1376        1        4
2884        1376        1        4
2884        1402        1        4
2910        1429        1        4
2937        1455        1        4
2963        1482        1        4
2963        1508        1        4
2990        1508        1        4
2990        1535        1        4
3016        1535        1        4
3016        1561        1        4
3043        1588        1        4
3043        1614        1        4
3069        1614        1        4
3069        1640        1        4
3069        1667        1        4
3069        1693        1        4
3069        1667        1        4
3043        1640        1        4
3043        1614        1        4
3043        1588        1        4
3016        1588        1        4
3016        1561        1        4
3016        1535        1        4
3016        1508        1        4
3016        1482        1        4
3016        1455        1        4
3016        1429        1        4
3016        1402        1        4
3016        1376        1        4
3016        1349        1        4
3016        1323        1        4
3016        1296        1        4
3016        1270        1        4
3016        1244        1        4
3016        1217        1        4
3016        1244        1        4
3043        1244        1        4
3043        1270        1        4
3043        1296        1        4
3043        1323        1        4
3043        1349        1        4
3043        1376        1        4
3043        1402        1        4
3043        1429        1        4
3043        1455        1        4
3043        1482        1        4
3043        1508        1        4
3043        1535        1        4
3016        1561        1        4
3043        1561        1        4
3043        1588        1        4
3016        1640        1        4
3016        1667        1        4
3016        1693        1        4
3016        1720        1        4
3016        1746        1        4
3016        1773        1        4
3016        1799        1        4
3016        1826        1        4
3016        1852        1        4
3016        1879        1        4
3016        1905        1        4
3016        1931        1        4
3016        1958        1        4
3016        1984        1        4
3016        2037        1        4
3016        2064        1        4
3016        2090        1        4
2990        2117        1        4
2990        2143        1        4
2990        2170        1        4
2990        2196        1        4
2990        2223        1        4
2990        2249        1        4
3016        2275        1        4
2990        2302        1        4
2990        2328        1        4
2990        2355        1        4
2990        2381        1        4
2990        2408        1        4
2990        2434        1        4
2990        2461        1        4
3016        2461        1        4
3016        2434        1        4
3016        2408        1        4
3016        2381        1        4
PEN_UP                  0
END_CHARACTER: AA
