CHARACTER_NAME: JHA
STROKE_COUNT: 2
  X           Y   STYLUS_STATE STROKE
PEN_DOWN
1323        1349        1        1
1323        1376        1        1
1349        1376        1        1
1376        1376        1        1
1376        1402        1        1
1402        1402        1        1
1429        1402        1        1
1455        1402        1        1
1482        1402        1        1
1508        1402        1        1
1535        1402        1        1
1561        1402        1        1
1588        1402        1        1
1614        1402        1        1
1640        1402        1        1
1667        1402        1        1
1693        1402        1        1
1720        1402        1        1
1746        1402        1        1
1773        1402        1        1
1826        1402        1        1
1852        1402        1        1
1879        1376        1        1
1905        1376        1        1
1931        1376        1        1
1958        1376        1        1
1984        1376        1        1
2011        1376        1        1
2037        1376        1        1
2064        1376        1        1
2090        1376        1        1
2117        1376        1        1
2143        1376        1        1
2170        1376        1        1
2196        1376        1        1
2223        1349        1        1
2249        1349        1        1
2275        1349        1        1
2302        1349        1        1
2328        1349        1        1
2355        1349        1        1
2381        1349        1        1
2408        1349        1        1
2434        1349        1        1
2461        1323        1        1
2487        1323        1        1
2514        1323        1        1
2540        1323        1        1
2566        1323        1        1
2593        1323        1        1
2619        1323        1        1
2646        1323        1        1
2646        1296        1        1
2672        1296        1        1
2699        1296        1        1
2725        1296        1        1
2752        1296        1        1
2778        1296        1        1
2805        1296        1        1
2831        1296        1        1
2858        1296        1        1
2831        1296        1        1
2805        1296        1        1
2778        1296        1        1
2752        1296        1        1
2725        1296        1        1
2725        1323        1        1
2699        1323        1        1
2672        1349        1        1
2646        1349        1        1
2619        1349        1        1
2619        1376        1        1
2593        1376        1        1
2566        1402        1        1
2540        1402        1        1
2514        1429        1        1
2487        1455        1        1
2461        1455        1        1
2461        1482        1        1
2434        1508        1        1
2408        1508        1        1
2381        1535        1        1
2355        1561        1        1
2328        1588        1        1
2302        1588        1        1
2275        1614        1        1
2275        1640        1        1
2249        1667        1        1
2223        1667        1        1
2196        1693        1        1
2170        1720        1        1
2170        1746        1        1
2143        1746        1        1
2117        1773        1        1
2090        1799        1        1
2064        1826        1        1
2037        1852        1        1
2011        1879        1        1
1984        1905        1        1
1984        1931        1        1
1958        1958        1        1
1931        1984        1        1
1905        2011        1        1
1879        2037        1        1
1852        2064        1        1
1826        2090        1        1
1799        2090        1        1
1773        2117        1        1
1746        2143        1        1
1720        2170        1        1
1693        2196        1        1
1667        2223        1        1
1640        2249        1        1
1588        2275        1        1
1561        2302        1        1
1535        2328        1        1
1508        2355        1        1
1482        2381        1        1
1482        2408        1        1
1455        2408        1        1
1429        2434        1        1
1402        2434        1        1
1402        2461        1        1
1376        2461        1        1
1376        2487        1        1
1349        2487        1        1
1349        2514        1        1
1323        2514        1        1
1349        2514        1        1
1376        2514        1        1
1402        2487        1        1
1429        2487        1        1
1455        2487        1        1
1482        2487        1        1
1508        2487        1        1
1535        2461        1        1
1561        2461        1        1
1588        2461        1        1
1614        2461        1        1
1640        2461        1        1
1667        2461        1        1
1667        2487        1        1
1693        2487        1        1
1720        2487        1        1
1746        2514        1        1
1773        2514        1        1
1799        2514        1        1
1799        2540        1        1
1826        2540        1        1
1852        2566        1        1
1879        2566        1        1
1905        2593        1        1
1931        2593        1        1
1931        2619        1        1
1958        2646        1        1
1984        2646        1        1
2011        2672        1        1
2037        2699        1        1
2037        2725        1        1
2064        2725        1        1
2090        2752        1        1
2117        2778        1        1
2143        2805        1        1
2143        2831        1        1
2170        2831        1        1
2196        2858        1        1
2223        2884        1        1
2223        2910        1        1
2249        2937        1        1
2275        2963        1        1
2275        2990        1        1
2302        3016        1        1
2328        3043        1        1
2328        3069        1        1
2355        3122        1        1
2381        3149        1        1
2381        3175        1        1
2408        3201        1        1
2408        3228        1        1
2434        3254        1        1
2434        3281        1        1
2461        3281        1        1
2461        3307        1        1
2487        3334        1        1
2487        3360        1        1
2514        3387        1        1
2487        3360        1        1
2487        3334        1        1
2487        3307        1        1
2461        3281        1        1
2461        3254        1        1
2461        3228        1        1
2434        3201        1        1
2434        3175        1        1
2434        3149        1        1
2434        3122        1        1
2408        3096        1        1
2408        3069        1        1
2408        3043        1        1
2408        2990        1        1
2408        2963        1        1
2408        2937        1        1
2408        2910        1        1
2408        2884        1        1
2408        2858        1        1
2381        2831        1        1
2381        2805        1        1
2381        2778        1        1
2381        2752        1        1
2381        2725        1        1
2381        2699        1        1
2381        2672        1        1
2381        2646        1        1
2381        2619        1        1
2381        2593        1        1
2381        2566        1        1
2381        2540        1        1
2408        2487        1        1
2381        2461        1        1
2381        2434        1        1
2408        2408        1        1
2381        2381        1        1
2381        2355        1        1
2381        2328        1        1
2381        2302        1        1
2381        2275        1        1
2381        2249        1        1
2408        2223        1        1
2408        2196        1        1
2408        2170        1        1
2408        2143        1        1
2408        2117        1        1
2408        2090        1        1
2408        2064        1        1
2408        2037        1        1
2408        2011        1        1
2408        1984        1        1
2408        1958        1        1
2408        1931        1        1
2434        1905        1        1
2434        1879        1        1
2434        1852        1        1
2434        1826        1        1
2434        1799        1        1
2434        1773        1        1
2434        1746        1        1
2461        1746        1        1
2461        1720        1        1
2434        1720        1        1
2461        1720        1        1
2461        1693        1        1
2461        1667        1        1
2461        1640        1        1
2434        1667        1        1
2408        1667        1        1
PEN_UP                  0
PEN_DOWN
2434        2593        1        2
2461        2593        1        2
2487        2593        1        2
2487        2619        1        2
2514        2619        1        2
2540        2619        1        2
2566        2619        1        2
2619        2646        1        2
2646        2646        1        2
2672        2646        1        2
2725        2672        1        2
2752        2672        1        2
2805        2699        1        2
2831        2699        1        2
2884        2725        1        2
2910        2752        1        2
2963        2778        1        2
2990        2805        1        2
3016        2831        1        2
3043        2884        1        2
3096        2910        1        2
3122        2937        1        2
3149        2963        1        2
3175        3016        1        2
3175        3043        1        2
3201        3096        1        2
3228        3122        1        2
3228        3149        1        2
3254        3175        1        2
3254        3228        1        2
3254        3254        1        2
3281        3281        1        2
3281        3307        1        2
3281        3334        1        2
3281        3360        1        2
3281        3387        1        2
3307        3387        1        2
3307        3413        1        2
3307        3440        1        2
3281        3440        1        2
3281        3413        1        2
3254        3387        1        2
3254        3360        1        2
3254        3334        1        2
3254        3307        1        2
3228        3281        1        2
3228        3228        1        2
3228        3201        1        2
3228        3175        1        2
3228        3149        1        2
3228        3096        1        2
3228        3069        1        2
3228        3043        1        2
3228        2990        1        2
3228        2963        1        2
3228        2910        1        2
3228        2858        1        2
3228        2805        1        2
3201        2778        1        2
3201        2725        1        2
3201        2699        1        2
3201        2646        1        2
3201        2619        1        2
3201        2566        1        2
3201        2540        1        2
3201        2487        1        2
3201        2461        1        2
3201        2408        1        2
3201        2381        1        2
3201        2328        1        2
3201        2302        1        2
3201        2275        1        2
3201        2223        1        2
3201        2170        1        2
3201        2143        1        2
3201        2090        1        2
3201        2064        1        2
3201        2011        1        2
3201        1984        1        2
3201        1958        1        2
3201        1905        1        2
3201        1879        1        2
3201        1852        1        2
3201        1826        1        2
3175        1799        1        2
3175        1773        1        2
3175        1746        1        2
3175        1720        1        2
3175        1693        1        2
3175        1667        1        2
3149        1667        1        2
3149        1640        1        2
3149        1614        1        2
3149        1588        1        2
3149        1561        1        2
3149        1535        1        2
3149        1508        1        2
3149        1482        1        2
3175        1482        1        2
3201        1482        1        2
3228        1482        1        2
3254        1482        1        2
3307        1482        1        2
3334        1482        1        2
3387        1482        1        2
3440        1482        1        2
3493        1482        1        2
3545        1482        1        2
3598        1482        1        2
3651        1482        1        2
3704        1482        1        2
3731        1482        1        2
3757        1482        1        2
3784        1482        1        2
3810        1482        1        2
3836        1482        1        2
3863        1482        1        2
3889        1482        1        2
3863        1482        1        2
3836        1482        1        2
PEN_UP                  0
END_CHARACTER: JHA
