CHARACTER_NAME: NIYA
STROKE_COUNT: 2
  X           Y   STYLUS_STATE STROKE
PEN_DOWN
1323        1455        1        1
1323        1429        1        1
1349        1455        1        1
1376        1482        1        1
1376        1508        1        1
1349        1508        1        1
1349        1535        1        1
1323        1535        1        1
1323        1508        1        1
1296        1508        1        1
1296        1482        1        1
1296        1455        1        1
1323        1429        1        1
1349        1429        1        1
1349        1402        1        1
1376        1402        1        1
1402        1402        1        1
1402        1429        1        1
1429        1429        1        1
1402        1455        1        1
1402        1482        1        1
1376        1482        1        1
1376        1508        1        1
1376        1482        1        1
1376        1455        1        1
1402        1455        1        1
1402        1429        1        1
1402        1455        1        1
1429        1455        1        1
1429        1482        1        1
1402        1482        1        1
1376        1482        1        1
1349        1482        1        1
1349        1455        1        1
1349        1429        1        1
1349        1402        1        1
1349        1376        1        1
1349        1349        1        1
1349        1323        1        1
1349        1296        1        1
1376        1270        1        1
1376        1244        1        1
1402        1217        1        1
1402        1191        1        1
1429        1191        1        1
1429        1164        1        1
1455        1164        1        1
1455        1138        1        1
1455        1111        1        1
1482        1111        1        1
1482        1085        1        1
1508        1058        1        1
1535        1032        1        1
1561        1032        1        1
1588        1032        1        1
1614        1032        1        1
1640        1032        1        1
1640        1005        1        1
1667        1005        1        1
1693        1005        1        1
1693        1032        1        1
1720        1032        1        1
1746        1032        1        1
1746        1058        1        1
1773        1058        1        1
1799        1085        1        1
1826        1085        1        1
1852        1111        1        1
1879        1111        1        1
1905        1138        1        1
1905        1164        1        1
1931        1164        1        1
1958        1191        1        1
1984        1191        1        1
1984        1217        1        1
2011        1217        1        1
2011        1244        1        1
2037        1244        1        1
2037        1270        1        1
2064        1296        1        1
2064        1323        1        1
2090        1349        1        1
2090        1376        1        1
2090        1402        1        1
2090        1429        1        1
2090        1455        1        1
2090        1482        1        1
2090        1508        1        1
2090        1535        1        1
2064        1535        1        1
2064        1561        1        1
2064        1588        1        1
2037        1614        1        1
2037        1640        1        1
2037        1667        1        1
2037        1693        1        1
2011        1720        1        1
2011        1746        1        1
2011        1773        1        1
2011        1799        1        1
1984        1826        1        1
1984        1852        1        1
1984        1879        1        1
1984        1905        1        1
1984        1931        1        1
1984        1958        1        1
1984        1984        1        1
1984        2011        1        1
1984        2037        1        1
1984        2064        1        1
1984        2090        1        1
1984        2117        1        1
1984        2143        1        1
1984        2170        1        1
1984        2196        1        1
1984        2223        1        1
1984        2249        1        1
1984        2275        1        1
1984        2302        1        1
1984        2328        1        1
1984        2355        1        1
1984        2381        1        1
1984        2408        1        1
2011        2434        1        1
2011        2461        1        1
2011        2487        1        1
2011        2514        1        1
2011        2540        1        1
2011        2566        1        1
2011        2593        1        1
2011        2619        1        1
2011        2646        1        1
2011        2672        1        1
2011        2699        1        1
2011        2725        1        1
2011        2752        1        1
2011        2778        1        1
2011        2805        1        1
2011        2831        1        1
2011        2858        1        1
2011        2831        1        1
2011        2805        1        1
2011        2778        1        1
2011        2752        1        1
2011        2725        1        1
2011        2699        1        1
2011        2672        1        1
2011        2646        1        1
2011        2619        1        1
2011        2593        1        1
2011        2566        1        1
2011        2540        1        1
2011        2514        1        1
1984        2487        1        1
1984        2461        1        1
1984        2434        1        1
1958        2434        1        1
1958        2408        1        1
1931        2381        1        1
1905        2381        1        1
1905        2355        1        1
1879        2355        1        1
1852        2355        1        1
1826        2355        1        1
1826        2381        1        1
1799        2381        1        1
1773        2381        1        1
1773        2408        1        1
1746        2408        1        1
1720        2434        1        1
1693        2461        1        1
1667        2461        1        1
1667        2487        1        1
1640        2514        1        1
1640        2540        1        1
1614        2566        1        1
1614        2593        1        1
1588        2593        1        1
1588        2619        1        1
1561        2646        1        1
1561        2672        1        1
1535        2699        1        1
1508        2725        1        1
1508        2752        1        1
1482        2752        1        1
1482        2778        1        1
1455        2778        1        1
1455        2805        1        1
1429        2805        1        1
1429        2831        1        1
1402        2831        1        1
1376        2831        1        1
1349        2858        1        1
1323        2858        1        1
1296        2858        1        1
1296        2884        1        1
1270        2884        1        1
1244        2884        1        1
1217        2884        1        1
1191        2884        1        1
1164        2884        1        1
1138        2884        1        1
1111        2884        1        1
1085        2884        1        1
1058        2858        1        1
1032        2858        1        1
1005        2858        1        1
 979        2831        1        1
 953        2831        1        1
 926        2805        1        1
 900        2778        1        1
 873        2778        1        1
 847        2752        1        1
 847        2725        1        1
 820        2699        1        1
 794        2672        1        1
 794        2646        1        1
 767        2646        1        1
 767        2619        1        1
 741        2593        1        1
 741        2566        1        1
 714        2540        1        1
 714        2514        1        1
 714        2487        1        1
 714        2461        1        1
 688        2461        1        1
 688        2434        1        1
 688        2408        1        1
 688        2381        1        1
PEN_UP                  0
PEN_DOWN
2170        1693        1        2
2143        1693        1        2
2143        1720        1        2
2117        1720        1        2
2117        1746        1        2
2090        1746        1        2
2090        1773        1        2
2090        1799        1        2
2064        1799        1        2
2090        1773        1        2
2117        1773        1        2
2117        1746        1        2
2117        1720        1        2
2143        1720        1        2
2143        1693        1        2
2170        1693        1        2
2170        1667        1        2
2196        1640        1        2
2223        1640        1        2
2223        1614        1        2
2249        1614        1        2
2249        1588        1        2
2275        1588        1        2
2302        1561        1        2
2328        1561        1        2
2355        1561        1        2
2381        1561        1        2
2408        1561        1        2
2434        1561        1        2
2461        1561        1        2
2461        1588        1        2
2487        1588        1        2
2487        1614        1        2
2514        1614        1        2
2514        1640        1        2
2540        1640        1        2
2540        1667        1        2
2540        1693        1        2
2540        1720        1        2
2540        1746        1        2
2540        1773        1        2
2540        1799        1        2
2514        1826        1        2
2514        1852        1        2
2487        1852        1        2
2487        1879        1        2
2461        1905        1        2
2461        1931        1        2
2434        1931        1        2
2408        1958        1        2
2408        1984        1        2
2381        1984        1        2
2355        2011        1        2
2328        2037        1        2
2302        2037        1        2
2302        2064        1        2
2275        2064        1        2
2249        2090        1        2
2223        2090        1        2
2196        2090        1        2
2196        2064        1        2
2196        2037        1        2
2196        2011        1        2
2196        1984        1        2
2223        1984        1        2
2223        1958        1        2
2249        1958        1        2
2249        1931        1        2
2275        1931        1        2
2302        1931        1        2
2328        1931        1        2
2328        1905        1        2
2355        1905        1        2
2381        1931        1        2
2408        1931        1        2
2434        1958        1        2
2461        1958        1        2
2461        1984        1        2
2487        1984        1        2
2487        2011        1        2
2514        2011        1        2
2540        2037        1        2
2540        2064        1        2
2566        2064        1        2
2566        2090        1        2
2593        2117        1        2
2593        2143        1        2
2593        2170        1        2
2593        2196        1        2
2619        2196        1        2
2593        2223        1        2
2593        2249        1        2
2593        2275        1        2
2593        2302        1        2
2566        2302        1        2
2566        2328        1        2
2566        2355        1        2
2540        2355        1        2
2540        2381        1        2
2514        2408        1        2
2487        2434        1        2
2461        2461        1        2
2434        2461        1        2
2408        2461        1        2
2381        2461        1        2
2355        2461        1        2
2328        2434        1        2
2302        2434        1        2
2302        2408        1        2
2275        2408        1        2
2249        2381        1        2
2223        2355        1        2
2196        2328        1        2
2196        2302        1        2
2170        2302        1        2
2170        2275        1        2
2143        2275        1        2
2143        2249        1        2
2117        2249        1        2
2117        2223        1        2
2090        2196        1        2
2090        2170        1        2
2064        2170        1        2
2064        2143        1        2
2064        2117        1        2
2037        2117        1        2
2037        2090        1        2
2037        2064        1        2
PEN_UP                  0
END_CHARACTER: NIYA
