CHARACTER_NAME: MTA
STROKE_COUNT: 3
  X           Y   STYLUS_STATE STROKE
PEN_DOWN
1058        1720        1        1
1058        1693        1        1
1032        1693        1        1
1032        1720        1        1
1058        1720        1        1
1032        1746        1        1
1032        1773        1        1
1032        1799        1        1
1032        1826        1        1
1032        1852        1        1
1032        1879        1        1
1032        1905        1        1
1032        1931        1        1
1032        1958        1        1
1032        1984        1        1
1032        2037        1        1
1032        2064        1        1
1032        2090        1        1
1032        2117        1        1
1032        2170        1        1
1032        2196        1        1
1032        2223        1        1
1032        2275        1        1
1032        2302        1        1
1032        2328        1        1
1032        2381        1        1
1032        2408        1        1
1032        2461        1        1
1058        2487        1        1
1058        2514        1        1
1058        2566        1        1
1058        2593        1        1
1058        2646        1        1
1058        2672        1        1
1058        2699        1        1
1058        2752        1        1
1058        2778        1        1
1058        2805        1        1
1085        2831        1        1
1085        2858        1        1
1085        2884        1        1
1085        2910        1        1
1085        2937        1        1
1085        2990        1        1
1085        3016        1        1
1085        3043        1        1
1085        3069        1        1
1085        3122        1        1
1111        3149        1        1
1111        3175        1        1
1111        3201        1        1
1111        3228        1        1
1111        3254        1        1
1111        3281        1        1
1111        3307        1        1
1111        3334        1        1
1138        3334        1        1
1138        3360        1        1
1164        3360        1        1
1191        3334        1        1
1217        3334        1        1
1244        3334        1        1
1244        3307        1        1
1270        3307        1        1
1296        3307        1        1
1296        3281        1        1
1323        3281        1        1
1349        3281        1        1
1376        3254        1        1
1402        3228        1        1
1429        3228        1        1
1429        3201        1        1
1455        3201        1        1
1455        3175        1        1
1482        3175        1        1
1482        3149        1        1
1508        3122        1        1
1535        3096        1        1
1535        3069        1        1
1561        3043        1        1
1588        3043        1        1
1588        3016        1        1
1614        2990        1        1
1640        2963        1        1
1640        2937        1        1
1667        2937        1        1
1667        2910        1        1
1693        2884        1        1
1720        2858        1        1
1720        2831        1        1
1746        2805        1        1
1773        2778        1        1
1773        2752        1        1
1799        2725        1        1
1826        2699        1        1
1826        2672        1        1
1826        2646        1        1
1852        2619        1        1
1852        2593        1        1
1879        2566        1        1
1879        2540        1        1
1879        2514        1        1
1879        2487        1        1
1879        2461        1        1
1879        2434        1        1
1879        2408        1        1
1879        2381        1        1
1852        2355        1        1
1826        2328        1        1
1799        2328        1        1
1799        2302        1        1
1773        2302        1        1
1746        2302        1        1
1746        2328        1        1
1720        2328        1        1
1693        2328        1        1
1693        2355        1        1
1667        2355        1        1
1667        2381        1        1
1640        2381        1        1
1640        2408        1        1
1614        2408        1        1
1614        2434        1        1
1588        2434        1        1
1588        2461        1        1
1588        2487        1        1
1588        2514        1        1
1588        2540        1        1
1614        2566        1        1
1614        2593        1        1
1640        2593        1        1
1640        2619        1        1
1667        2619        1        1
1667        2646        1        1
1693        2646        1        1
1720        2646        1        1
1746        2646        1        1
1773        2646        1        1
1799        2646        1        1
1826        2646        1        1
1852        2646        1        1
1879        2646        1        1
1879        2619        1        1
1905        2619        1        1
1879        2593        1        1
PEN_UP                  0
PEN_DOWN
1667        1588        1        2
1667        1614        1        2
1640        1614        1        2
1640        1640        1        2
1667        1640        1        2
1640        1667        1        2
1667        1640        1        2
1667        1614        1        2
1667        1588        1        2
1667        1561        1        2
1640        1535        1        2
1640        1508        1        2
1640        1482        1        2
1614        1455        1        2
1614        1429        1        2
1614        1402        1        2
1588        1402        1        2
1588        1376        1        2
1588        1349        1        2
1561        1349        1        2
1535        1323        1        2
1535        1296        1        2
1508        1296        1        2
1482        1296        1        2
1482        1270        1        2
1455        1270        1        2
1429        1270        1        2
1402        1270        1        2
1376        1270        1        2
1349        1270        1        2
1323        1296        1        2
1296        1296        1        2
1270        1296        1        2
1244        1296        1        2
1217        1296        1        2
1191        1296        1        2
1191        1323        1        2
1164        1323        1        2
1138        1323        1        2
1111        1323        1        2
1085        1323        1        2
1058        1323        1        2
1058        1296        1        2
1032        1296        1        2
1005        1296        1        2
 979        1270        1        2
 953        1270        1        2
 953        1244        1        2
 926        1244        1        2
 926        1217        1        2
 900        1217        1        2
 900        1191        1        2
 873        1164        1        2
 873        1138        1        2
 847        1111        1        2
 847        1085        1        2
 820        1058        1        2
 820        1032        1        2
 794        1005        1        2
 794         979        1        2
 794         953        1        2
 767         926        1        2
 767         900        1        2
 767         873        1        2
 741         847        1        2
 741         820        1        2
 741         794        1        2
 741         767        1        2
 741         741        1        2
 741         714        1        2
 741         688        1        2
 741         661        1        2
 741         635        1        2
 741         609        1        2
 767         609        1        2
PEN_UP                  0
PEN_DOWN
 820        1746        1        3
 820        1720        1        3
 847        1720        1        3
 873        1693        1        3
 900        1693        1        3
 926        1693        1        3
 953        1693        1        3
 979        1667        1        3
1005        1667        1        3
1032        1667        1        3
1058        1667        1        3
1085        1640        1        3
1111        1640        1        3
1138        1640        1        3
1164        1640        1        3
1191        1640        1        3
1244        1640        1        3
1270        1640        1        3
1296        1640        1        3
1349        1640        1        3
1376        1614        1        3
1402        1614        1        3
1455        1614        1        3
1482        1614        1        3
1508        1614        1        3
1561        1614        1        3
1588        1588        1        3
1640        1588        1        3
1667        1588        1        3
1693        1588        1        3
1746        1588        1        3
1773        1588        1        3
1826        1561        1        3
1852        1561        1        3
1879        1561        1        3
1905        1561        1        3
1931        1561        1        3
1958        1561        1        3
1984        1561        1        3
2011        1561        1        3
2037        1561        1        3
2064        1535        1        3
2090        1535        1        3
2117        1535        1        3
2143        1535        1        3
2170        1535        1        3
2196        1535        1        3
2223        1535        1        3
2249        1535        1        3
2223        1535        1        3
2196        1535        1        3
PEN_UP                  0
END_CHARACTER: MTA
