CHARACTER_NAME: MTHA
STROKE_COUNT: 2
  X           Y   STYLUS_STATE STROKE
PEN_DOWN
1614        1826        1        1
1614        1852        1        1
1614        1879        1        1
1614        1905        1        1
1614        1931        1        1
1640        1931        1        1
1640        1958        1        1
1640        1984        1        1
1640        2011        1        1
1640        2037        1        1
1640        2064        1        1
1640        2090        1        1
1614        2090        1        1
1614        2117        1        1
1614        2143        1        1
1614        2170        1        1
1614        2196        1        1
1588        2196        1        1
1588        2223        1        1
1588        2249        1        1
1561        2249        1        1
1561        2275        1        1
1561        2302        1        1
1535        2302        1        1
1535        2328        1        1
1508        2355        1        1
1508        2381        1        1
1482        2381        1        1
1482        2408        1        1
1455        2408        1        1
1455        2434        1        1
1429        2434        1        1
1429        2461        1        1
1402        2487        1        1
1376        2514        1        1
1349        2540        1        1
1349        2566        1        1
1323        2566        1        1
1323        2593        1        1
1296        2593        1        1
1296        2619        1        1
1270        2619        1        1
1270        2646        1        1
1244        2646        1        1
1244        2672        1        1
1244        2699        1        1
1217        2699        1        1
1217        2725        1        1
1191        2725        1        1
1191        2752        1        1
1164        2752        1        1
1164        2778        1        1
1164        2805        1        1
1138        2805        1        1
1138        2831        1        1
1111        2831        1        1
1111        2858        1        1
1085        2884        1        1
1085        2910        1        1
1085        2937        1        1
1058        2963        1        1
1058        2990        1        1
1058        3016        1        1
1058        3043        1        1
1058        3069        1        1
1058        3096        1        1
1058        3122        1        1
1058        3149        1        1
1058        3175        1        1
1058        3201        1        1
1058        3228        1        1
1085        3254        1        1
1085        3281        1        1
1085        3307        1        1
1111        3334        1        1
1111        3360        1        1
1138        3360        1        1
1138        3387        1        1
1164        3387        1        1
1164        3413        1        1
1191        3413        1        1
1191        3440        1        1
1217        3440        1        1
1244        3466        1        1
1270        3466        1        1
1296        3466        1        1
1323        3466        1        1
1349        3493        1        1
1376        3493        1        1
1402        3493        1        1
1429        3493        1        1
1455        3493        1        1
1482        3493        1        1
1508        3493        1        1
1535        3493        1        1
1535        3466        1        1
1561        3466        1        1
1588        3466        1        1
1614        3466        1        1
1640        3466        1        1
1667        3466        1        1
1693        3440        1        1
1693        3466        1        1
1693        3440        1        1
1720        3440        1        1
1746        3440        1        1
1773        3440        1        1
1773        3413        1        1
1799        3413        1        1
1826        3413        1        1
1826        3387        1        1
1852        3387        1        1
1852        3360        1        1
1879        3360        1        1
1905        3334        1        1
1931        3307        1        1
1958        3281        1        1
1984        3254        1        1
2011        3228        1        1
2011        3201        1        1
2037        3201        1        1
2037        3175        1        1
2064        3149        1        1
2064        3122        1        1
2064        3096        1        1
2090        3069        1        1
2090        3043        1        1
2090        3016        1        1
2117        2990        1        1
2117        2963        1        1
2117        2937        1        1
2117        2910        1        1
2117        2884        1        1
2117        2858        1        1
2117        2831        1        1
2117        2805        1        1
2117        2778        1        1
2090        2752        1        1
2090        2725        1        1
2090        2699        1        1
2064        2672        1        1
2064        2646        1        1
2064        2619        1        1
2064        2593        1        1
2037        2593        1        1
2037        2566        1        1
2011        2540        1        1
2011        2514        1        1
1984        2514        1        1
1984        2487        1        1
1984        2461        1        1
1958        2461        1        1
1958        2434        1        1
1931        2434        1        1
1931        2408        1        1
1905        2408        1        1
1905        2381        1        1
1879        2355        1        1
1879        2328        1        1
1852        2328        1        1
1852        2302        1        1
1826        2302        1        1
1826        2275        1        1
1799        2275        1        1
1799        2249        1        1
1773        2249        1        1
1773        2223        1        1
1746        2223        1        1
1746        2196        1        1
1720        2196        1        1
1720        2170        1        1
1693        2170        1        1
1693        2143        1        1
1667        2117        1        1
1640        2090        1        1
1614        2064        1        1
1614        2037        1        1
1588        2037        1        1
1588        2011        1        1
1561        2011        1        1
1561        1984        1        1
1535        1984        1        1
1535        1958        1        1
1508        1931        1        1
1508        1905        1        1
1482        1879        1        1
1455        1852        1        1
1455        1826        1        1
1429        1799        1        1
1429        1773        1        1
1402        1773        1        1
1402        1746        1        1
1402        1720        1        1
1376        1693        1        1
1376        1667        1        1
1376        1640        1        1
1376        1614        1        1
1376        1588        1        1
1376        1561        1        1
1376        1535        1        1
1376        1508        1        1
1376        1482        1        1
1376        1455        1        1
1376        1429        1        1
1376        1402        1        1
1376        1349        1        1
1402        1349        1        1
1402        1296        1        1
1402        1270        1        1
1402        1244        1        1
1429        1217        1        1
1429        1191        1        1
1455        1164        1        1
1455        1138        1        1
1455        1111        1        1
1482        1058        1        1
1482        1032        1        1
1508        1005        1        1
1508         979        1        1
1535         953        1        1
1535         926        1        1
1561         900        1        1
1561         873        1        1
1588         847        1        1
1614         820        1        1
1614         794        1        1
1640         794        1        1
1667         767        1        1
1693         741        1        1
1720         714        1        1
1746         714        1        1
1773         688        1        1
1799         688        1        1
1826         688        1        1
1852         661        1        1
1879         661        1        1
1905         635        1        1
1931         635        1        1
1958         635        1        1
1984         635        1        1
2011         635        1        1
2037         635        1        1
2037         661        1        1
2037         688        1        1
2037         714        1        1
2011         714        1        1
2011         741        1        1
1984         741        1        1
1931         767        1        1
PEN_UP                  0
PEN_DOWN
1138        2143        1        2
1111        2143        1        2
1111        2117        1        2
1085        2117        1        2
1111        2117        1        2
1138        2117        1        2
1164        2117        1        2
1191        2117        1        2
1217        2117        1        2
1244        2117        1        2
1270        2090        1        2
1296        2090        1        2
1323        2090        1        2
1349        2090        1        2
1376        2090        1        2
1429        2090        1        2
1455        2064        1        2
1482        2064        1        2
1535        2064        1        2
1561        2064        1        2
1588        2037        1        2
1640        2037        1        2
1667        2037        1        2
1693        2037        1        2
1746        2011        1        2
1773        2011        1        2
1799        2011        1        2
1852        2011        1        2
1879        2011        1        2
1905        1984        1        2
1931        1984        1        2
1958        1984        1        2
2011        1984        1        2
2037        1984        1        2
2064        1984        1        2
2090        1984        1        2
2117        1984        1        2
2143        1958        1        2
2170        1958        1        2
2196        1958        1        2
2223        1958        1        2
2249        1958        1        2
2275        1958        1        2
2302        1958        1        2
2328        1958        1        2
2355        1958        1        2
2381        1958        1        2
2408        1958        1        2
2381        1931        1        2
2355        1931        1        2
PEN_UP                  0
END_CHARACTER: MTHA
