CHARACTER_NAME: MDA
STROKE_COUNT: 2
  X           Y   STYLUS_STATE STROKE
PEN_DOWN
2117        1667        1        1
2117        1640        1        1
2117        1614        1        1
2117        1588        1        1
2117        1561        1        1
2117        1535        1        1
2117        1508        1        1
2090        1508        1        1
2090        1482        1        1
2117        1508        1        1
2090        1535        1        1
2090        1561        1        1
2090        1588        1        1
2090        1614        1        1
2090        1640        1        1
2090        1667        1        1
2090        1693        1        1
2090        1720        1        1
2090        1746        1        1
2090        1773        1        1
2090        1799        1        1
2090        1826        1        1
2090        1852        1        1
2064        1905        1        1
2064        1931        1        1
2064        1958        1        1
2064        2011        1        1
2090        2037        1        1
2090        2090        1        1
2090        2117        1        1
2090        2143        1        1
2090        2196        1        1
2090        2223        1        1
2090        2249        1        1
2090        2275        1        1
2090        2302        1        1
2090        2328        1        1
2090        2355        1        1
2090        2381        1        1
2090        2408        1        1
2090        2434        1        1
2090        2461        1        1
2117        2434        1        1
2117        2408        1        1
2143        2408        1        1
2170        2381        1        1
2170        2355        1        1
2196        2355        1        1
2196        2328        1        1
2223        2328        1        1
2223        2302        1        1
2249        2302        1        1
2249        2275        1        1
2275        2275        1        1
2275        2249        1        1
2302        2249        1        1
2328        2223        1        1
2355        2196        1        1
2381        2170        1        1
2408        2170        1        1
2408        2143        1        1
2434        2117        1        1
2461        2117        1        1
2487        2090        1        1
2514        2090        1        1
2514        2064        1        1
2540        2037        1        1
2566        2037        1        1
2593        2011        1        1
2619        1984        1        1
2646        1958        1        1
2672        1931        1        1
2699        1931        1        1
2699        1905        1        1
2725        1905        1        1
2752        1905        1        1
2752        1879        1        1
2778        1879        1        1
2805        1879        1        1
2805        1852        1        1
2831        1852        1        1
2858        1852        1        1
2858        1879        1        1
2884        1879        1        1
2884        1905        1        1
2910        1905        1        1
2910        1931        1        1
2937        1931        1        1
2963        1958        1        1
2963        1984        1        1
2990        1984        1        1
2990        2011        1        1
2990        2037        1        1
3016        2037        1        1
3016        2064        1        1
3016        2090        1        1
3043        2117        1        1
3043        2143        1        1
3043        2170        1        1
3043        2196        1        1
3069        2223        1        1
3069        2249        1        1
3069        2275        1        1
3096        2302        1        1
3096        2328        1        1
3096        2355        1        1
3096        2381        1        1
3096        2408        1        1
3096        2434        1        1
3096        2461        1        1
3096        2487        1        1
3096        2514        1        1
3069        2540        1        1
3069        2566        1        1
3069        2593        1        1
3069        2619        1        1
3043        2646        1        1
3043        2672        1        1
3043        2699        1        1
3016        2725        1        1
3016        2752        1        1
3016        2778        1        1
2990        2805        1        1
2963        2831        1        1
2963        2858        1        1
2937        2884        1        1
2910        2910        1        1
2910        2937        1        1
2884        2963        1        1
2858        2990        1        1
2831        3016        1        1
2805        3043        1        1
2778        3069        1        1
2752        3096        1        1
2725        3122        1        1
2699        3149        1        1
2672        3175        1        1
2646        3201        1        1
2619        3201        1        1
2593        3228        1        1
2566        3254        1        1
2540        3281        1        1
2514        3281        1        1
2487        3307        1        1
2461        3334        1        1
2434        3334        1        1
2408        3334        1        1
2381        3360        1        1
2355        3360        1        1
2328        3360        1        1
2302        3360        1        1
2275        3360        1        1
2249        3360        1        1
2223        3360        1        1
2196        3360        1        1
2143        3360        1        1
2117        3334        1        1
2090        3334        1        1
2064        3334        1        1
2037        3307        1        1
2011        3281        1        1
1984        3281        1        1
1958        3254        1        1
1931        3228        1        1
1905        3175        1        1
1879        3149        1        1
1852        3122        1        1
1826        3096        1        1
1799        3043        1        1
1773        3016        1        1
1746        2990        1        1
1720        2963        1        1
1693        2937        1        1
1693        2884        1        1
1667        2858        1        1
1640        2831        1        1
1614        2778        1        1
1588        2752        1        1
1561        2725        1        1
1561        2672        1        1
1535        2646        1        1
1508        2593        1        1
1482        2566        1        1
1482        2540        1        1
1455        2487        1        1
1429        2461        1        1
1429        2434        1        1
1402        2381        1        1
1402        2355        1        1
1376        2328        1        1
1376        2275        1        1
1349        2249        1        1
1349        2196        1        1
1323        2170        1        1
1296        2117        1        1
1296        2090        1        1
1270        2037        1        1
1270        2011        1        1
1244        1984        1        1
1244        1958        1        1
1217        1931        1        1
1217        1905        1        1
1244        1905        1        1
PEN_UP                  0
PEN_DOWN
1852        1482        1        2
1879        1482        1        2
1905        1482        1        2
1931        1482        1        2
1958        1482        1        2
1984        1482        1        2
2011        1482        1        2
2037        1482        1        2
2037        1508        1        2
2064        1508        1        2
2090        1508        1        2
2117        1508        1        2
2143        1508        1        2
2170        1508        1        2
2196        1508        1        2
2223        1508        1        2
2249        1508        1        2
2275        1508        1        2
2302        1508        1        2
2328        1508        1        2
2355        1508        1        2
2381        1508        1        2
2408        1508        1        2
2461        1482        1        2
2487        1482        1        2
2514        1482        1        2
2540        1482        1        2
2566        1482        1        2
2593        1482        1        2
2619        1482        1        2
2646        1482        1        2
2672        1482        1        2
2699        1482        1        2
2725        1482        1        2
2752        1482        1        2
2778        1482        1        2
2805        1482        1        2
2831        1482        1        2
2858        1482        1        2
2831        1482        1        2
2805        1482        1        2
2778        1482        1        2
PEN_UP                  0
END_CHARACTER: MDA
