CHARACTER_NAME: MDHA
STROKE_COUNT: 2
  X           Y   STYLUS_STATE STROKE
PEN_DOWN
1376        1535        1        1
1376        1508        1        1
1376        1482        1        1
1376        1508        1        1
1376        1535        1        1
1376        1561        1        1
1376        1588        1        1
1376        1614        1        1
1376        1640        1        1
1376        1667        1        1
1402        1667        1        1
1402        1693        1        1
1402        1720        1        1
1402        1746        1        1
1402        1773        1        1
1402        1799        1        1
1402        1826        1        1
1402        1852        1        1
1402        1905        1        1
1402        1958        1        1
1402        1984        1        1
1402        2037        1        1
1402        2090        1        1
1402        2117        1        1
1402        2170        1        1
1429        2223        1        1
1429        2249        1        1
1429        2302        1        1
1429        2328        1        1
1429        2381        1        1
1429        2408        1        1
1429        2461        1        1
1429        2487        1        1
1455        2514        1        1
1455        2566        1        1
1455        2593        1        1
1455        2619        1        1
1455        2646        1        1
1455        2672        1        1
1455        2699        1        1
1455        2725        1        1
1455        2752        1        1
1455        2778        1        1
1482        2805        1        1
1482        2831        1        1
1482        2858        1        1
1482        2884        1        1
1482        2910        1        1
1508        2910        1        1
1508        2937        1        1
1508        2963        1        1
1535        2963        1        1
1535        2990        1        1
1535        3016        1        1
1561        3016        1        1
1561        3043        1        1
1588        3043        1        1
1588        3069        1        1
1614        3069        1        1
1640        3069        1        1
1667        3069        1        1
1693        3069        1        1
1720        3043        1        1
1746        3043        1        1
1773        3043        1        1
1799        3016        1        1
1826        3016        1        1
1852        2990        1        1
1879        2990        1        1
1905        2963        1        1
1931        2963        1        1
1958        2937        1        1
1984        2910        1        1
2011        2910        1        1
2037        2884        1        1
2064        2884        1        1
2064        2858        1        1
2090        2831        1        1
2117        2831        1        1
2117        2805        1        1
2143        2805        1        1
2143        2778        1        1
2170        2752        1        1
2196        2752        1        1
2196        2725        1        1
2223        2725        1        1
2223        2699        1        1
2249        2672        1        1
2249        2646        1        1
2275        2646        1        1
2302        2619        1        1
2302        2593        1        1
2328        2566        1        1
2328        2540        1        1
2355        2540        1        1
2355        2514        1        1
2381        2487        1        1
2381        2461        1        1
2408        2434        1        1
2408        2408        1        1
2408        2381        1        1
2434        2355        1        1
2434        2328        1        1
2434        2302        1        1
2461        2302        1        1
2461        2249        1        1
2461        2223        1        1
2487        2196        1        1
2487        2170        1        1
2487        2143        1        1
2461        2143        1        1
2461        2117        1        1
2461        2090        1        1
2461        2064        1        1
2434        2064        1        1
2434        2037        1        1
2408        2037        1        1
2408        2011        1        1
2381        2011        1        1
2355        1984        1        1
2328        1984        1        1
2302        1984        1        1
2275        2011        1        1
2249        2011        1        1
2249        2037        1        1
2223        2037        1        1
2223        2064        1        1
2196        2064        1        1
2196        2090        1        1
2170        2090        1        1
2170        2117        1        1
2143        2143        1        1
2143        2170        1        1
2117        2196        1        1
2143        2196        1        1
2117        2223        1        1
2117        2249        1        1
2143        2275        1        1
2143        2302        1        1
2143        2328        1        1
2143        2355        1        1
2143        2381        1        1
2170        2381        1        1
2170        2408        1        1
2196        2434        1        1
2223        2461        1        1
2249        2487        1        1
2275        2487        1        1
2302        2487        1        1
2328        2487        1        1
2355        2487        1        1
2381        2461        1        1
2408        2461        1        1
2408        2434        1        1
2434        2434        1        1
2461        2434        1        1
2434        2434        1        1
2408        2434        1        1
2381        2408        1        1
PEN_UP                  0
PEN_DOWN
 953        1508        1        2
 979        1508        1        2
1005        1508        1        2
1032        1508        1        2
1058        1508        1        2
1085        1508        1        2
1111        1482        1        2
1164        1482        1        2
1191        1482        1        2
1244        1482        1        2
1296        1455        1        2
1349        1455        1        2
1402        1455        1        2
1482        1455        1        2
1535        1455        1        2
1588        1455        1        2
1640        1455        1        2
1693        1455        1        2
1746        1455        1        2
1799        1455        1        2
1852        1455        1        2
1905        1429        1        2
1931        1429        1        2
1984        1429        1        2
2011        1429        1        2
2064        1429        1        2
2090        1429        1        2
2117        1429        1        2
2143        1429        1        2
2170        1402        1        2
2196        1402        1        2
2223        1402        1        2
2249        1402        1        2
2275        1402        1        2
2302        1402        1        2
2328        1402        1        2
2302        1402        1        2
2275        1402        1        2
PEN_UP                  0
END_CHARACTER: MDHA
