CHARACTER_NAME: MNA
STROKE_COUNT: 2
  X           Y   STYLUS_STATE STROKE
PEN_DOWN
1826        2090        1        1
1799        2090        1        1
1773        2090        1        1
1773        2064        1        1
1799        2037        1        1
1826        2037        1        1
1852        2064        1        1
1852        2090        1        1
1826        2117        1        1
1826        2143        1        1
1799        2170        1        1
1773        2170        1        1
1773        2143        1        1
1773        2117        1        1
1799        2117        1        1
1799        2090        1        1
1826        2090        1        1
1826        2064        1        1
1826        2090        1        1
1826        2117        1        1
1799        2143        1        1
1799        2170        1        1
1799        2143        1        1
1826        2143        1        1
1826        2117        1        1
1852        2117        1        1
1852        2143        1        1
1852        2170        1        1
1852        2196        1        1
1826        2223        1        1
1799        2223        1        1
1799        2249        1        1
1773        2249        1        1
1746        2249        1        1
1720        2249        1        1
1720        2223        1        1
1693        2223        1        1
1667        2223        1        1
1667        2196        1        1
1640        2170        1        1
1640        2143        1        1
1614        2143        1        1
1614        2117        1        1
1614        2090        1        1
1614        2064        1        1
1614        2037        1        1
1640        2011        1        1
1640        1984        1        1
1640        1958        1        1
1640        1931        1        1
1667        1931        1        1
1667        1905        1        1
1667        1879        1        1
1693        1852        1        1
1693        1826        1        1
1720        1799        1        1
1720        1773        1        1
1746        1746        1        1
1746        1720        1        1
1773        1720        1        1
1799        1720        1        1
1799        1693        1        1
1826        1693        1        1
1852        1693        1        1
1879        1693        1        1
1905        1693        1        1
1931        1693        1        1
1958        1693        1        1
1984        1693        1        1
2011        1693        1        1
2037        1693        1        1
2037        1720        1        1
2064        1720        1        1
2090        1746        1        1
2117        1746        1        1
2143        1773        1        1
2170        1773        1        1
2170        1799        1        1
2196        1799        1        1
2223        1826        1        1
2249        1852        1        1
2249        1879        1        1
2275        1879        1        1
2275        1905        1        1
2302        1931        1        1
2302        1958        1        1
2328        1958        1        1
2328        1984        1        1
2328        2011        1        1
2355        2037        1        1
2355        2064        1        1
2355        2090        1        1
2355        2117        1        1
2381        2117        1        1
2381        2143        1        1
2381        2170        1        1
2381        2196        1        1
2381        2223        1        1
2408        2223        1        1
2408        2249        1        1
2408        2275        1        1
2408        2302        1        1
2434        2302        1        1
2434        2328        1        1
2434        2355        1        1
2434        2381        1        1
2434        2408        1        1
2461        2434        1        1
2461        2461        1        1
2461        2487        1        1
2461        2514        1        1
2461        2540        1        1
2487        2514        1        1
2487        2487        1        1
2487        2461        1        1
2487        2434        1        1
2487        2408        1        1
2487        2381        1        1
2487        2355        1        1
2487        2328        1        1
2487        2302        1        1
2487        2275        1        1
2487        2249        1        1
2514        2249        1        1
2514        2223        1        1
2514        2196        1        1
2514        2170        1        1
2514        2143        1        1
2514        2117        1        1
2514        2090        1        1
2514        2064        1        1
2514        2037        1        1
2514        2011        1        1
2514        1984        1        1
2514        1958        1        1
2514        1931        1        1
2514        1905        1        1
2540        1905        1        1
2540        1879        1        1
2540        1852        1        1
2514        1826        1        1
2514        1799        1        1
2514        1773        1        1
2514        1746        1        1
2514        1773        1        1
2514        1799        1        1
2514        1826        1        1
2514        1852        1        1
2514        1879        1        1
2487        1905        1        1
2514        1905        1        1
2487        1931        1        1
2487        1958        1        1
2487        1984        1        1
2487        2011        1        1
2487        2064        1        1
2487        2090        1        1
2487        2117        1        1
2487        2143        1        1
2487        2170        1        1
2487        2196        1        1
2514        2249        1        1
2514        2275        1        1
2514        2302        1        1
2514        2328        1        1
2514        2355        1        1
2487        2408        1        1
2514        2434        1        1
2514        2461        1        1
2514        2487        1        1
2514        2540        1        1
2514        2566        1        1
2514        2593        1        1
2514        2619        1        1
2514        2646        1        1
2487        2672        1        1
2487        2699        1        1
2487        2725        1        1
2487        2778        1        1
2487        2805        1        1
2487        2831        1        1
2487        2858        1        1
2487        2910        1        1
2487        2937        1        1
2487        2963        1        1
2487        3016        1        1
2487        3069        1        1
2487        3122        1        1
2487        3149        1        1
2487        3201        1        1
2487        3254        1        1
2514        3307        1        1
2514        3360        1        1
2514        3413        1        1
2514        3440        1        1
2540        3493        1        1
2540        3519        1        1
2540        3572        1        1
2540        3598        1        1
2566        3651        1        1
2566        3678        1        1
2566        3704        1        1
2566        3731        1        1
2566        3757        1        1
2566        3784        1        1
2593        3810        1        1
2593        3836        1        1
2566        3836        1        1
2566        3810        1        1
2566        3784        1        1
2566        3757        1        1
2540        3757        1        1
2540        3731        1        1
2540        3704        1        1
2540        3678        1        1
2540        3651        1        1
2540        3598        1        1
PEN_UP                  0
PEN_DOWN
2805        1640        1        2
2805        1614        1        2
2778        1588        1        2
2752        1588        1        2
2725        1614        1        2
2699        1614        1        2
2672        1614        1        2
2646        1614        1        2
2619        1588        1        2
2619        1614        1        2
2593        1614        1        2
2619        1614        1        2
2619        1640        1        2
2646        1640        1        2
2672        1640        1        2
2699        1614        1        2
2752        1614        1        2
2778        1614        1        2
2831        1614        1        2
2884        1640        1        2
2937        1640        1        2
2990        1640        1        2
3043        1640        1        2
3069        1640        1        2
3122        1640        1        2
3149        1640        1        2
3175        1640        1        2
3201        1640        1        2
3228        1640        1        2
3201        1640        1        2
PEN_UP                  0
END_CHARACTER: MNA
