CHARACTER_NAME: TA
STROKE_COUNT: 2
  X           Y   STYLUS_STATE STROKE
PEN_DOWN
1984        1852        1        1
1958        1852        1        1
1958        1826        1        1
1984        1826        1        1
1984        1799        1        1
2011        1799        1        1
2011        1826        1        1
1984        1826        1        1
1984        1799        1        1
2011        1773        1        1
2011        1799        1        1
2011        1826        1        1
1984        1826        1        1
1984        1852        1        1
1958        1826        1        1
1958        1799        1        1
1984        1799        1        1
1984        1773        1        1
2011        1773        1        1
2037        1799        1        1
2011        1799        1        1
2011        1826        1        1
1984        1826        1        1
1984        1852        1        1
1958        1826        1        1
1958        1799        1        1
1984        1799        1        1
1984        1773        1        1
2011        1799        1        1
2011        1826        1        1
1984        1852        1        1
1984        1826        1        1
1958        1826        1        1
1984        1799        1        1
1958        1799        1        1
1984        1799        1        1
1984        1826        1        1
1958        1826        1        1
1958        1799        1        1
1984        1799        1        1
1984        1773        1        1
2011        1773        1        1
2037        1746        1        1
2064        1746        1        1
2090        1746        1        1
2117        1746        1        1
2143        1746        1        1
2143        1773        1        1
2170        1773        1        1
2196        1773        1        1
2196        1799        1        1
2223        1799        1        1
2249        1826        1        1
2275        1852        1        1
2302        1852        1        1
2302        1879        1        1
2328        1905        1        1
2355        1931        1        1
2381        1958        1        1
2381        1984        1        1
2381        2011        1        1
2408        2037        1        1
2408        2064        1        1
2408        2090        1        1
2408        2117        1        1
2408        2143        1        1
2408        2170        1        1
2408        2196        1        1
2381        2223        1        1
2381        2249        1        1
2381        2275        1        1
2355        2302        1        1
2355        2328        1        1
2328        2355        1        1
2328        2381        1        1
2328        2408        1        1
2302        2434        1        1
2302        2461        1        1
2275        2461        1        1
2275        2487        1        1
2249        2514        1        1
2249        2540        1        1
2223        2566        1        1
2196        2593        1        1
2196        2619        1        1
2170        2619        1        1
2143        2646        1        1
2117        2646        1        1
2090        2672        1        1
2064        2672        1        1
2037        2672        1        1
2011        2672        1        1
2011        2646        1        1
1984        2646        1        1
1958        2646        1        1
1931        2646        1        1
1931        2619        1        1
1905        2619        1        1
1879        2619        1        1
1852        2593        1        1
1826        2593        1        1
1826        2566        1        1
1799        2566        1        1
1799        2540        1        1
1773        2540        1        1
1746        2514        1        1
1746        2487        1        1
1720        2487        1        1
1720        2461        1        1
1693        2461        1        1
1667        2434        1        1
1667        2408        1        1
1640        2408        1        1
1614        2381        1        1
1614        2355        1        1
1588        2355        1        1
1588        2328        1        1
1561        2302        1        1
1535        2302        1        1
1535        2275        1        1
1508        2249        1        1
1482        2223        1        1
1455        2196        1        1
1429        2170        1        1
1402        2143        1        1
1376        2117        1        1
1376        2090        1        1
1349        2064        1        1
1323        2037        1        1
1296        2011        1        1
1296        1984        1        1
1270        1958        1        1
1244        1931        1        1
1244        1905        1        1
1217        1905        1        1
1217        1879        1        1
1191        1879        1        1
1191        1852        1        1
1164        1852        1        1
1164        1826        1        1
1138        1826        1        1
1138        1799        1        1
1111        1799        1        1
1111        1773        1        1
PEN_UP                  0
PEN_DOWN
1905        1588        1        2
1905        1614        1        2
1879        1614        1        2
1852        1614        1        2
1879        1614        1        2
1905        1614        1        2
1931        1614        1        2
1958        1614        1        2
1984        1614        1        2
2011        1614        1        2
2037        1614        1        2
2064        1614        1        2
2090        1614        1        2
2117        1614        1        2
2143        1614        1        2
2170        1614        1        2
2196        1614        1        2
2223        1614        1        2
2249        1614        1        2
2275        1614        1        2
2302        1614        1        2
2328        1614        1        2
2355        1614        1        2
2381        1588        1        2
2408        1588        1        2
2461        1588        1        2
2487        1588        1        2
2514        1588        1        2
2540        1588        1        2
2566        1588        1        2
2593        1588        1        2
2619        1588        1        2
2646        1588        1        2
2619        1561        1        2
PEN_UP                  0
END_CHARACTER: TA
