CHARACTER_NAME: THA
STROKE_COUNT: 1
  X           Y   STYLUS_STATE STROKE
PEN_DOWN
1746        1905        1        1
1746        1931        1        1
1720        1931        1        1
1720        1905        1        1
1720        1879        1        1
1746        1879        1        1
1746        1852        1        1
1773        1879        1        1
1773        1905        1        1
1746        1931        1        1
1746        1958        1        1
1720        1958        1        1
1720        1931        1        1
1693        1931        1        1
1693        1905        1        1
1693        1879        1        1
1720        1879        1        1
1720        1852        1        1
1720        1879        1        1
1746        1879        1        1
1746        1905        1        1
1746        1931        1        1
1720        1931        1        1
1693        1931        1        1
1693        1905        1        1
1693        1879        1        1
1693        1852        1        1
1720        1852        1        1
1720        1826        1        1
1746        1826        1        1
1746        1799        1        1
1773        1799        1        1
1773        1773        1        1
1799        1773        1        1
1826        1746        1        1
1852        1746        1        1
1879        1746        1        1
1879        1720        1        1
1905        1720        1        1
1931        1720        1        1
1958        1693        1        1
1984        1693        1        1
2011        1693        1        1
2037        1693        1        1
2064        1693        1        1
2090        1693        1        1
2117        1693        1        1
2117        1720        1        1
2143        1720        1        1
2170        1720        1        1
2196        1720        1        1
2196        1746        1        1
2223        1746        1        1
2249        1773        1        1
2275        1773        1        1
2275        1799        1        1
2302        1799        1        1
2302        1826        1        1
2328        1826        1        1
2328        1852        1        1
2355        1852        1        1
2355        1879        1        1
2381        1905        1        1
2381        1931        1        1
2381        1958        1        1
2381        1984        1        1
2408        2011        1        1
2408        2037        1        1
2408        2064        1        1
2408        2090        1        1
2408        2117        1        1
2381        2143        1        1
2381        2170        1        1
2355        2196        1        1
2355        2223        1        1
2328        2249        1        1
2302        2275        1        1
2302        2302        1        1
2275        2302        1        1
2275        2328        1        1
2249        2328        1        1
2249        2355        1        1
2223        2355        1        1
2223        2381        1        1
2196        2381        1        1
2170        2408        1        1
2143        2434        1        1
2117        2434        1        1
2117        2461        1        1
2090        2461        1        1
2064        2487        1        1
2037        2487        1        1
2037        2514        1        1
2011        2514        1        1
1984        2514        1        1
1984        2540        1        1
1958        2540        1        1
1931        2566        1        1
1905        2566        1        1
1879        2566        1        1
1852        2593        1        1
1826        2593        1        1
1799        2593        1        1
1773        2619        1        1
1746        2619        1        1
1720        2619        1        1
1746        2619        1        1
1773        2619        1        1
1773        2593        1        1
1799        2593        1        1
1826        2593        1        1
1852        2593        1        1
1879        2593        1        1
1905        2593        1        1
1931        2593        1        1
1958        2593        1        1
1958        2619        1        1
1984        2619        1        1
2011        2619        1        1
2037        2619        1        1
2037        2646        1        1
2064        2646        1        1
2090        2646        1        1
2117        2646        1        1
2117        2672        1        1
2143        2672        1        1
2170        2672        1        1
2196        2699        1        1
2223        2699        1        1
2249        2725        1        1
2275        2752        1        1
2302        2752        1        1
2328        2778        1        1
2355        2778        1        1
2381        2805        1        1
2408        2831        1        1
2434        2858        1        1
2461        2884        1        1
2487        2884        1        1
2514        2910        1        1
2540        2937        1        1
2566        2963        1        1
2566        2990        1        1
2593        2990        1        1
2619        3016        1        1
2646        3043        1        1
2646        3069        1        1
2672        3096        1        1
2672        3122        1        1
2699        3149        1        1
2699        3175        1        1
2725        3201        1        1
2725        3228        1        1
2725        3254        1        1
2752        3281        1        1
2752        3307        1        1
2778        3334        1        1
2778        3360        1        1
2778        3387        1        1
2805        3413        1        1
2805        3440        1        1
2831        3440        1        1
2831        3466        1        1
2831        3493        1        1
2858        3519        1        1
2858        3545        1        1
2884        3572        1        1
2884        3598        1        1
2884        3572        1        1
2858        3545        1        1
2858        3519        1        1
2831        3493        1        1
2831        3466        1        1
2831        3440        1        1
2805        3413        1        1
2805        3387        1        1
2805        3360        1        1
2778        3334        1        1
2778        3307        1        1
2778        3254        1        1
2778        3228        1        1
2778        3201        1        1
2752        3149        1        1
2752        3122        1        1
2752        3096        1        1
2752        3043        1        1
2752        3016        1        1
2752        2990        1        1
2752        2963        1        1
2725        2937        1        1
2725        2884        1        1
2725        2858        1        1
2725        2831        1        1
2725        2805        1        1
2725        2778        1        1
2725        2752        1        1
2725        2725        1        1
2725        2699        1        1
2725        2672        1        1
2699        2646        1        1
2699        2619        1        1
2699        2593        1        1
2699        2566        1        1
2699        2540        1        1
2699        2514        1        1
2699        2487        1        1
2699        2461        1        1
2672        2434        1        1
2672        2408        1        1
2672        2381        1        1
2672        2328        1        1
2646        2302        1        1
2646        2275        1        1
2646        2249        1        1
2646        2223        1        1
2619        2196        1        1
2619        2170        1        1
2619        2143        1        1
2593        2117        1        1
2593        2090        1        1
2593        2064        1        1
2593        2037        1        1
2566        2011        1        1
2566        1984        1        1
2566        1958        1        1
2566        1931        1        1
2566        1905        1        1
2566        1879        1        1
2540        1852        1        1
2540        1826        1        1
2540        1799        1        1
2540        1773        1        1
2566        1773        1        1
2566        1799        1        1
2593        1799        1        1
2619        1799        1        1
2646        1799        1        1
2672        1799        1        1
2699        1799        1        1
2725        1799        1        1
2752        1799        1        1
2778        1799        1        1
2805        1799        1        1
2831        1799        1        1
2858        1799        1        1
2910        1799        1        1
2937        1799        1        1
2990        1799        1        1
3016        1799        1        1
3043        1799        1        1
3069        1799        1        1
3096        1799        1        1
3122        1799        1        1
3149        1799        1        1
3175        1799        1        1
3149        1799        1        1
3122        1799        1        1
PEN_UP                  0
END_CHARACTER: THA
