CHARACTER_NAME: DA
STROKE_COUNT: 2
  X           Y   STYLUS_STATE STROKE
PEN_DOWN
1720        1720        1        1
1720        1746        1        1
1720        1773        1        1
1720        1799        1        1
1693        1799        1        1
1693        1826        1        1
1693        1852        1        1
1693        1879        1        1
1693        1905        1        1
1693        1931        1        1
1693        1958        1        1
1667        1984        1        1
1667        2011        1        1
1667        2064        1        1
1667        2090        1        1
1667        2117        1        1
1667        2170        1        1
1693        2196        1        1
1693        2249        1        1
1693        2275        1        1
1693        2302        1        1
1693        2328        1        1
1693        2381        1        1
1693        2408        1        1
1693        2434        1        1
1693        2461        1        1
1693        2487        1        1
1693        2514        1        1
1693        2540        1        1
1693        2566        1        1
1693        2593        1        1
1693        2619        1        1
1693        2646        1        1
1693        2672        1        1
1693        2699        1        1
1693        2725        1        1
1693        2752        1        1
1693        2778        1        1
1693        2805        1        1
1693        2831        1        1
1720        2831        1        1
1720        2805        1        1
1746        2805        1        1
1746        2778        1        1
1746        2752        1        1
1773        2752        1        1
1773        2725        1        1
1799        2725        1        1
1799        2699        1        1
1826        2672        1        1
1826        2646        1        1
1852        2646        1        1
1852        2619        1        1
1879        2593        1        1
1905        2593        1        1
1905        2566        1        1
1905        2540        1        1
1931        2540        1        1
1931        2514        1        1
1958        2514        1        1
1958        2487        1        1
1984        2487        1        1
1984        2461        1        1
2011        2434        1        1
2011        2408        1        1
2037        2381        1        1
2064        2355        1        1
2064        2328        1        1
2090        2302        1        1
2117        2275        1        1
2143        2249        1        1
2143        2223        1        1
2170        2196        1        1
2196        2170        1        1
2196        2143        1        1
2223        2143        1        1
2223        2117        1        1
2249        2117        1        1
2249        2090        1        1
2275        2090        1        1
2302        2064        1        1
2328        2064        1        1
2302        2064        1        1
2302        2090        1        1
2275        2090        1        1
2275        2117        1        1
2249        2143        1        1
2249        2170        1        1
2223        2170        1        1
2223        2196        1        1
2223        2223        1        1
2196        2223        1        1
2196        2249        1        1
2196        2275        1        1
2170        2275        1        1
2170        2302        1        1
2170        2328        1        1
2143        2328        1        1
2143        2355        1        1
2143        2381        1        1
2117        2381        1        1
2117        2408        1        1
2117        2434        1        1
2117        2461        1        1
2117        2487        1        1
2090        2487        1        1
2090        2514        1        1
2090        2540        1        1
2090        2566        1        1
2090        2593        1        1
2090        2619        1        1
2064        2619        1        1
2064        2646        1        1
2064        2672        1        1
2064        2699        1        1
2064        2725        1        1
2064        2752        1        1
2064        2778        1        1
2064        2805        1        1
2064        2831        1        1
2064        2858        1        1
2064        2884        1        1
2064        2910        1        1
2064        2937        1        1
2064        2963        1        1
2064        2990        1        1
2064        3016        1        1
2064        3043        1        1
2064        3096        1        1
2090        3122        1        1
2090        3149        1        1
2090        3175        1        1
2090        3201        1        1
2090        3228        1        1
2117        3281        1        1
2117        3307        1        1
2117        3334        1        1
2117        3360        1        1
2143        3387        1        1
2143        3413        1        1
2143        3440        1        1
2170        3466        1        1
2170        3493        1        1
2170        3519        1        1
2196        3519        1        1
2196        3545        1        1
2196        3572        1        1
2223        3598        1        1
2249        3625        1        1
2275        3625        1        1
2275        3651        1        1
2302        3678        1        1
2328        3678        1        1
2328        3704        1        1
2355        3704        1        1
2381        3704        1        1
2408        3731        1        1
2434        3731        1        1
2461        3731        1        1
2487        3757        1        1
2514        3757        1        1
2487        3757        1        1
2487        3731        1        1
2461        3731        1        1
2461        3704        1        1
2434        3678        1        1
2434        3651        1        1
PEN_UP                  0
PEN_DOWN
1323        1614        1        2
1349        1640        1        2
1376        1640        1        2
1402        1640        1        2
1429        1640        1        2
1482        1614        1        2
1535        1614        1        2
1588        1614        1        2
1640        1614        1        2
1720        1614        1        2
1773        1588        1        2
1826        1588        1        2
1879        1588        1        2
1931        1588        1        2
1958        1588        1        2
1984        1588        1        2
2011        1588        1        2
2037        1588        1        2
2064        1588        1        2
2090        1588        1        2
2117        1588        1        2
2143        1588        1        2
2170        1588        1        2
PEN_UP                  0
END_CHARACTER: DA
