CHARACTER_NAME: E
STROKE_COUNT: 3
  X           Y   STYLUS_STATE STROKE
PEN_DOWN
2011        1667        1        1
2011        1640        1        1
2011        1667        1        1
2011        1693        1        1
2011        1720        1        1
2011        1746        1        1
2037        1773        1        1
2037        1799        1        1
2037        1826        1        1
2037        1852        1        1
2037        1879        1        1
2037        1905        1        1
2037        1931        1        1
2011        1958        1        1
2011        1984        1        1
1984        1984        1        1
1984        2011        1        1
1958        2011        1        1
1931        2011        1        1
1905        2011        1        1
1879        1984        1        1
1852        1984        1        1
1852        1958        1        1
1852        1931        1        1
1852        1905        1        1
1879        1905        1        1
1879        1879        1        1
1905        1879        1        1
1931        1879        1        1
1958        1879        1        1
1984        1879        1        1
2011        1879        1        1
2037        1879        1        1
2037        1905        1        1
2064        1905        1        1
2090        1905        1        1
2090        1931        1        1
2117        1931        1        1
2117        1958        1        1
2143        1958        1        1
2170        1984        1        1
2170        2011        1        1
2196        2011        1        1
2196        2037        1        1
2196        2064        1        1
2223        2064        1        1
2223        2090        1        1
2223        2117        1        1
2249        2117        1        1
2249        2143        1        1
2249        2170        1        1
2249        2196        1        1
2249        2223        1        1
2249        2249        1        1
2249        2275        1        1
2249        2302        1        1
2223        2328        1        1
2223        2355        1        1
2223        2381        1        1
2196        2408        1        1
2196        2434        1        1
2170        2461        1        1
2170        2487        1        1
2143        2487        1        1
2143        2514        1        1
2117        2540        1        1
2090        2566        1        1
2064        2593        1        1
2037        2593        1        1
2037        2619        1        1
2011        2619        1        1
1984        2646        1        1
1958        2646        1        1
1931        2672        1        1
1905        2672        1        1
1879        2672        1        1
1852        2699        1        1
1826        2699        1        1
1799        2699        1        1
1773        2699        1        1
1746        2699        1        1
1720        2699        1        1
1693        2699        1        1
1667        2699        1        1
1640        2672        1        1
1614        2672        1        1
1588        2646        1        1
1561        2646        1        1
1535        2646        1        1
1508        2619        1        1
1482        2619        1        1
1482        2593        1        1
1455        2593        1        1
1429        2593        1        1
1429        2566        1        1
1402        2566        1        1
1402        2540        1        1
1376        2540        1        1
1349        2540        1        1
1349        2514        1        1
1376        2514        1        1
1376        2540        1        1
1402        2540        1        1
1429        2540        1        1
1455        2540        1        1
1482        2540        1        1
1508        2540        1        1
1535        2540        1        1
1561        2540        1        1
1588        2540        1        1
1614        2540        1        1
1640        2540        1        1
1667        2540        1        1
1693        2540        1        1
1720        2566        1        1
1746        2566        1        1
1773        2566        1        1
1799        2566        1        1
1826        2566        1        1
1852        2593        1        1
1879        2593        1        1
1905        2593        1        1
1931        2593        1        1
1958        2619        1        1
1984        2619        1        1
2011        2619        1        1
2037        2646        1        1
2064        2646        1        1
2064        2672        1        1
2090        2672        1        1
2117        2699        1        1
2143        2699        1        1
2170        2725        1        1
2196        2752        1        1
2223        2778        1        1
2249        2778        1        1
2275        2805        1        1
2275        2831        1        1
2302        2831        1        1
2328        2858        1        1
2355        2884        1        1
2381        2884        1        1
2381        2910        1        1
2408        2937        1        1
2434        2937        1        1
2461        2963        1        1
2487        2990        1        1
2514        3016        1        1
2540        3043        1        1
2566        3069        1        1
2593        3096        1        1
2619        3122        1        1
2646        3149        1        1
2646        3175        1        1
2672        3201        1        1
2672        3228        1        1
2699        3228        1        1
2699        3254        1        1
2725        3281        1        1
2725        3307        1        1
2752        3334        1        1
2752        3360        1        1
2778        3387        1        1
2805        3413        1        1
2805        3440        1        1
2805        3466        1        1
2831        3493        1        1
2858        3519        1        1
2858        3545        1        1
2858        3572        1        1
2884        3572        1        1
2884        3598        1        1
2884        3625        1        1
2910        3625        1        1
2910        3651        1        1
2937        3651        1        1
2937        3678        1        1
2963        3678        1        1
2963        3704        1        1
2990        3704        1        1
3016        3731        1        1
3043        3731        1        1
3043        3704        1        1
3043        3678        1        1
3016        3651        1        1
3016        3625        1        1
2990        3598        1        1
2990        3572        1        1
PEN_UP                  0
PEN_DOWN
2143        1561        1        2
2117        1561        1        2
2117        1535        1        2
2117        1508        1        2
2117        1482        1        2
2117        1455        1        2
2117        1429        1        2
2117        1402        1        2
2090        1402        1        2
2090        1376        1        2
2064        1376        1        2
2064        1349        1        2
2037        1349        1        2
2011        1323        1        2
1984        1323        1        2
1958        1323        1        2
1931        1323        1        2
1905        1323        1        2
1879        1323        1        2
1852        1323        1        2
1826        1323        1        2
1799        1296        1        2
1773        1296        1        2
1746        1296        1        2
1720        1296        1        2
1693        1296        1        2
1667        1296        1        2
1640        1296        1        2
1614        1296        1        2
1588        1296        1        2
1561        1270        1        2
1535        1270        1        2
1508        1270        1        2
1482        1244        1        2
1455        1244        1        2
1429        1244        1        2
1402        1217        1        2
1376        1191        1        2
1349        1191        1        2
1323        1164        1        2
1296        1164        1        2
1270        1138        1        2
1244        1111        1        2
1217        1085        1        2
1191        1058        1        2
1164        1032        1        2
1138        1032        1        2
1111        1005        1        2
1111         979        1        2
1085         953        1        2
1085         926        1        2
1085         900        1        2
1058         873        1        2
1058         847        1        2
1058         820        1        2
1058         794        1        2
1085         794        1        2
1085         820        1        2
PEN_UP                  0
PEN_DOWN
1111        1640        1        3
1085        1640        1        3
1085        1667        1        3
1111        1667        1        3
1138        1667        1        3
1164        1667        1        3
1191        1667        1        3
1217        1667        1        3
1244        1667        1        3
1270        1667        1        3
1296        1667        1        3
1323        1667        1        3
1349        1667        1        3
1376        1667        1        3
1402        1667        1        3
1429        1667        1        3
1455        1667        1        3
1482        1667        1        3
1508        1667        1        3
1535        1667        1        3
1588        1640        1        3
1614        1640        1        3
1640        1640        1        3
1667        1640        1        3
1720        1640        1        3
1746        1640        1        3
1799        1640        1        3
1826        1640        1        3
1852        1640        1        3
1879        1640        1        3
1905        1640        1        3
1958        1640        1        3
1984        1640        1        3
2011        1640        1        3
2037        1640        1        3
2064        1640        1        3
2117        1640        1        3
2143        1640        1        3
2170        1640        1        3
2196        1640        1        3
2223        1640        1        3
2249        1640        1        3
2275        1640        1        3
2302        1640        1        3
2328        1640        1        3
2355        1640        1        3
2381        1640        1        3
2408        1614        1        3
2461        1614        1        3
2487        1614        1        3
2514        1614        1        3
2540        1614        1        3
2566        1614        1        3
2593        1614        1        3
2619        1614        1        3
2646        1614        1        3
2699        1614        1        3
2725        1614        1        3
2752        1614        1        3
2778        1614        1        3
2805        1614        1        3
2858        1614        1        3
2884        1614        1        3
2910        1614        1        3
2937        1614        1        3
2910        1614        1        3
2884        1614        1        3
PEN_UP                  0
END_CHARACTER: E
