CHARACTER_NAME: DHA
STROKE_COUNT: 1
  X           Y   STYLUS_STATE STROKE
PEN_DOWN
1720        1640        1        1
1746        1640        1        1
1773        1640        1        1
1773        1667        1        1
1773        1693        1        1
1746        1693        1        1
1720        1693        1        1
1720        1667        1        1
1693        1667        1        1
1720        1640        1        1
1720        1614        1        1
1746        1588        1        1
1773        1561        1        1
1799        1561        1        1
1826        1561        1        1
1852        1588        1        1
1852        1614        1        1
1852        1640        1        1
1826        1640        1        1
1826        1667        1        1
1799        1667        1        1
1799        1693        1        1
1773        1667        1        1
1746        1667        1        1
1746        1640        1        1
1773        1614        1        1
1773        1588        1        1
1799        1588        1        1
1826        1588        1        1
1826        1614        1        1
1852        1614        1        1
1852        1640        1        1
1852        1667        1        1
1826        1667        1        1
1826        1693        1        1
1799        1693        1        1
1773        1693        1        1
1773        1667        1        1
1773        1640        1        1
1799        1614        1        1
1826        1640        1        1
1826        1667        1        1
1826        1640        1        1
1826        1614        1        1
1799        1614        1        1
1773        1640        1        1
1746        1640        1        1
1720        1667        1        1
1693        1667        1        1
1693        1693        1        1
1667        1693        1        1
1640        1720        1        1
1640        1746        1        1
1640        1773        1        1
1614        1799        1        1
1614        1826        1        1
1614        1852        1        1
1614        1879        1        1
1614        1905        1        1
1614        1931        1        1
1614        1958        1        1
1614        1984        1        1
1614        2011        1        1
1614        2037        1        1
1640        2064        1        1
1640        2090        1        1
1640        2117        1        1
1667        2117        1        1
1667        2143        1        1
1667        2170        1        1
1693        2170        1        1
1693        2196        1        1
1720        2196        1        1
1720        2223        1        1
1746        2223        1        1
1773        2223        1        1
1773        2249        1        1
1799        2249        1        1
1826        2249        1        1
1852        2249        1        1
1879        2249        1        1
1905        2249        1        1
1931        2249        1        1
1958        2223        1        1
1984        2223        1        1
2011        2196        1        1
2037        2196        1        1
2064        2196        1        1
2064        2170        1        1
2090        2170        1        1
2117        2143        1        1
2143        2117        1        1
2170        2090        1        1
2196        2064        1        1
2223        2037        1        1
2249        2011        1        1
2249        1984        1        1
2275        1984        1        1
2275        1958        1        1
2302        1958        1        1
2302        1931        1        1
2328        1905        1        1
2355        1879        1        1
2381        1879        1        1
2381        1852        1        1
2408        1852        1        1
2434        1826        1        1
2434        1799        1        1
2461        1799        1        1
2434        1826        1        1
2408        1852        1        1
2381        1852        1        1
2381        1879        1        1
2355        1905        1        1
2328        1931        1        1
2302        1958        1        1
2275        1984        1        1
2275        2011        1        1
2249        2011        1        1
2249        2037        1        1
2223        2064        1        1
2196        2090        1        1
2196        2117        1        1
2170        2143        1        1
2143        2170        1        1
2143        2196        1        1
2117        2196        1        1
2117        2223        1        1
2117        2249        1        1
2090        2249        1        1
2090        2275        1        1
2064        2302        1        1
2037        2328        1        1
2037        2355        1        1
2011        2381        1        1
1984        2408        1        1
1984        2434        1        1
1958        2434        1        1
1958        2461        1        1
1931        2487        1        1
1931        2514        1        1
1905        2514        1        1
1879        2540        1        1
1852        2566        1        1
1826        2593        1        1
1799        2619        1        1
1773        2646        1        1
1746        2646        1        1
1746        2672        1        1
1720        2672        1        1
1720        2699        1        1
1693        2699        1        1
1693        2725        1        1
1667        2725        1        1
1693        2725        1        1
1720        2725        1        1
1746        2725        1        1
1773        2725        1        1
1799        2725        1        1
1826        2752        1        1
1852        2752        1        1
1879        2752        1        1
1905        2752        1        1
1931        2752        1        1
1958        2778        1        1
1984        2778        1        1
2011        2805        1        1
2037        2831        1        1
2064        2831        1        1
2090        2858        1        1
2117        2884        1        1
2143        2884        1        1
2143        2910        1        1
2170        2937        1        1
2196        2963        1        1
2223        2990        1        1
2249        3016        1        1
2275        3043        1        1
2302        3069        1        1
2328        3096        1        1
2355        3122        1        1
2381        3149        1        1
2408        3175        1        1
2434        3201        1        1
2461        3228        1        1
2487        3254        1        1
2514        3281        1        1
2514        3307        1        1
2540        3334        1        1
2540        3360        1        1
2566        3387        1        1
2593        3387        1        1
2593        3413        1        1
2593        3440        1        1
2593        3413        1        1
2593        3387        1        1
2593        3360        1        1
2593        3334        1        1
2566        3334        1        1
2566        3307        1        1
2566        3281        1        1
2566        3254        1        1
2566        3228        1        1
2566        3201        1        1
2566        3175        1        1
2566        3149        1        1
2566        3122        1        1
2566        3096        1        1
2566        3069        1        1
2566        3043        1        1
2540        3043        1        1
2540        3016        1        1
2540        2990        1        1
2540        2963        1        1
2540        2937        1        1
2540        2910        1        1
2540        2884        1        1
2540        2858        1        1
2540        2831        1        1
2540        2805        1        1
2540        2778        1        1
2540        2752        1        1
2540        2725        1        1
2540        2699        1        1
2540        2672        1        1
2540        2646        1        1
2540        2619        1        1
2540        2593        1        1
2514        2593        1        1
2514        2566        1        1
2514        2540        1        1
2540        2540        1        1
2540        2514        1        1
2514        2514        1        1
2514        2487        1        1
2514        2461        1        1
2514        2434        1        1
2514        2408        1        1
2514        2381        1        1
2514        2355        1        1
2514        2328        1        1
2514        2302        1        1
2514        2275        1        1
2514        2249        1        1
2514        2223        1        1
2514        2196        1        1
2514        2170        1        1
2514        2143        1        1
2514        2117        1        1
2514        2090        1        1
2514        2064        1        1
2514        2037        1        1
2514        2011        1        1
2514        1984        1        1
2514        1958        1        1
2514        1931        1        1
2514        1905        1        1
2514        1879        1        1
2514        1852        1        1
2514        1826        1        1
2514        1799        1        1
2514        1773        1        1
2514        1746        1        1
2514        1720        1        1
2514        1693        1        1
2514        1667        1        1
2514        1640        1        1
2514        1614        1        1
2514        1588        1        1
2514        1561        1        1
2514        1535        1        1
2514        1508        1        1
2540        1508        1        1
2566        1508        1        1
2593        1508        1        1
2646        1508        1        1
2672        1482        1        1
2725        1482        1        1
2778        1482        1        1
2805        1482        1        1
2858        1482        1        1
2884        1482        1        1
2937        1482        1        1
2963        1482        1        1
2990        1508        1        1
3016        1482        1        1
3043        1482        1        1
3069        1482        1        1
3096        1482        1        1
3122        1482        1        1
3096        1508        1        1
3069        1482        1        1
3043        1482        1        1
PEN_UP                  0
END_CHARACTER: DHA
