CHARACTER_NAME: NA
STROKE_COUNT: 2
  X           Y   STYLUS_STATE STROKE
PEN_DOWN
2434        1773        1        1
2408        1773        1        1
2408        1746        1        1
2408        1720        1        1
2408        1693        1        1
2381        1693        1        1
2381        1667        1        1
2381        1640        1        1
2381        1667        1        1
2381        1693        1        1
2381        1720        1        1
2381        1746        1        1
2381        1773        1        1
2381        1799        1        1
2381        1826        1        1
2381        1852        1        1
2381        1879        1        1
2381        1905        1        1
2381        1958        1        1
2408        1984        1        1
2408        2011        1        1
2408        2037        1        1
2408        2090        1        1
2408        2117        1        1
2408        2143        1        1
2408        2170        1        1
2408        2223        1        1
2434        2249        1        1
2434        2275        1        1
2434        2328        1        1
2434        2355        1        1
2461        2381        1        1
2461        2408        1        1
2461        2461        1        1
2461        2487        1        1
2461        2514        1        1
2461        2540        1        1
2487        2593        1        1
2487        2619        1        1
2487        2646        1        1
2487        2672        1        1
2487        2699        1        1
2487        2725        1        1
2487        2752        1        1
2487        2778        1        1
2514        2805        1        1
2514        2831        1        1
2514        2858        1        1
2514        2884        1        1
2514        2910        1        1
2514        2937        1        1
2514        2963        1        1
2514        2937        1        1
2514        2910        1        1
2514        2884        1        1
2514        2858        1        1
2514        2831        1        1
2514        2805        1        1
2514        2778        1        1
2514        2752        1        1
2514        2725        1        1
2514        2699        1        1
2514        2672        1        1
2514        2646        1        1
2514        2619        1        1
2514        2593        1        1
2487        2593        1        1
2487        2566        1        1
2487        2540        1        1
2487        2514        1        1
2461        2487        1        1
2461        2461        1        1
2461        2434        1        1
2434        2434        1        1
2434        2408        1        1
2434        2381        1        1
2408        2381        1        1
2408        2355        1        1
2381        2328        1        1
2381        2302        1        1
2355        2302        1        1
2355        2275        1        1
2328        2249        1        1
2302        2249        1        1
2302        2223        1        1
2275        2223        1        1
2249        2196        1        1
2223        2196        1        1
2196        2196        1        1
2170        2196        1        1
2143        2196        1        1
2117        2196        1        1
2090        2223        1        1
2064        2223        1        1
2037        2223        1        1
2011        2223        1        1
2011        2249        1        1
1984        2249        1        1
1958        2249        1        1
1958        2275        1        1
1931        2275        1        1
1905        2302        1        1
1879        2302        1        1
1879        2328        1        1
1852        2328        1        1
1852        2355        1        1
1826        2355        1        1
1826        2381        1        1
1799        2408        1        1
1773        2434        1        1
1773        2461        1        1
1746        2461        1        1
1746        2487        1        1
1746        2514        1        1
1746        2540        1        1
1746        2566        1        1
1746        2593        1        1
1773        2593        1        1
1773        2619        1        1
1799        2646        1        1
1826        2646        1        1
1826        2672        1        1
1852        2672        1        1
1879        2672        1        1
1905        2672        1        1
1931        2672        1        1
1958        2672        1        1
1984        2672        1        1
2011        2646        1        1
2037        2646        1        1
2037        2619        1        1
2064        2619        1        1
2064        2593        1        1
2090        2566        1        1
2090        2540        1        1
2090        2514        1        1
2090        2487        1        1
2090        2461        1        1
2064        2461        1        1
2064        2434        1        1
2037        2434        1        1
2037        2408        1        1
2011        2408        1        1
1984        2408        1        1
1958        2408        1        1
1958        2381        1        1
1931        2381        1        1
1905        2381        1        1
1879        2381        1        1
1852        2381        1        1
1852        2355        1        1
1879        2328        1        1
PEN_UP                  0
PEN_DOWN
2223        1561        1        2
2223        1588        1        2
2196        1588        1        2
2223        1588        1        2
2249        1588        1        2
2275        1588        1        2
2302        1588        1        2
2355        1588        1        2
2381        1588        1        2
2434        1588        1        2
2487        1588        1        2
2540        1588        1        2
2593        1588        1        2
2646        1588        1        2
2699        1588        1        2
2752        1588        1        2
2778        1588        1        2
2831        1588        1        2
2858        1588        1        2
2884        1588        1        2
2910        1588        1        2
2937        1588        1        2
2963        1588        1        2
2990        1588        1        2
2963        1588        1        2
2937        1561        1        2
PEN_UP                  0
END_CHARACTER: NA
