CHARACTER_NAME: PA
STROKE_COUNT: 2
  X           Y   STYLUS_STATE STROKE
PEN_DOWN
1349        1984        1        1
1323        1984        1        1
1323        1958        1        1
1349        1958        1        1
1349        1931        1        1
1376        1931        1        1
1402        1905        1        1
1429        1879        1        1
1455        1879        1        1
1482        1879        1        1
1508        1852        1        1
1535        1852        1        1
1588        1826        1        1
1614        1826        1        1
1640        1826        1        1
1667        1799        1        1
1720        1799        1        1
1746        1826        1        1
1773        1826        1        1
1799        1826        1        1
1826        1826        1        1
1852        1826        1        1
1879        1826        1        1
1905        1852        1        1
1931        1852        1        1
1958        1852        1        1
1984        1852        1        1
2011        1879        1        1
2037        1879        1        1
2064        1879        1        1
2090        1905        1        1
2117        1905        1        1
2143        1905        1        1
2170        1931        1        1
2170        1958        1        1
2196        1958        1        1
2196        1984        1        1
2223        2011        1        1
2223        2037        1        1
2249        2064        1        1
2249        2090        1        1
2249        2117        1        1
2275        2143        1        1
2275        2170        1        1
2275        2196        1        1
2275        2223        1        1
2275        2249        1        1
2275        2275        1        1
2275        2302        1        1
2275        2328        1        1
2275        2302        1        1
2275        2275        1        1
2275        2249        1        1
2275        2223        1        1
2275        2196        1        1
2249        2196        1        1
2249        2170        1        1
2223        2170        1        1
2196        2170        1        1
2170        2170        1        1
2143        2170        1        1
2117        2170        1        1
2090        2196        1        1
2064        2196        1        1
2037        2196        1        1
2011        2223        1        1
1984        2223        1        1
1958        2249        1        1
1931        2249        1        1
1905        2275        1        1
1879        2302        1        1
1852        2302        1        1
1852        2328        1        1
1826        2328        1        1
1799        2355        1        1
1773        2381        1        1
1746        2408        1        1
1720        2434        1        1
1693        2461        1        1
1667        2487        1        1
1667        2514        1        1
1640        2540        1        1
1614        2540        1        1
1614        2566        1        1
1588        2593        1        1
1588        2619        1        1
1561        2646        1        1
1561        2672        1        1
1561        2646        1        1
1588        2646        1        1
1588        2619        1        1
1614        2619        1        1
1614        2593        1        1
1614        2566        1        1
1640        2566        1        1
1640        2540        1        1
1667        2540        1        1
1667        2514        1        1
1693        2487        1        1
1693        2461        1        1
1720        2461        1        1
1720        2434        1        1
1720        2408        1        1
1746        2381        1        1
1746        2355        1        1
1746        2328        1        1
1773        2302        1        1
1773        2275        1        1
1773        2249        1        1
1799        2223        1        1
1799        2196        1        1
1799        2170        1        1
1799        2143        1        1
1799        2117        1        1
1799        2090        1        1
1799        2064        1        1
1773        2037        1        1
1773        2011        1        1
1773        1984        1        1
1746        1958        1        1
1746        1931        1        1
1720        1931        1        1
1720        1905        1        1
1693        1905        1        1
1667        1879        1        1
1640        1879        1        1
1614        1852        1        1
1588        1852        1        1
1588        1826        1        1
1561        1826        1        1
1588        1826        1        1
1588        1852        1        1
1614        1852        1        1
PEN_UP                  0
PEN_DOWN
2514        1773        1        2
2487        1773        1        2
2487        1746        1        2
2461        1746        1        2
2434        1720        1        2
2408        1720        1        2
2408        1693        1        2
2381        1693        1        2
2355        1693        1        2
2355        1667        1        2
2328        1667        1        2
2328        1640        1        2
2302        1640        1        2
2275        1614        1        2
2275        1640        1        2
2302        1667        1        2
2302        1693        1        2
2302        1720        1        2
2302        1746        1        2
2302        1773        1        2
2302        1799        1        2
2302        1852        1        2
2302        1905        1        2
2302        1931        1        2
2302        2011        1        2
2302        2064        1        2
2275        2117        1        2
2275        2170        1        2
2275        2249        1        2
2275        2302        1        2
2275        2381        1        2
2275        2434        1        2
2275        2514        1        2
2249        2566        1        2
2249        2646        1        2
2249        2699        1        2
2249        2752        1        2
2249        2805        1        2
2249        2884        1        2
2249        2937        1        2
2249        2990        1        2
2275        3069        1        2
2275        3122        1        2
2275        3201        1        2
2275        3254        1        2
2275        3307        1        2
2275        3360        1        2
2275        3413        1        2
2275        3440        1        2
2275        3466        1        2
2275        3493        1        2
2275        3519        1        2
2275        3545        1        2
2275        3572        1        2
2275        3545        1        2
2275        3519        1        2
2275        3493        1        2
2275        3466        1        2
2275        3440        1        2
2275        3413        1        2
2275        3360        1        2
PEN_UP                  0
END_CHARACTER: PA
