CHARACTER_NAME: PHA
STROKE_COUNT: 2
  X           Y   STYLUS_STATE STROKE
PEN_DOWN
1191        1535        1        1
1217        1535        1        1
1244        1535        1        1
1270        1535        1        1
1270        1508        1        1
1296        1508        1        1
1323        1508        1        1
1349        1508        1        1
1376        1508        1        1
1402        1508        1        1
1429        1508        1        1
1455        1508        1        1
1482        1508        1        1
1508        1508        1        1
1535        1508        1        1
1561        1508        1        1
1588        1508        1        1
1588        1482        1        1
1614        1482        1        1
1640        1482        1        1
1667        1482        1        1
1693        1482        1        1
1720        1482        1        1
1746        1482        1        1
1773        1482        1        1
1799        1482        1        1
1826        1482        1        1
1852        1482        1        1
1879        1482        1        1
1905        1482        1        1
1931        1482        1        1
1958        1482        1        1
1984        1455        1        1
2011        1455        1        1
2037        1455        1        1
2064        1455        1        1
2090        1455        1        1
2117        1455        1        1
2143        1455        1        1
2170        1455        1        1
2196        1455        1        1
2223        1455        1        1
2249        1455        1        1
2275        1455        1        1
2302        1455        1        1
2328        1455        1        1
2355        1455        1        1
2381        1455        1        1
2408        1455        1        1
2434        1455        1        1
2461        1455        1        1
2487        1482        1        1
2514        1482        1        1
2540        1482        1        1
2566        1482        1        1
2593        1482        1        1
2619        1482        1        1
2619        1455        1        1
2593        1455        1        1
PEN_UP                  0
PEN_DOWN
1720        1508        1        2
1720        1535        1        2
1693        1535        1        2
1667        1535        1        2
1667        1561        1        2
1640        1561        1        2
1667        1561        1        2
1693        1588        1        2
1720        1588        1        2
1720        1614        1        2
1746        1614        1        2
1773        1640        1        2
1799        1640        1        2
1826        1667        1        2
1852        1667        1        2
1879        1693        1        2
1905        1693        1        2
1905        1720        1        2
1931        1720        1        2
1931        1746        1        2
1958        1746        1        2
1958        1773        1        2
1984        1773        1        2
1984        1799        1        2
2011        1799        1        2
2011        1826        1        2
2037        1826        1        2
2037        1852        1        2
2064        1852        1        2
2064        1879        1        2
2090        1879        1        2
2090        1905        1        2
2117        1905        1        2
2117        1931        1        2
2143        1958        1        2
2170        1984        1        2
2170        2011        1        2
2196        2011        1        2
2170        2037        1        2
2170        2064        1        2
2143        2064        1        2
2143        2090        1        2
2117        2090        1        2
2117        2117        1        2
2090        2117        1        2
2064        2143        1        2
2037        2170        1        2
2011        2170        1        2
2011        2196        1        2
1984        2196        1        2
1984        2223        1        2
1958        2223        1        2
1931        2223        1        2
1931        2249        1        2
1905        2249        1        2
1879        2275        1        2
1852        2275        1        2
1852        2302        1        2
1826        2302        1        2
1799        2328        1        2
1773        2355        1        2
1746        2355        1        2
1720        2381        1        2
1693        2408        1        2
1667        2408        1        2
1667        2434        1        2
1640        2434        1        2
1614        2461        1        2
1588        2461        1        2
1561        2487        1        2
1535        2514        1        2
1508        2514        1        2
1535        2514        1        2
1561        2514        1        2
1588        2514        1        2
1614        2514        1        2
1640        2514        1        2
1667        2514        1        2
1693        2514        1        2
1720        2514        1        2
1720        2540        1        2
1746        2540        1        2
1773        2540        1        2
1799        2566        1        2
1826        2566        1        2
1852        2566        1        2
1879        2593        1        2
1905        2593        1        2
1931        2593        1        2
1931        2619        1        2
1958        2619        1        2
1984        2646        1        2
2011        2672        1        2
2037        2672        1        2
2064        2699        1        2
2090        2699        1        2
2117        2725        1        2
2143        2752        1        2
2170        2752        1        2
2196        2778        1        2
2196        2805        1        2
2223        2805        1        2
2249        2831        1        2
2275        2858        1        2
2302        2884        1        2
2328        2910        1        2
2328        2937        1        2
2355        2963        1        2
2381        2990        1        2
2408        3016        1        2
2408        3043        1        2
2434        3069        1        2
2461        3096        1        2
2487        3122        1        2
2487        3175        1        2
2514        3201        1        2
2540        3228        1        2
2566        3281        1        2
2593        3307        1        2
2593        3334        1        2
2619        3387        1        2
2646        3413        1        2
2672        3440        1        2
2699        3466        1        2
2699        3493        1        2
2725        3519        1        2
2725        3545        1        2
2752        3572        1        2
2752        3598        1        2
2778        3625        1        2
2805        3651        1        2
2805        3678        1        2
2831        3678        1        2
2831        3704        1        2
2831        3678        1        2
2805        3678        1        2
2805        3651        1        2
2805        3625        1        2
2778        3625        1        2
2778        3598        1        2
2778        3572        1        2
2752        3545        1        2
2752        3519        1        2
2752        3493        1        2
2752        3466        1        2
2752        3440        1        2
2725        3413        1        2
2725        3387        1        2
2725        3360        1        2
2725        3334        1        2
2725        3307        1        2
2725        3281        1        2
2725        3254        1        2
2699        3254        1        2
2699        3228        1        2
2699        3201        1        2
2699        3175        1        2
2699        3149        1        2
2699        3122        1        2
2672        3096        1        2
2672        3069        1        2
2672        3043        1        2
2672        3016        1        2
2672        2990        1        2
2672        2963        1        2
2672        2937        1        2
2646        2937        1        2
2646        2910        1        2
2646        2884        1        2
2646        2858        1        2
2646        2831        1        2
2619        2831        1        2
2619        2805        1        2
2619        2778        1        2
2619        2752        1        2
2619        2725        1        2
2593        2699        1        2
2593        2672        1        2
2593        2646        1        2
2566        2619        1        2
2566        2593        1        2
2566        2566        1        2
2566        2540        1        2
2566        2514        1        2
2566        2487        1        2
2566        2461        1        2
2566        2434        1        2
2566        2408        1        2
2566        2381        1        2
2566        2355        1        2
2566        2328        1        2
2566        2302        1        2
2566        2275        1        2
2566        2249        1        2
2566        2223        1        2
2566        2196        1        2
2566        2170        1        2
2566        2143        1        2
2566        2117        1        2
2566        2090        1        2
2566        2064        1        2
2566        2037        1        2
2593        2037        1        2
2566        2011        1        2
2566        1984        1        2
2566        1958        1        2
2566        1984        1        2
2593        1984        1        2
2593        2011        1        2
2566        2011        1        2
2593        1984        1        2
2566        1984        1        2
2566        1958        1        2
2593        1958        1        2
2593        1931        1        2
2619        1931        1        2
2619        1958        1        2
2646        1958        1        2
2646        1984        1        2
2619        1984        1        2
2593        1984        1        2
2593        1958        1        2
2619        1958        1        2
2619        1931        1        2
2646        1905        1        2
2672        1905        1        2
2672        1879        1        2
2699        1879        1        2
2725        1879        1        2
2752        1879        1        2
2778        1879        1        2
2805        1879        1        2
2831        1879        1        2
2858        1879        1        2
2884        1879        1        2
2910        1905        1        2
2937        1905        1        2
2963        1905        1        2
2963        1931        1        2
2990        1931        1        2
3016        1931        1        2
3016        1958        1        2
3043        1984        1        2
3043        2011        1        2
3069        2037        1        2
3069        2064        1        2
3096        2090        1        2
3096        2117        1        2
3096        2143        1        2
3096        2170        1        2
3122        2170        1        2
3122        2196        1        2
3122        2223        1        2
3122        2249        1        2
3122        2275        1        2
3122        2302        1        2
3122        2328        1        2
3122        2355        1        2
3122        2381        1        2
3122        2408        1        2
3096        2434        1        2
3096        2461        1        2
3096        2487        1        2
3069        2487        1        2
3069        2514        1        2
3069        2540        1        2
3043        2540        1        2
3043        2566        1        2
3016        2566        1        2
2990        2593        1        2
2963        2593        1        2
2937        2593        1        2
2910        2566        1        2
2884        2566        1        2
2858        2540        1        2
2831        2540        1        2
2831        2514        1        2
2831        2487        1        2
2831        2461        1        2
2858        2461        1        2
2858        2434        1        2
2884        2434        1        2
2884        2408        1        2
2910        2408        1        2
2910        2381        1        2
2937        2408        1        2
2963        2408        1        2
2963        2434        1        2
2990        2434        1        2
2963        2461        1        2
2937        2461        1        2
2937        2434        1        2
PEN_UP                  0
END_CHARACTER: PHA
