CHARACTER_NAME: BA
STROKE_COUNT: 2
  X           Y   STYLUS_STATE STROKE
PEN_DOWN
2170        1852        1        1
2196        1852        1        1
2170        1852        1        1
2143        1879        1        1
2143        1905        1        1
2117        1905        1        1
2117        1931        1        1
2090        1958        1        1
2064        1984        1        1
2037        2011        1        1
2011        2037        1        1
1984        2090        1        1
1958        2143        1        1
1931        2170        1        1
1879        2223        1        1
1852        2249        1        1
1826        2302        1        1
1773        2328        1        1
1746        2381        1        1
1693        2408        1        1
1667        2434        1        1
1614        2487        1        1
1588        2514        1        1
1561        2540        1        1
1535        2566        1        1
1482        2593        1        1
1482        2619        1        1
1455        2619        1        1
1429        2646        1        1
1402        2646        1        1
1402        2672        1        1
1429        2646        1        1
1455        2646        1        1
1482        2646        1        1
1508        2646        1        1
1535        2646        1        1
1588        2646        1        1
1614        2646        1        1
1640        2646        1        1
1693        2646        1        1
1720        2646        1        1
1773        2672        1        1
1799        2672        1        1
1826        2699        1        1
1879        2725        1        1
1905        2752        1        1
1931        2778        1        1
1958        2805        1        1
1984        2831        1        1
2011        2884        1        1
2037        2910        1        1
2064        2963        1        1
2090        2990        1        1
2117        3043        1        1
2143        3096        1        1
2143        3149        1        1
2170        3175        1        1
2170        3228        1        1
2196        3254        1        1
2196        3281        1        1
2223        3307        1        1
2223        3334        1        1
2223        3360        1        1
2223        3334        1        1
2223        3307        1        1
2223        3281        1        1
2223        3254        1        1
2196        3201        1        1
2196        3175        1        1
2196        3122        1        1
2196        3096        1        1
2196        3043        1        1
2196        3016        1        1
2196        2963        1        1
2196        2910        1        1
2196        2884        1        1
2170        2831        1        1
2170        2805        1        1
2170        2752        1        1
2170        2725        1        1
2170        2672        1        1
2170        2646        1        1
2170        2619        1        1
2170        2593        1        1
2170        2540        1        1
2170        2514        1        1
2170        2487        1        1
2170        2461        1        1
2170        2434        1        1
2170        2408        1        1
2170        2381        1        1
2170        2355        1        1
2170        2328        1        1
2170        2302        1        1
2143        2275        1        1
2143        2249        1        1
2143        2196        1        1
2143        2170        1        1
2143        2143        1        1
2143        2117        1        1
2143        2064        1        1
2117        2037        1        1
2117        2011        1        1
2117        1984        1        1
2117        1958        1        1
2117        1931        1        1
2117        1905        1        1
2117        1879        1        1
2117        1852        1        1
2117        1826        1        1
2117        1799        1        1
2117        1773        1        1
2117        1746        1        1
2117        1720        1        1
2117        1693        1        1
2117        1667        1        1
2117        1640        1        1
2117        1614        1        1
2117        1588        1        1
2117        1561        1        1
PEN_UP                  0
PEN_DOWN
1244        1693        1        2
1270        1693        1        2
1296        1667        1        2
1323        1667        1        2
1376        1667        1        2
1429        1667        1        2
1508        1640        1        2
1588        1640        1        2
1667        1614        1        2
1746        1614        1        2
1826        1588        1        2
1931        1588        1        2
2011        1561        1        2
2090        1561        1        2
2170        1561        1        2
2249        1535        1        2
2328        1535        1        2
2408        1535        1        2
2487        1535        1        2
2540        1535        1        2
2619        1508        1        2
2672        1508        1        2
2725        1508        1        2
2778        1508        1        2
2805        1482        1        2
2858        1482        1        2
2884        1482        1        2
2910        1455        1        2
2937        1455        1        2
2963        1455        1        2
2937        1455        1        2
PEN_UP                  0
END_CHARACTER: BA
