CHARACTER_NAME: BHA
STROKE_COUNT: 2
  X           Y   STYLUS_STATE STROKE
PEN_DOWN
2275        2196        1        1
2275        2170        1        1
2249        2170        1        1
2249        2143        1        1
2249        2117        1        1
2275        2117        1        1
2275        2143        1        1
2302        2143        1        1
2302        2170        1        1
2302        2196        1        1
2275        2196        1        1
2249        2196        1        1
2249        2170        1        1
2223        2143        1        1
2223        2117        1        1
2223        2090        1        1
2223        2064        1        1
2223        2037        1        1
2223        2011        1        1
2249        1984        1        1
2275        1984        1        1
2302        1984        1        1
2302        2011        1        1
2328        2037        1        1
2355        2064        1        1
2355        2090        1        1
2355        2117        1        1
2355        2143        1        1
2328        2143        1        1
2302        2170        1        1
2275        2170        1        1
2249        2143        1        1
2223        2143        1        1
2223        2117        1        1
2196        2090        1        1
2196        2064        1        1
2223        2064        1        1
2223        2037        1        1
2223        2011        1        1
2249        2011        1        1
2275        2011        1        1
2302        1984        1        1
2328        1984        1        1
2355        2011        1        1
2381        2011        1        1
2408        2011        1        1
2408        2037        1        1
2434        2037        1        1
2434        2064        1        1
2434        2090        1        1
2408        2090        1        1
2408        2117        1        1
2381        2117        1        1
2381        2143        1        1
2355        2143        1        1
2328        2143        1        1
2302        2117        1        1
2275        2117        1        1
2275        2090        1        1
2275        2064        1        1
2302        2037        1        1
2302        2011        1        1
2328        2011        1        1
2328        2037        1        1
2355        2037        1        1
2355        2064        1        1
2381        2064        1        1
2381        2090        1        1
2355        2117        1        1
2355        2143        1        1
2328        2143        1        1
2328        2170        1        1
2302        2170        1        1
2302        2143        1        1
2275        2143        1        1
2275        2117        1        1
2275        2090        1        1
2275        2064        1        1
2302        2064        1        1
2302        2037        1        1
2328        2037        1        1
2355        2037        1        1
2381        2037        1        1
2381        2011        1        1
2408        2011        1        1
2408        1984        1        1
2434        1984        1        1
2434        1958        1        1
2408        1958        1        1
2381        1958        1        1
2355        1958        1        1
2328        1958        1        1
2328        1984        1        1
2302        1984        1        1
2275        2011        1        1
2249        2037        1        1
2249        2064        1        1
2223        2064        1        1
2223        2090        1        1
2223        2117        1        1
2223        2143        1        1
2196        2170        1        1
2196        2196        1        1
2196        2223        1        1
2196        2249        1        1
2196        2275        1        1
2196        2302        1        1
2196        2328        1        1
2196        2355        1        1
2223        2355        1        1
2223        2381        1        1
2223        2408        1        1
2249        2408        1        1
2249        2434        1        1
2275        2434        1        1
2275        2461        1        1
2302        2461        1        1
2302        2487        1        1
2328        2487        1        1
2355        2487        1        1
2355        2514        1        1
2381        2514        1        1
2408        2514        1        1
2434        2540        1        1
2461        2540        1        1
2487        2540        1        1
2514        2540        1        1
2540        2540        1        1
2566        2540        1        1
2593        2540        1        1
2619        2540        1        1
2646        2540        1        1
2672        2540        1        1
2699        2540        1        1
2725        2514        1        1
2752        2514        1        1
2778        2514        1        1
2805        2514        1        1
2831        2514        1        1
2831        2487        1        1
2858        2487        1        1
2884        2487        1        1
2910        2487        1        1
2937        2461        1        1
2963        2461        1        1
2990        2434        1        1
3016        2408        1        1
3043        2381        1        1
3069        2355        1        1
3096        2328        1        1
3096        2302        1        1
3122        2302        1        1
3122        2275        1        1
3149        2275        1        1
3149        2249        1        1
3149        2223        1        1
3149        2196        1        1
3149        2170        1        1
3149        2143        1        1
3149        2170        1        1
3149        2196        1        1
3149        2223        1        1
3149        2249        1        1
3149        2275        1        1
3149        2302        1        1
3122        2328        1        1
3122        2355        1        1
3122        2381        1        1
3122        2408        1        1
3096        2408        1        1
3096        2434        1        1
3096        2461        1        1
3096        2487        1        1
3069        2514        1        1
3069        2540        1        1
3069        2566        1        1
3043        2593        1        1
3043        2619        1        1
3043        2646        1        1
3043        2672        1        1
3016        2672        1        1
3016        2699        1        1
3016        2725        1        1
2990        2752        1        1
2990        2778        1        1
2963        2805        1        1
2963        2831        1        1
2937        2831        1        1
2937        2858        1        1
2910        2884        1        1
2884        2884        1        1
2884        2910        1        1
2858        2910        1        1
2831        2937        1        1
2805        2963        1        1
2778        2963        1        1
2778        2990        1        1
2725        2990        1        1
2725        3016        1        1
2699        3016        1        1
2672        3043        1        1
2646        3043        1        1
2619        3069        1        1
2593        3069        1        1
2566        3069        1        1
2540        3096        1        1
2514        3096        1        1
2487        3096        1        1
2461        3122        1        1
2434        3122        1        1
2408        3122        1        1
2381        3122        1        1
2355        3122        1        1
2328        3122        1        1
2302        3122        1        1
2275        3096        1        1
2249        3096        1        1
2223        3096        1        1
2223        3069        1        1
2196        3069        1        1
2170        3069        1        1
2170        3043        1        1
2143        3043        1        1
2117        3043        1        1
2090        3016        1        1
2064        2990        1        1
2037        2990        1        1
2037        2963        1        1
2011        2963        1        1
1984        2937        1        1
1958        2910        1        1
1931        2884        1        1
1905        2858        1        1
1905        2831        1        1
1879        2805        1        1
1879        2778        1        1
1852        2752        1        1
1852        2725        1        1
1826        2699        1        1
1826        2672        1        1
1826        2646        1        1
1799        2593        1        1
1799        2566        1        1
1799        2514        1        1
1773        2487        1        1
1773        2434        1        1
1746        2408        1        1
1746        2355        1        1
1746        2302        1        1
1746        2249        1        1
1720        2223        1        1
1720        2170        1        1
1720        2117        1        1
1693        2090        1        1
1693        2037        1        1
1693        1984        1        1
1667        1958        1        1
1667        1931        1        1
1667        1879        1        1
1667        1852        1        1
1640        1826        1        1
1640        1799        1        1
1640        1773        1        1
1640        1746        1        1
1640        1720        1        1
1640        1693        1        1
1640        1667        1        1
PEN_UP                  0
PEN_DOWN
2223        1535        1        2
2196        1535        1        2
2170        1535        1        2
2170        1561        1        2
2143        1561        1        2
2117        1561        1        2
2090        1561        1        2
2090        1588        1        2
2117        1588        1        2
2143        1588        1        2
2170        1588        1        2
2196        1588        1        2
2223        1561        1        2
2249        1561        1        2
2275        1561        1        2
2328        1561        1        2
2355        1561        1        2
2408        1561        1        2
2461        1561        1        2
2487        1561        1        2
2540        1561        1        2
2593        1561        1        2
2646        1561        1        2
2699        1535        1        2
2752        1535        1        2
2805        1535        1        2
2858        1535        1        2
2910        1535        1        2
2963        1535        1        2
3016        1508        1        2
3043        1508        1        2
3096        1508        1        2
3122        1508        1        2
3175        1508        1        2
3201        1508        1        2
3228        1508        1        2
3254        1508        1        2
3281        1508        1        2
3307        1508        1        2
PEN_UP                  0
END_CHARACTER: BHA
