CHARACTER_NAME: MA
STROKE_COUNT: 2
  X           Y   STYLUS_STATE STROKE
PEN_DOWN
1852        1323        1        1
1879        1323        1        1
1852        1349        1        1
1826        1349        1        1
1799        1349        1        1
1799        1376        1        1
1773        1376        1        1
1746        1402        1        1
1720        1402        1        1
1693        1429        1        1
1667        1455        1        1
1640        1455        1        1
1640        1482        1        1
1614        1482        1        1
1614        1508        1        1
1614        1535        1        1
1588        1535        1        1
1588        1561        1        1
1614        1561        1        1
1614        1588        1        1
1614        1614        1        1
1640        1640        1        1
1640        1667        1        1
1667        1667        1        1
1667        1693        1        1
1693        1693        1        1
1693        1720        1        1
1720        1720        1        1
1720        1746        1        1
1746        1746        1        1
1746        1773        1        1
1773        1773        1        1
1773        1799        1        1
1799        1799        1        1
1826        1826        1        1
1852        1852        1        1
1879        1852        1        1
1879        1879        1        1
1905        1879        1        1
1931        1905        1        1
1958        1931        1        1
1984        1958        1        1
1984        1984        1        1
2011        1984        1        1
2011        2011        1        1
2011        2037        1        1
2011        2064        1        1
2037        2090        1        1
2011        2117        1        1
2011        2143        1        1
2011        2170        1        1
1984        2170        1        1
1984        2196        1        1
1984        2223        1        1
1958        2249        1        1
1958        2275        1        1
1958        2302        1        1
1931        2302        1        1
1931        2328        1        1
1905        2355        1        1
1879        2381        1        1
1852        2408        1        1
1852        2434        1        1
1826        2434        1        1
1799        2461        1        1
1773        2487        1        1
1746        2487        1        1
1746        2514        1        1
1720        2514        1        1
1693        2514        1        1
1667        2514        1        1
1640        2514        1        1
1614        2514        1        1
1588        2514        1        1
1561        2514        1        1
1535        2487        1        1
1508        2487        1        1
1508        2461        1        1
1482        2461        1        1
1482        2434        1        1
1482        2408        1        1
1508        2381        1        1
1508        2355        1        1
1535        2355        1        1
1535        2328        1        1
1561        2328        1        1
1561        2302        1        1
1588        2302        1        1
1614        2275        1        1
1640        2275        1        1
1667        2249        1        1
1693        2249        1        1
1720        2249        1        1
1746        2249        1        1
1773        2223        1        1
1799        2249        1        1
1826        2249        1        1
1852        2249        1        1
1879        2249        1        1
1905        2249        1        1
1931        2249        1        1
1958        2249        1        1
1984        2275        1        1
2011        2275        1        1
2037        2302        1        1
2064        2302        1        1
2064        2328        1        1
2090        2328        1        1
2117        2355        1        1
2117        2381        1        1
2143        2381        1        1
2170        2408        1        1
2170        2434        1        1
2196        2461        1        1
2223        2487        1        1
2249        2514        1        1
2275        2540        1        1
2275        2566        1        1
2302        2593        1        1
2328        2619        1        1
2328        2646        1        1
2355        2672        1        1
2381        2699        1        1
2408        2725        1        1
2408        2752        1        1
2434        2778        1        1
2461        2778        1        1
2461        2805        1        1
2487        2831        1        1
2514        2858        1        1
2514        2884        1        1
2540        2884        1        1
2566        2910        1        1
2566        2937        1        1
2593        2963        1        1
2619        2990        1        1
2646        3016        1        1
2646        3043        1        1
2672        3043        1        1
2672        3069        1        1
2699        3069        1        1
2672        3043        1        1
2672        3016        1        1
2646        2990        1        1
2646        2963        1        1
2619        2937        1        1
2619        2910        1        1
2619        2884        1        1
2593        2858        1        1
2593        2831        1        1
2593        2805        1        1
2593        2778        1        1
2566        2752        1        1
2566        2699        1        1
2566        2672        1        1
2566        2646        1        1
2566        2619        1        1
2566        2566        1        1
2566        2540        1        1
2566        2487        1        1
2566        2461        1        1
2566        2408        1        1
2566        2381        1        1
2566        2328        1        1
2566        2302        1        1
2566        2249        1        1
2566        2196        1        1
2566        2170        1        1
2566        2117        1        1
2566        2090        1        1
2566        2037        1        1
2540        2011        1        1
2540        1984        1        1
2540        1931        1        1
2540        1905        1        1
2540        1879        1        1
2540        1852        1        1
2540        1826        1        1
2514        1799        1        1
2514        1773        1        1
2514        1746        1        1
2514        1720        1        1
2514        1693        1        1
2514        1667        1        1
2514        1640        1        1
2487        1614        1        1
2487        1588        1        1
2487        1561        1        1
2487        1535        1        1
2487        1508        1        1
2487        1482        1        1
2487        1455        1        1
PEN_UP                  0
PEN_DOWN
1032        1588        1        2
1032        1561        1        2
1058        1561        1        2
1085        1561        1        2
1111        1561        1        2
1138        1561        1        2
1164        1561        1        2
1191        1561        1        2
1217        1561        1        2
1244        1561        1        2
1296        1535        1        2
1323        1535        1        2
1376        1535        1        2
1402        1535        1        2
1455        1535        1        2
1482        1535        1        2
1535        1535        1        2
1588        1535        1        2
1614        1535        1        2
1667        1535        1        2
1720        1535        1        2
1746        1535        1        2
1799        1535        1        2
1852        1535        1        2
1905        1535        1        2
1958        1508        1        2
1984        1508        1        2
2037        1508        1        2
2090        1508        1        2
2143        1482        1        2
2196        1482        1        2
2249        1482        1        2
2302        1482        1        2
2355        1482        1        2
2408        1482        1        2
2461        1455        1        2
2514        1455        1        2
2566        1455        1        2
2619        1455        1        2
2672        1455        1        2
2725        1455        1        2
2778        1455        1        2
2831        1455        1        2
2884        1455        1        2
2937        1455        1        2
2963        1455        1        2
3016        1455        1        2
3043        1455        1        2
3096        1429        1        2
3122        1429        1        2
3149        1429        1        2
3175        1429        1        2
3201        1429        1        2
3228        1429        1        2
3254        1429        1        2
3228        1429        1        2
PEN_UP                  0
END_CHARACTER: MA
