CHARACTER_NAME: AJA
STROKE_COUNT: 2
  X           Y   STYLUS_STATE STROKE
PEN_DOWN
1429        1958        1        1
1402        1958        1        1
1376        1958        1        1
1349        1958        1        1
1376        1984        1        1
1402        1984        1        1
1402        2011        1        1
1429        2037        1        1
1455        2037        1        1
1508        2064        1        1
1535        2090        1        1
1588        2090        1        1
1614        2117        1        1
1667        2143        1        1
1720        2143        1        1
1746        2170        1        1
1799        2196        1        1
1826        2196        1        1
1879        2223        1        1
1905        2223        1        1
1931        2249        1        1
1958        2249        1        1
1984        2249        1        1
2011        2275        1        1
2037        2275        1        1
2064        2302        1        1
2090        2302        1        1
2117        2328        1        1
2143        2328        1        1
2143        2355        1        1
2170        2355        1        1
2196        2355        1        1
2196        2381        1        1
2170        2381        1        1
2170        2408        1        1
2143        2408        1        1
2143        2434        1        1
2117        2434        1        1
2090        2434        1        1
2090        2461        1        1
2064        2461        1        1
2037        2487        1        1
2011        2487        1        1
2011        2514        1        1
1984        2540        1        1
1931        2540        1        1
1905        2566        1        1
1879        2593        1        1
1852        2593        1        1
1826        2619        1        1
1773        2646        1        1
1746        2646        1        1
1720        2672        1        1
1667        2672        1        1
1640        2699        1        1
1614        2699        1        1
1588        2725        1        1
1561        2725        1        1
1561        2752        1        1
1535        2752        1        1
1508        2752        1        1
1482        2778        1        1
1455        2805        1        1
1429        2805        1        1
1402        2805        1        1
1429        2805        1        1
1455        2805        1        1
1482        2805        1        1
1508        2805        1        1
1535        2805        1        1
1561        2805        1        1
1588        2805        1        1
1614        2805        1        1
1640        2805        1        1
1667        2805        1        1
1693        2805        1        1
1720        2805        1        1
1773        2805        1        1
1799        2805        1        1
1826        2805        1        1
1879        2831        1        1
1905        2831        1        1
1958        2831        1        1
1984        2858        1        1
2037        2858        1        1
2064        2884        1        1
2117        2884        1        1
2170        2910        1        1
2223        2963        1        1
2249        2990        1        1
2302        3016        1        1
2355        3069        1        1
2381        3096        1        1
2434        3149        1        1
2461        3175        1        1
2487        3228        1        1
2514        3254        1        1
2540        3307        1        1
2566        3334        1        1
2593        3387        1        1
2593        3413        1        1
2619        3440        1        1
2646        3466        1        1
2646        3493        1        1
2672        3519        1        1
2699        3545        1        1
2699        3519        1        1
2699        3493        1        1
2699        3466        1        1
2672        3466        1        1
2672        3440        1        1
2672        3413        1        1
2672        3387        1        1
2672        3360        1        1
2672        3334        1        1
2672        3307        1        1
2646        3254        1        1
2646        3228        1        1
2646        3201        1        1
2646        3149        1        1
2646        3122        1        1
2646        3096        1        1
2646        3043        1        1
2646        3016        1        1
2646        2990        1        1
2646        2963        1        1
2619        2937        1        1
2619        2910        1        1
2619        2884        1        1
2619        2831        1        1
2619        2805        1        1
2619        2778        1        1
2619        2752        1        1
2619        2725        1        1
2619        2699        1        1
2619        2672        1        1
2619        2646        1        1
2619        2619        1        1
2619        2593        1        1
2619        2566        1        1
2593        2540        1        1
2593        2514        1        1
2593        2487        1        1
2593        2461        1        1
2593        2434        1        1
2593        2408        1        1
2593        2355        1        1
2593        2328        1        1
2566        2302        1        1
2566        2275        1        1
2566        2249        1        1
2566        2196        1        1
2566        2170        1        1
2566        2143        1        1
2540        2117        1        1
2540        2090        1        1
2540        2037        1        1
2540        2011        1        1
2540        1984        1        1
2540        1958        1        1
2540        1931        1        1
2540        1905        1        1
2540        1879        1        1
2540        1852        1        1
2514        1826        1        1
2514        1799        1        1
2540        1826        1        1
PEN_UP                  0
PEN_DOWN
 741        1958        1        2
 741        1931        1        2
 714        1905        1        2
 741        1905        1        2
 767        1905        1        2
 794        1905        1        2
 820        1905        1        2
 847        1905        1        2
 873        1905        1        2
 900        1905        1        2
 926        1905        1        2
 953        1879        1        2
 979        1879        1        2
1005        1879        1        2
1032        1879        1        2
1085        1879        1        2
1111        1879        1        2
1164        1879        1        2
1191        1879        1        2
1244        1852        1        2
1296        1852        1        2
1349        1852        1        2
1402        1852        1        2
1455        1852        1        2
1508        1852        1        2
1588        1852        1        2
1640        1826        1        2
1693        1826        1        2
1746        1826        1        2
1826        1826        1        2
1879        1799        1        2
1931        1799        1        2
1984        1799        1        2
2037        1799        1        2
2090        1799        1        2
2143        1799        1        2
2196        1773        1        2
2249        1773        1        2
2302        1773        1        2
2355        1773        1        2
2434        1773        1        2
2487        1773        1        2
2566        1773        1        2
2646        1746        1        2
2699        1746        1        2
2778        1746        1        2
2858        1746        1        2
2910        1746        1        2
2990        1746        1        2
3043        1746        1        2
3096        1746        1        2
3149        1720        1        2
3201        1720        1        2
3254        1720        1        2
3281        1720        1        2
3307        1720        1        2
3334        1720        1        2
3360        1720        1        2
3387        1720        1        2
3360        1720        1        2
PEN_UP                  0
END_CHARACTER: AJA
