CHARACTER_NAME: RA
STROKE_COUNT: 3
  X           Y   STYLUS_STATE STROKE
PEN_DOWN
2328        1852        1        1
2302        1852        1        1
2302        1879        1        1
2275        1879        1        1
2249        1905        1        1
2223        1905        1        1
2223        1931        1        1
2196        1931        1        1
2170        1958        1        1
2143        1984        1        1
2117        2011        1        1
2064        2037        1        1
2037        2090        1        1
1984        2117        1        1
1931        2143        1        1
1905        2196        1        1
1852        2223        1        1
1799        2275        1        1
1720        2328        1        1
1667        2355        1        1
1614        2408        1        1
1561        2434        1        1
1482        2461        1        1
1429        2514        1        1
1376        2540        1        1
1296        2566        1        1
1244        2593        1        1
1217        2619        1        1
1164        2646        1        1
1138        2672        1        1
1111        2672        1        1
1085        2699        1        1
1058        2699        1        1
1058        2725        1        1
1085        2725        1        1
1111        2725        1        1
1138        2725        1        1
1164        2725        1        1
1191        2725        1        1
1217        2725        1        1
1244        2725        1        1
1296        2725        1        1
1349        2725        1        1
1376        2725        1        1
1429        2752        1        1
1482        2752        1        1
1535        2752        1        1
1614        2778        1        1
1667        2778        1        1
1720        2805        1        1
1773        2831        1        1
1826        2858        1        1
1879        2884        1        1
1931        2910        1        1
1984        2937        1        1
2037        2990        1        1
2064        3016        1        1
2117        3043        1        1
2143        3096        1        1
2196        3122        1        1
2223        3149        1        1
2249        3201        1        1
2275        3228        1        1
2302        3254        1        1
2328        3254        1        1
2355        3281        1        1
2355        3307        1        1
2381        3307        1        1
2381        3334        1        1
2408        3334        1        1
2408        3307        1        1
2434        3281        1        1
2434        3254        1        1
2434        3228        1        1
2461        3201        1        1
2461        3175        1        1
2461        3149        1        1
2461        3122        1        1
2461        3096        1        1
2461        3069        1        1
2461        3043        1        1
2461        3016        1        1
2461        2990        1        1
2461        2963        1        1
2461        2937        1        1
2461        2910        1        1
2461        2884        1        1
2461        2858        1        1
2461        2831        1        1
2461        2805        1        1
2461        2778        1        1
2461        2752        1        1
2461        2725        1        1
2434        2699        1        1
2434        2672        1        1
2434        2646        1        1
2434        2619        1        1
2434        2593        1        1
2434        2566        1        1
2434        2540        1        1
2434        2487        1        1
2434        2461        1        1
2434        2434        1        1
2434        2408        1        1
2408        2381        1        1
2408        2355        1        1
2408        2302        1        1
2408        2275        1        1
2408        2249        1        1
2408        2196        1        1
2408        2170        1        1
2381        2143        1        1
2381        2090        1        1
2381        2064        1        1
2381        2037        1        1
2381        2011        1        1
2381        1984        1        1
2381        1958        1        1
2381        1931        1        1
2381        1905        1        1
2381        1879        1        1
2381        1852        1        1
2381        1826        1        1
2381        1799        1        1
2381        1773        1        1
2381        1799        1        1
2408        1799        1        1
2381        1799        1        1
2408        1799        1        1
2408        1826        1        1
2408        1852        1        1
PEN_UP                  0
PEN_DOWN
1561        1799        1        2
1535        1799        1        2
1508        1799        1        2
1482        1799        1        2
1455        1799        1        2
1429        1799        1        2
1402        1799        1        2
1402        1826        1        2
1376        1826        1        2
1349        1826        1        2
1376        1826        1        2
1402        1826        1        2
1429        1826        1        2
1455        1799        1        2
1508        1799        1        2
1561        1799        1        2
1614        1799        1        2
1667        1799        1        2
1746        1799        1        2
1799        1799        1        2
1879        1799        1        2
1958        1799        1        2
2011        1799        1        2
2090        1773        1        2
2170        1773        1        2
2249        1773        1        2
2328        1773        1        2
2434        1773        1        2
2514        1773        1        2
2593        1773        1        2
2672        1773        1        2
2778        1746        1        2
2831        1746        1        2
2910        1746        1        2
2963        1746        1        2
3016        1746        1        2
3069        1746        1        2
3096        1746        1        2
3122        1746        1        2
3149        1746        1        2
3175        1746        1        2
3201        1746        1        2
3175        1746        1        2
3149        1773        1        2
3122        1773        1        2
PEN_UP                  0
PEN_DOWN
1455        2381        1        3
1455        2355        1        3
1482        2355        1        3
1508        2355        1        3
1508        2381        1        3
1535        2381        1        3
1561        2381        1        3
1561        2408        1        3
1588        2408        1        3
1614        2408        1        3
1640        2408        1        3
1667        2408        1        3
1693        2408        1        3
1746        2434        1        3
1799        2434        1        3
1852        2434        1        3
1905        2461        1        3
1958        2461        1        3
1984        2487        1        3
2037        2487        1        3
2090        2487        1        3
2117        2514        1        3
2170        2514        1        3
2196        2540        1        3
2249        2540        1        3
2275        2540        1        3
2302        2540        1        3
2302        2566        1        3
2328        2566        1        3
2355        2566        1        3
2381        2566        1        3
PEN_UP                  0
END_CHARACTER: RA
