CHARACTER_NAME: LA
STROKE_COUNT: 2
  X           Y   STYLUS_STATE STROKE
PEN_DOWN
2699        1508        1        1
2672        1482        1        1
2672        1508        1        1
2672        1535        1        1
2646        1561        1        1
2646        1588        1        1
2646        1614        1        1
2646        1640        1        1
2646        1667        1        1
2646        1693        1        1
2646        1720        1        1
2646        1746        1        1
2646        1773        1        1
2646        1826        1        1
2646        1852        1        1
2646        1905        1        1
2646        1931        1        1
2646        1984        1        1
2646        2037        1        1
2646        2090        1        1
2672        2143        1        1
2672        2196        1        1
2672        2249        1        1
2672        2302        1        1
2672        2355        1        1
2672        2408        1        1
2699        2461        1        1
2699        2487        1        1
2699        2540        1        1
2699        2566        1        1
2699        2619        1        1
2699        2646        1        1
2699        2699        1        1
2699        2725        1        1
2699        2752        1        1
2672        2778        1        1
2672        2805        1        1
2672        2831        1        1
2672        2858        1        1
2672        2884        1        1
2672        2910        1        1
2672        2937        1        1
2672        2910        1        1
2646        2884        1        1
2672        2858        1        1
2672        2831        1        1
2646        2805        1        1
2646        2778        1        1
2646        2752        1        1
2646        2725        1        1
2646        2699        1        1
2646        2672        1        1
2646        2646        1        1
2646        2619        1        1
2646        2593        1        1
2646        2566        1        1
2619        2540        1        1
2619        2514        1        1
2619        2487        1        1
2619        2461        1        1
2619        2434        1        1
2593        2408        1        1
2593        2381        1        1
2593        2355        1        1
2593        2328        1        1
2593        2302        1        1
2593        2275        1        1
2593        2249        1        1
2593        2223        1        1
2566        2196        1        1
2566        2170        1        1
2566        2143        1        1
2566        2117        1        1
2566        2090        1        1
2566        2064        1        1
2540        2037        1        1
2540        2011        1        1
2540        1984        1        1
2540        1958        1        1
2514        1958        1        1
2514        1931        1        1
2514        1905        1        1
2487        1905        1        1
2461        1879        1        1
2434        1879        1        1
2408        1879        1        1
2381        1879        1        1
2355        1852        1        1
2328        1852        1        1
2302        1852        1        1
2275        1852        1        1
2249        1852        1        1
2223        1852        1        1
2223        1879        1        1
2196        1879        1        1
2170        1879        1        1
2170        1905        1        1
2143        1905        1        1
2117        1931        1        1
2090        1958        1        1
2090        1984        1        1
2064        1984        1        1
2064        2011        1        1
2064        2037        1        1
2037        2037        1        1
2037        2064        1        1
2037        2090        1        1
2037        2117        1        1
2037        2143        1        1
2037        2170        1        1
2037        2196        1        1
2037        2223        1        1
2037        2249        1        1
2037        2275        1        1
2037        2302        1        1
2037        2328        1        1
2037        2355        1        1
2064        2381        1        1
2064        2355        1        1
2064        2328        1        1
2064        2302        1        1
2064        2275        1        1
2064        2249        1        1
2064        2223        1        1
2064        2196        1        1
2064        2170        1        1
2064        2143        1        1
2064        2117        1        1
2037        2117        1        1
2037        2090        1        1
2037        2064        1        1
2037        2037        1        1
2011        2037        1        1
2011        2011        1        1
1984        2011        1        1
1958        2011        1        1
1958        1984        1        1
1931        1984        1        1
1905        1984        1        1
1879        1984        1        1
1852        1984        1        1
1826        1984        1        1
1799        2011        1        1
1773        2011        1        1
1746        2037        1        1
1720        2037        1        1
1693        2064        1        1
1667        2090        1        1
1640        2090        1        1
1640        2117        1        1
1614        2143        1        1
1588        2143        1        1
1588        2170        1        1
1561        2196        1        1
1535        2223        1        1
1535        2249        1        1
1508        2275        1        1
1508        2302        1        1
1482        2302        1        1
1482        2328        1        1
1482        2355        1        1
1455        2381        1        1
1455        2408        1        1
1482        2434        1        1
1482        2461        1        1
1482        2487        1        1
1508        2514        1        1
1535        2540        1        1
1535        2566        1        1
1561        2566        1        1
1561        2593        1        1
1588        2593        1        1
1614        2619        1        1
1614        2646        1        1
1640        2646        1        1
1667        2672        1        1
1693        2672        1        1
1720        2699        1        1
1746        2699        1        1
1773        2699        1        1
1799        2699        1        1
1826        2699        1        1
1826        2672        1        1
1852        2672        1        1
1879        2672        1        1
1879        2646        1        1
1905        2646        1        1
1905        2619        1        1
1931        2619        1        1
1931        2593        1        1
1905        2593        1        1
1905        2566        1        1
1879        2540        1        1
1852        2540        1        1
PEN_UP                  0
PEN_DOWN
2117        1455        1        2
2143        1455        1        2
2170        1455        1        2
2196        1455        1        2
2223        1429        1        2
2275        1429        1        2
2328        1429        1        2
2381        1429        1        2
2461        1402        1        2
2514        1402        1        2
2593        1402        1        2
2672        1402        1        2
2725        1402        1        2
2805        1402        1        2
2884        1376        1        2
2937        1376        1        2
2990        1376        1        2
3043        1376        1        2
3096        1376        1        2
3149        1349        1        2
3201        1349        1        2
3254        1349        1        2
3281        1349        1        2
3307        1349        1        2
3334        1349        1        2
3360        1349        1        2
3387        1323        1        2
PEN_UP                  0
END_CHARACTER: LA
