CHARACTER_NAME: EE
STROKE_COUNT: 3
  X           Y   STYLUS_STATE STROKE
PEN_DOWN
1879        1349        1        1
1852        1349        1        1
1852        1376        1        1
1852        1402        1        1
1852        1429        1        1
1879        1429        1        1
1879        1455        1        1
1879        1482        1        1
1879        1508        1        1
1879        1535        1        1
1879        1561        1        1
1879        1588        1        1
1852        1614        1        1
1852        1640        1        1
1826        1640        1        1
1826        1667        1        1
1799        1667        1        1
1773        1667        1        1
1773        1640        1        1
1746        1640        1        1
1773        1614        1        1
1799        1614        1        1
1799        1588        1        1
1826        1588        1        1
1852        1588        1        1
1879        1588        1        1
1905        1588        1        1
1931        1588        1        1
1958        1614        1        1
1958        1640        1        1
1958        1667        1        1
1931        1667        1        1
1905        1667        1        1
1905        1693        1        1
1879        1693        1        1
1852        1667        1        1
1852        1640        1        1
1879        1640        1        1
1905        1640        1        1
1931        1640        1        1
1931        1614        1        1
1958        1614        1        1
1984        1614        1        1
2011        1614        1        1
2011        1640        1        1
2037        1640        1        1
2064        1640        1        1
2090        1640        1        1
2117        1667        1        1
2143        1667        1        1
2170        1667        1        1
2170        1693        1        1
2196        1693        1        1
2223        1720        1        1
2223        1746        1        1
2249        1746        1        1
2249        1773        1        1
2249        1799        1        1
2275        1799        1        1
2275        1826        1        1
2275        1852        1        1
2275        1879        1        1
2275        1905        1        1
2275        1931        1        1
2275        1958        1        1
2275        1984        1        1
2275        2011        1        1
2275        2037        1        1
2275        2064        1        1
2275        2090        1        1
2275        2117        1        1
2275        2143        1        1
2249        2170        1        1
2249        2196        1        1
2249        2223        1        1
2223        2249        1        1
2223        2275        1        1
2196        2302        1        1
2170        2328        1        1
2143        2355        1        1
2117        2381        1        1
2117        2408        1        1
2090        2408        1        1
2064        2434        1        1
2037        2434        1        1
2037        2461        1        1
2011        2461        1        1
1984        2487        1        1
1958        2487        1        1
1931        2514        1        1
1905        2514        1        1
1879        2540        1        1
1852        2540        1        1
1826        2540        1        1
1799        2540        1        1
1773        2566        1        1
1746        2566        1        1
1720        2566        1        1
1693        2566        1        1
1667        2566        1        1
1640        2566        1        1
1640        2540        1        1
1614        2540        1        1
1640        2540        1        1
1640        2514        1        1
1667        2514        1        1
1693        2514        1        1
1693        2487        1        1
1720        2487        1        1
1746        2487        1        1
1773        2461        1        1
1799        2461        1        1
1826        2461        1        1
1852        2434        1        1
1879        2434        1        1
1905        2408        1        1
1931        2408        1        1
1958        2381        1        1
1984        2381        1        1
2011        2355        1        1
2037        2355        1        1
2064        2328        1        1
2090        2328        1        1
2117        2302        1        1
2143        2302        1        1
2143        2275        1        1
2170        2275        1        1
2196        2249        1        1
2223        2249        1        1
2249        2223        1        1
2275        2196        1        1
2302        2196        1        1
2302        2170        1        1
2328        2170        1        1
2355        2143        1        1
2381        2143        1        1
2408        2117        1        1
2434        2117        1        1
2461        2090        1        1
2487        2090        1        1
2514        2064        1        1
2540        2064        1        1
2566        2064        1        1
2593        2037        1        1
2619        2037        1        1
2646        2037        1        1
2672        2037        1        1
2699        2011        1        1
2725        2011        1        1
2752        2011        1        1
2778        2011        1        1
2805        2011        1        1
2778        2011        1        1
2778        2037        1        1
2752        2037        1        1
2725        2037        1        1
2725        2064        1        1
2699        2064        1        1
2672        2090        1        1
2646        2090        1        1
2619        2117        1        1
2593        2117        1        1
2566        2117        1        1
2566        2143        1        1
2540        2143        1        1
2514        2143        1        1
2514        2170        1        1
2487        2170        1        1
2487        2196        1        1
2461        2196        1        1
2434        2223        1        1
2408        2249        1        1
2381        2275        1        1
2355        2302        1        1
2328        2302        1        1
2328        2328        1        1
2302        2355        1        1
2302        2381        1        1
2275        2408        1        1
2275        2434        1        1
2249        2434        1        1
2249        2461        1        1
2249        2487        1        1
2223        2514        1        1
2223        2540        1        1
2223        2566        1        1
2196        2593        1        1
2196        2619        1        1
2196        2646        1        1
2196        2672        1        1
2196        2699        1        1
2196        2725        1        1
2196        2752        1        1
2196        2778        1        1
2223        2831        1        1
2223        2858        1        1
2223        2884        1        1
2249        2910        1        1
2249        2963        1        1
2275        2990        1        1
2302        3016        1        1
2302        3069        1        1
2328        3096        1        1
2355        3122        1        1
2381        3149        1        1
2408        3175        1        1
2434        3201        1        1
2461        3228        1        1
2487        3254        1        1
2514        3254        1        1
2540        3281        1        1
2593        3307        1        1
2619        3334        1        1
2646        3334        1        1
2699        3360        1        1
2752        3360        1        1
2778        3360        1        1
2831        3387        1        1
2884        3387        1        1
2937        3387        1        1
2990        3413        1        1
3016        3413        1        1
3069        3413        1        1
3096        3413        1        1
3122        3387        1        1
3149        3387        1        1
3175        3387        1        1
3201        3387        1        1
3201        3360        1        1
3175        3360        1        1
3175        3334        1        1
3149        3307        1        1
3122        3281        1        1
PEN_UP                  0
PEN_DOWN
2381        1244        1        2
2381        1270        1        2
2408        1270        1        2
2434        1270        1        2
2434        1244        1        2
2434        1217        1        2
2434        1191        1        2
2434        1164        1        2
2434        1138        1        2
2434        1111        1        2
2408        1085        1        2
2408        1058        1        2
2408        1032        1        2
2381        1032        1        2
2381        1005        1        2
2355         979        1        2
2355         953        1        2
2328         926        1        2
2302         926        1        2
2302         900        1        2
2275         900        1        2
2275         873        1        2
2249         873        1        2
2249         847        1        2
2223         847        1        2
2196         847        1        2
2196         820        1        2
2170         820        1        2
2143         820        1        2
2117         794        1        2
2090         794        1        2
2064         794        1        2
2037         794        1        2
2011         794        1        2
1984         794        1        2
1958         794        1        2
1931         794        1        2
1905         794        1        2
1879         794        1        2
1852         794        1        2
1826         794        1        2
1799         794        1        2
1773         794        1        2
1746         794        1        2
1720         794        1        2
1693         794        1        2
1667         794        1        2
1640         794        1        2
1614         794        1        2
1588         794        1        2
1561         794        1        2
1535         767        1        2
1508         767        1        2
1482         767        1        2
1455         741        1        2
1429         741        1        2
1402         714        1        2
1376         714        1        2
1349         714        1        2
1323         688        1        2
1296         688        1        2
1270         661        1        2
1244         635        1        2
1217         609        1        2
1191         609        1        2
1191         582        1        2
1164         556        1        2
1138         529        1        2
1138         503        1        2
1111         476        1        2
1111         450        1        2
1111         423        1        2
1111         397        1        2
1111         370        1        2
1111         344        1        2
1138         344        1        2
1164         344        1        2
PEN_UP                  0
PEN_DOWN
1111        1588        1        3
1111        1561        1        3
1138        1588        1        3
1138        1561        1        3
1164        1561        1        3
1191        1561        1        3
1217        1561        1        3
1244        1561        1        3
1270        1561        1        3
1296        1561        1        3
1323        1561        1        3
1349        1561        1        3
1376        1561        1        3
1429        1561        1        3
1455        1535        1        3
1508        1535        1        3
1535        1535        1        3
1588        1535        1        3
1640        1535        1        3
1667        1535        1        3
1720        1508        1        3
1773        1508        1        3
1799        1508        1        3
1852        1508        1        3
1879        1508        1        3
1905        1508        1        3
1958        1508        1        3
1984        1508        1        3
2011        1482        1        3
2037        1482        1        3
2064        1482        1        3
2090        1482        1        3
2117        1482        1        3
2170        1482        1        3
2196        1482        1        3
2223        1482        1        3
2249        1482        1        3
2275        1482        1        3
2328        1482        1        3
2355        1482        1        3
2381        1482        1        3
2434        1482        1        3
2461        1482        1        3
2514        1482        1        3
2540        1482        1        3
2593        1482        1        3
2646        1482        1        3
2672        1482        1        3
2725        1455        1        3
2752        1455        1        3
2805        1455        1        3
2831        1455        1        3
2884        1455        1        3
2910        1455        1        3
2963        1455        1        3
2990        1455        1        3
3016        1455        1        3
3043        1455        1        3
3069        1455        1        3
3096        1455        1        3
3122        1455        1        3
3149        1429        1        3
3175        1429        1        3
3201        1429        1        3
3228        1429        1        3
3254        1429        1        3
3228        1429        1        3
PEN_UP                  0
END_CHARACTER: EE
