CHARACTER_NAME: WA
STROKE_COUNT: 3
  X           Y   STYLUS_STATE STROKE
PEN_DOWN
2805        1693        1        1
2805        1667        1        1
2805        1693        1        1
2778        1693        1        1
2752        1720        1        1
2725        1720        1        1
2699        1746        1        1
2672        1773        1        1
2646        1799        1        1
2593        1826        1        1
2566        1852        1        1
2514        1879        1        1
2461        1931        1        1
2408        1984        1        1
2355        2037        1        1
2328        2064        1        1
2275        2117        1        1
2223        2170        1        1
2196        2223        1        1
2170        2249        1        1
2117        2302        1        1
2090        2328        1        1
2064        2355        1        1
2064        2381        1        1
2037        2408        1        1
2011        2408        1        1
2011        2434        1        1
1984        2434        1        1
1984        2461        1        1
1984        2434        1        1
2011        2434        1        1
2037        2434        1        1
2064        2434        1        1
2090        2408        1        1
2117        2408        1        1
2143        2408        1        1
2170        2408        1        1
2196        2381        1        1
2223        2381        1        1
2249        2408        1        1
2302        2408        1        1
2355        2408        1        1
2381        2434        1        1
2434        2434        1        1
2487        2461        1        1
2540        2487        1        1
2566        2514        1        1
2619        2540        1        1
2672        2566        1        1
2725        2619        1        1
2752        2646        1        1
2805        2672        1        1
2858        2725        1        1
2884        2752        1        1
2910        2805        1        1
2963        2831        1        1
2990        2858        1        1
3016        2884        1        1
3016        2937        1        1
3043        2963        1        1
3069        2990        1        1
3096        3016        1        1
3096        3043        1        1
3122        3043        1        1
3122        3069        1        1
3096        3043        1        1
3096        3016        1        1
3069        2990        1        1
3069        2963        1        1
3069        2937        1        1
3069        2910        1        1
3043        2884        1        1
3043        2858        1        1
3043        2805        1        1
3016        2778        1        1
3016        2752        1        1
3016        2725        1        1
2990        2672        1        1
2990        2646        1        1
2990        2593        1        1
2963        2566        1        1
2963        2514        1        1
2963        2461        1        1
2963        2434        1        1
2937        2381        1        1
2937        2355        1        1
2937        2328        1        1
2910        2275        1        1
2910        2249        1        1
2910        2223        1        1
2910        2196        1        1
2910        2170        1        1
2910        2143        1        1
2910        2117        1        1
2910        2090        1        1
2910        2064        1        1
2884        2064        1        1
2884        2037        1        1
2884        2011        1        1
2884        1984        1        1
2884        1958        1        1
2884        1931        1        1
2884        1905        1        1
2884        1879        1        1
2884        1852        1        1
2884        1826        1        1
2884        1799        1        1
2858        1799        1        1
2858        1773        1        1
2858        1746        1        1
2858        1720        1        1
2858        1693        1        1
2858        1667        1        1
2831        1667        1        1
PEN_UP                  0
PEN_DOWN
1826        1746        1        2
1852        1746        1        2
1852        1720        1        2
1879        1720        1        2
1905        1720        1        2
1931        1720        1        2
1958        1720        1        2
1984        1693        1        2
2011        1693        1        2
2037        1693        1        2
2064        1693        1        2
2090        1693        1        2
2143        1667        1        2
2196        1667        1        2
2249        1667        1        2
2302        1640        1        2
2381        1640        1        2
2461        1640        1        2
2540        1640        1        2
2619        1640        1        2
2725        1640        1        2
2805        1640        1        2
2858        1640        1        2
2937        1640        1        2
2990        1640        1        2
3016        1640        1        2
3069        1640        1        2
3096        1640        1        2
3122        1640        1        2
3149        1640        1        2
3175        1640        1        2
3201        1640        1        2
3228        1640        1        2
3228        1614        1        2
3254        1614        1        2
3281        1614        1        2
3307        1614        1        2
3281        1614        1        2
3254        1614        1        2
PEN_UP                  0
PEN_DOWN
2090        2831        1        3
2064        2831        1        3
2090        2831        1        3
2117        2831        1        3
2143        2831        1        3
2170        2858        1        3
2196        2858        1        3
2249        2858        1        3
2275        2858        1        3
2355        2884        1        3
2408        2884        1        3
2487        2910        1        3
2540        2937        1        3
2619        2963        1        3
2699        2990        1        3
2752        3016        1        3
2805        3069        1        3
2858        3096        1        3
2884        3149        1        3
2910        3175        1        3
2937        3201        1        3
2963        3228        1        3
2990        3254        1        3
2990        3281        1        3
3016        3281        1        3
3016        3307        1        3
3016        3281        1        3
2990        3281        1        3
2990        3254        1        3
2963        3254        1        3
PEN_UP                  0
END_CHARACTER: WA
