CHARACTER_NAME: TXA
STROKE_COUNT: 3
  X           Y   STYLUS_STATE STROKE
PEN_DOWN
1058        1561        1        1
1085        1561        1        1
1111        1561        1        1
1138        1561        1        1
1164        1561        1        1
1191        1561        1        1
1217        1561        1        1
1270        1561        1        1
1296        1561        1        1
1323        1561        1        1
1349        1561        1        1
1376        1561        1        1
1402        1588        1        1
1429        1588        1        1
1455        1588        1        1
1482        1614        1        1
1508        1614        1        1
1535        1640        1        1
1561        1667        1        1
1561        1693        1        1
1588        1693        1        1
1614        1720        1        1
1614        1746        1        1
1640        1773        1        1
1640        1799        1        1
1667        1826        1        1
1667        1852        1        1
1667        1879        1        1
1667        1905        1        1
1667        1931        1        1
1667        1958        1        1
1667        1984        1        1
1640        2011        1        1
1640        2037        1        1
1614        2064        1        1
1588        2090        1        1
1561        2117        1        1
1535        2143        1        1
1508        2143        1        1
1482        2170        1        1
1455        2170        1        1
1429        2170        1        1
1429        2143        1        1
1402        2143        1        1
1402        2117        1        1
1376        2117        1        1
1376        2090        1        1
1349        2090        1        1
1349        2064        1        1
1349        2037        1        1
1323        2011        1        1
1323        1984        1        1
1323        1958        1        1
1323        1931        1        1
1323        1905        1        1
1323        1879        1        1
1323        1852        1        1
1349        1826        1        1
1349        1799        1        1
1376        1773        1        1
1376        1746        1        1
1402        1746        1        1
1402        1720        1        1
1429        1693        1        1
1455        1667        1        1
1482        1667        1        1
1508        1640        1        1
1535        1614        1        1
1561        1614        1        1
1561        1588        1        1
1588        1588        1        1
1614        1588        1        1
1640        1588        1        1
1667        1588        1        1
1693        1588        1        1
1720        1588        1        1
1746        1614        1        1
1773        1614        1        1
1799        1614        1        1
1826        1614        1        1
1852        1640        1        1
1879        1640        1        1
1905        1640        1        1
1905        1667        1        1
1931        1667        1        1
1931        1693        1        1
1958        1693        1        1
1958        1720        1        1
1984        1720        1        1
1984        1746        1        1
2011        1773        1        1
2037        1799        1        1
2064        1826        1        1
2064        1852        1        1
2064        1879        1        1
2090        1905        1        1
2090        1931        1        1
2090        1958        1        1
2090        1984        1        1
2090        2011        1        1
2090        2037        1        1
2090        2064        1        1
2090        2090        1        1
2090        2117        1        1
2064        2143        1        1
2064        2170        1        1
2037        2196        1        1
2011        2223        1        1
1984        2223        1        1
1984        2249        1        1
1958        2249        1        1
1931        2249        1        1
1905        2249        1        1
1879        2223        1        1
1852        2223        1        1
1826        2196        1        1
1799        2170        1        1
1799        2143        1        1
1773        2143        1        1
1773        2117        1        1
1746        2090        1        1
1746        2064        1        1
1746        2037        1        1
1746        2011        1        1
1720        2011        1        1
1720        1984        1        1
1720        1958        1        1
1720        1931        1        1
1720        1905        1        1
1720        1879        1        1
1720        1852        1        1
1746        1852        1        1
1746        1826        1        1
1746        1799        1        1
1773        1773        1        1
1773        1746        1        1
1799        1720        1        1
1799        1693        1        1
1826        1667        1        1
1826        1640        1        1
1852        1640        1        1
1852        1614        1        1
1879        1588        1        1
1905        1561        1        1
1931        1535        1        1
1958        1535        1        1
1984        1508        1        1
2011        1508        1        1
2037        1482        1        1
2064        1482        1        1
2090        1482        1        1
2117        1482        1        1
2143        1455        1        1
2170        1455        1        1
2196        1455        1        1
2223        1455        1        1
2249        1455        1        1
2275        1455        1        1
2302        1482        1        1
2328        1482        1        1
2355        1482        1        1
2381        1482        1        1
2408        1482        1        1
2408        1508        1        1
2434        1508        1        1
2461        1508        1        1
2487        1508        1        1
2514        1508        1        1
2540        1535        1        1
2566        1535        1        1
2593        1535        1        1
2593        1561        1        1
2619        1561        1        1
2646        1588        1        1
2672        1614        1        1
2699        1614        1        1
2699        1640        1        1
2725        1640        1        1
2752        1667        1        1
2778        1693        1        1
2778        1720        1        1
2805        1720        1        1
2805        1746        1        1
2831        1746        1        1
2831        1773        1        1
2858        1773        1        1
2858        1799        1        1
2858        1826        1        1
2884        1826        1        1
2858        1826        1        1
2858        1799        1        1
2831        1799        1        1
2805        1799        1        1
2805        1773        1        1
2778        1773        1        1
PEN_UP                  0
PEN_DOWN
2805        1349        1        2
2805        1323        1        2
2805        1296        1        2
2831        1270        1        2
2831        1244        1        2
2831        1217        1        2
2831        1191        1        2
2831        1164        1        2
2831        1191        1        2
2831        1217        1        2
2831        1244        1        2
2831        1270        1        2
2831        1296        1        2
2831        1349        1        2
2831        1376        1        2
2831        1402        1        2
2831        1455        1        2
2831        1508        1        2
2831        1535        1        2
2831        1588        1        2
2831        1640        1        2
2831        1693        1        2
2831        1746        1        2
2831        1826        1        2
2831        1879        1        2
2858        1958        1        2
2858        2037        1        2
2858        2117        1        2
2884        2196        1        2
2884        2275        1        2
2884        2355        1        2
2884        2434        1        2
2910        2514        1        2
2910        2593        1        2
2937        2672        1        2
2937        2752        1        2
2937        2831        1        2
2963        2884        1        2
2963        2963        1        2
2963        3016        1        2
2990        3096        1        2
2990        3122        1        2
2990        3175        1        2
2990        3201        1        2
2990        3228        1        2
2990        3254        1        2
2990        3281        1        2
2990        3254        1        2
2963        3228        1        2
2963        3201        1        2
2963        3149        1        2
2963        3096        1        2
2937        3043        1        2
PEN_UP                  0
PEN_DOWN
2619        1032        1        3
2646        1032        1        3
2672        1032        1        3
2699        1032        1        3
2752        1032        1        3
2805        1032        1        3
2858        1032        1        3
2910        1032        1        3
2990        1032        1        3
3043        1032        1        3
3122        1058        1        3
3175        1058        1        3
3201        1058        1        3
3254        1058        1        3
3281        1058        1        3
3307        1058        1        3
3334        1058        1        3
3360        1058        1        3
3334        1058        1        3
PEN_UP                  0
END_CHARACTER: TXA
