CHARACTER_NAME: MXA
STROKE_COUNT: 2
  X           Y   STYLUS_STATE STROKE
PEN_DOWN
1482        1720        1        1
1482        1693        1        1
1455        1693        1        1
1455        1667        1        1
1482        1667        1        1
1482        1693        1        1
1508        1693        1        1
1508        1720        1        1
1535        1720        1        1
1561        1720        1        1
1588        1746        1        1
1614        1746        1        1
1640        1746        1        1
1667        1773        1        1
1693        1773        1        1
1720        1799        1        1
1746        1799        1        1
1773        1826        1        1
1826        1852        1        1
1852        1852        1        1
1905        1879        1        1
1931        1905        1        1
1958        1931        1        1
1984        1958        1        1
2037        1984        1        1
2064        2037        1        1
2090        2064        1        1
2143        2090        1        1
2170        2143        1        1
2196        2170        1        1
2223        2223        1        1
2249        2249        1        1
2275        2275        1        1
2302        2328        1        1
2328        2355        1        1
2355        2381        1        1
2381        2408        1        1
2408        2434        1        1
2434        2434        1        1
2461        2461        1        1
2487        2461        1        1
2514        2487        1        1
2540        2514        1        1
2566        2514        1        1
2540        2514        1        1
2540        2487        1        1
2514        2487        1        1
2514        2461        1        1
2487        2461        1        1
2487        2434        1        1
2461        2434        1        1
2461        2408        1        1
2434        2408        1        1
2434        2381        1        1
2408        2381        1        1
2408        2355        1        1
2381        2355        1        1
2381        2328        1        1
2355        2328        1        1
2328        2302        1        1
2302        2302        1        1
2302        2275        1        1
2275        2249        1        1
2249        2249        1        1
2249        2223        1        1
2223        2223        1        1
2223        2196        1        1
2196        2196        1        1
2196        2170        1        1
2170        2170        1        1
2170        2143        1        1
2143        2117        1        1
2117        2090        1        1
2090        2064        1        1
2064        2064        1        1
2064        2037        1        1
2037        2037        1        1
2011        2037        1        1
1984        2011        1        1
1984        2037        1        1
1984        2064        1        1
1958        2064        1        1
1958        2090        1        1
1958        2117        1        1
1931        2117        1        1
1931        2143        1        1
1931        2170        1        1
1905        2196        1        1
1879        2223        1        1
1879        2249        1        1
1852        2275        1        1
1826        2302        1        1
1799        2302        1        1
1773        2328        1        1
1746        2355        1        1
1720        2381        1        1
1693        2434        1        1
1667        2434        1        1
1640        2461        1        1
1614        2487        1        1
1588        2514        1        1
1561        2540        1        1
1535        2566        1        1
1508        2566        1        1
1508        2593        1        1
1482        2593        1        1
1482        2619        1        1
1455        2619        1        1
1455        2646        1        1
1482        2646        1        1
1508        2646        1        1
1535        2646        1        1
1561        2646        1        1
1588        2646        1        1
1640        2646        1        1
1667        2646        1        1
1720        2646        1        1
1746        2672        1        1
1799        2672        1        1
1826        2672        1        1
1879        2672        1        1
1905        2699        1        1
1958        2699        1        1
1984        2699        1        1
2011        2725        1        1
2064        2752        1        1
2090        2752        1        1
2117        2778        1        1
2143        2805        1        1
2170        2831        1        1
2196        2858        1        1
2223        2884        1        1
2249        2910        1        1
2275        2937        1        1
2302        2963        1        1
2328        2990        1        1
2381        3043        1        1
2408        3069        1        1
2434        3096        1        1
2461        3122        1        1
2487        3175        1        1
2514        3201        1        1
2540        3228        1        1
2566        3254        1        1
2593        3254        1        1
2593        3281        1        1
2619        3281        1        1
2619        3307        1        1
2646        3307        1        1
2619        3307        1        1
2619        3281        1        1
2619        3254        1        1
2593        3254        1        1
2593        3228        1        1
2593        3201        1        1
2593        3175        1        1
2593        3149        1        1
2593        3096        1        1
2566        3069        1        1
2566        3043        1        1
2566        3016        1        1
2566        2990        1        1
2566        2963        1        1
2566        2937        1        1
2566        2910        1        1
2566        2884        1        1
2566        2858        1        1
2566        2831        1        1
2566        2805        1        1
2566        2778        1        1
2566        2752        1        1
2566        2725        1        1
2566        2699        1        1
2593        2699        1        1
2593        2672        1        1
2593        2646        1        1
2593        2619        1        1
2593        2593        1        1
2593        2566        1        1
2593        2540        1        1
2593        2514        1        1
2593        2487        1        1
2593        2461        1        1
2619        2434        1        1
2619        2408        1        1
2619        2381        1        1
2619        2355        1        1
2619        2328        1        1
2619        2302        1        1
2619        2275        1        1
2619        2249        1        1
2619        2223        1        1
2646        2196        1        1
2646        2170        1        1
2646        2143        1        1
2646        2117        1        1
2646        2090        1        1
2646        2064        1        1
2646        2037        1        1
2646        2011        1        1
2646        1984        1        1
2646        1958        1        1
2646        1931        1        1
2646        1905        1        1
2646        1879        1        1
2672        1852        1        1
2672        1826        1        1
2672        1799        1        1
2672        1773        1        1
2672        1746        1        1
2672        1720        1        1
2672        1693        1        1
2699        1693        1        1
2699        1667        1        1
2672        1667        1        1
2672        1640        1        1
2672        1614        1        1
PEN_UP                  0
PEN_DOWN
 979        1693        1        2
1005        1693        1        2
1032        1693        1        2
1032        1667        1        2
1058        1667        1        2
1085        1667        1        2
1111        1667        1        2
1164        1667        1        2
1191        1667        1        2
1217        1667        1        2
1244        1667        1        2
1270        1667        1        2
1323        1640        1        2
1349        1640        1        2
1376        1640        1        2
1402        1640        1        2
1429        1640        1        2
1455        1640        1        2
1508        1640        1        2
1535        1640        1        2
1561        1640        1        2
1588        1640        1        2
1640        1640        1        2
1667        1640        1        2
1693        1640        1        2
1746        1640        1        2
1773        1640        1        2
1826        1640        1        2
1852        1640        1        2
1905        1640        1        2
1931        1640        1        2
1958        1640        1        2
1984        1640        1        2
2011        1640        1        2
2037        1640        1        2
2064        1640        1        2
2090        1640        1        2
2117        1640        1        2
2143        1640        1        2
2170        1640        1        2
2223        1640        1        2
2249        1640        1        2
2275        1640        1        2
2302        1640        1        2
2328        1640        1        2
2355        1640        1        2
2408        1640        1        2
2434        1640        1        2
2461        1640        1        2
2514        1640        1        2
2540        1640        1        2
2593        1640        1        2
2619        1640        1        2
2672        1640        1        2
2725        1640        1        2
2752        1640        1        2
2805        1640        1        2
2831        1640        1        2
2884        1640        1        2
2910        1614        1        2
2963        1614        1        2
2990        1614        1        2
3016        1614        1        2
3043        1614        1        2
3096        1614        1        2
3122        1614        1        2
3149        1640        1        2
3175        1640        1        2
3201        1614        1        2
3228        1614        1        2
3254        1614        1        2
3281        1614        1        2
3307        1614        1        2
3334        1614        1        2
3360        1614        1        2
3387        1614        1        2
3413        1614        1        2
3440        1614        1        2
3466        1614        1        2
3440        1614        1        2
3413        1614        1        2
PEN_UP                  0
END_CHARACTER: MXA
