CHARACTER_NAME: DXA
STROKE_COUNT: 2
  X           Y   STYLUS_STATE STROKE
PEN_DOWN
1482        1614        1        1
1508        1614        1        1
1508        1588        1        1
1535        1588        1        1
1535        1561        1        1
1561        1561        1        1
1588        1535        1        1
1614        1535        1        1
1640        1535        1        1
1640        1508        1        1
1667        1508        1        1
1693        1508        1        1
1720        1482        1        1
1746        1482        1        1
1773        1482        1        1
1799        1482        1        1
1826        1455        1        1
1852        1455        1        1
1879        1455        1        1
1905        1455        1        1
1931        1455        1        1
1958        1455        1        1
1984        1455        1        1
2011        1455        1        1
2037        1455        1        1
2064        1455        1        1
2090        1455        1        1
2117        1455        1        1
2143        1482        1        1
2170        1482        1        1
2196        1508        1        1
2223        1508        1        1
2249        1535        1        1
2275        1561        1        1
2302        1588        1        1
2328        1588        1        1
2328        1614        1        1
2355        1614        1        1
2355        1640        1        1
2355        1667        1        1
2381        1693        1        1
2381        1720        1        1
2355        1746        1        1
2355        1773        1        1
2355        1799        1        1
2355        1826        1        1
2328        1826        1        1
2328        1852        1        1
2328        1879        1        1
2302        1879        1        1
2302        1905        1        1
2275        1931        1        1
2275        1958        1        1
2249        1958        1        1
2249        1984        1        1
2249        2011        1        1
2223        2011        1        1
2223        2037        1        1
2196        2064        1        1
2196        2090        1        1
2170        2090        1        1
2170        2117        1        1
2143        2143        1        1
2143        2170        1        1
2117        2170        1        1
2090        2196        1        1
2064        2196        1        1
2037        2223        1        1
2011        2223        1        1
2011        2249        1        1
1984        2249        1        1
1958        2249        1        1
1931        2275        1        1
1905        2275        1        1
1879        2275        1        1
1852        2302        1        1
1826        2302        1        1
1799        2302        1        1
1799        2328        1        1
1773        2328        1        1
1746        2328        1        1
1720        2328        1        1
1693        2328        1        1
1667        2328        1        1
1667        2355        1        1
1640        2355        1        1
1614        2355        1        1
1588        2355        1        1
1561        2355        1        1
1535        2355        1        1
1561        2355        1        1
1588        2355        1        1
1588        2328        1        1
1614        2328        1        1
1640        2328        1        1
1667        2328        1        1
1693        2328        1        1
1720        2328        1        1
1720        2302        1        1
1746        2302        1        1
1773        2302        1        1
1799        2302        1        1
1826        2275        1        1
1852        2275        1        1
1879        2275        1        1
1905        2249        1        1
1931        2249        1        1
1958        2249        1        1
1958        2223        1        1
1984        2223        1        1
1984        2196        1        1
2011        2196        1        1
2037        2196        1        1
2037        2170        1        1
2064        2170        1        1
2064        2143        1        1
2090        2143        1        1
2090        2117        1        1
2117        2117        1        1
2117        2090        1        1
2143        2090        1        1
2143        2064        1        1
2170        2064        1        1
2170        2037        1        1
2196        2037        1        1
2196        2011        1        1
2223        2011        1        1
2249        2011        1        1
2249        1984        1        1
2275        1984        1        1
2302        1958        1        1
2328        1958        1        1
2355        1931        1        1
2381        1931        1        1
2408        1931        1        1
2434        1931        1        1
2461        1931        1        1
2487        1931        1        1
2514        1931        1        1
2540        1931        1        1
2566        1931        1        1
2593        1931        1        1
2619        1931        1        1
2646        1931        1        1
2646        1958        1        1
2672        1958        1        1
2699        1984        1        1
2725        1984        1        1
2752        1984        1        1
2752        2011        1        1
2778        2011        1        1
2778        2037        1        1
2805        2064        1        1
2831        2090        1        1
2831        2117        1        1
2858        2143        1        1
2858        2170        1        1
2858        2196        1        1
2884        2223        1        1
2884        2249        1        1
2884        2275        1        1
2884        2302        1        1
2910        2328        1        1
2910        2355        1        1
2910        2381        1        1
2910        2408        1        1
2910        2434        1        1
2910        2461        1        1
2910        2487        1        1
2910        2514        1        1
2910        2540        1        1
2937        2540        1        1
2937        2566        1        1
2937        2593        1        1
2937        2619        1        1
2937        2646        1        1
2937        2672        1        1
2963        2672        1        1
2963        2699        1        1
2963        2725        1        1
2963        2752        1        1
2963        2725        1        1
2963        2699        1        1
2963        2672        1        1
2963        2646        1        1
2963        2619        1        1
2963        2593        1        1
2937        2566        1        1
2937        2540        1        1
2937        2514        1        1
2937        2487        1        1
2937        2461        1        1
2937        2434        1        1
2937        2408        1        1
2937        2381        1        1
2937        2355        1        1
2937        2328        1        1
2937        2302        1        1
2937        2275        1        1
2937        2249        1        1
2937        2223        1        1
2937        2196        1        1
2937        2170        1        1
2937        2143        1        1
2910        2117        1        1
2910        2090        1        1
2910        2064        1        1
2910        2037        1        1
2910        2011        1        1
2910        1984        1        1
2910        1958        1        1
2910        1931        1        1
2910        1905        1        1
2910        1879        1        1
2910        1852        1        1
2910        1826        1        1
2910        1799        1        1
2910        1773        1        1
2910        1746        1        1
2910        1720        1        1
2910        1693        1        1
2910        1667        1        1
2910        1640        1        1
2910        1614        1        1
2910        1588        1        1
2910        1561        1        1
2910        1535        1        1
2910        1508        1        1
2884        1508        1        1
PEN_UP                  0
PEN_DOWN
1931        1455        1        2
1958        1455        1        2
1958        1482        1        2
1984        1455        1        2
1984        1482        1        2
2011        1455        1        2
2037        1455        1        2
2064        1455        1        2
2090        1455        1        2
2117        1455        1        2
2143        1455        1        2
2170        1455        1        2
2196        1455        1        2
2223        1455        1        2
2249        1455        1        2
2275        1455        1        2
2302        1455        1        2
2328        1455        1        2
2355        1455        1        2
2381        1429        1        2
2434        1429        1        2
2461        1429        1        2
2487        1429        1        2
2540        1429        1        2
2566        1429        1        2
2593        1429        1        2
2619        1429        1        2
2672        1429        1        2
2699        1429        1        2
2725        1429        1        2
2778        1429        1        2
2805        1402        1        2
2831        1402        1        2
2858        1402        1        2
2910        1402        1        2
2937        1402        1        2
2963        1402        1        2
2990        1376        1        2
3016        1376        1        2
3069        1376        1        2
3096        1376        1        2
3122        1376        1        2
3149        1376        1        2
3175        1376        1        2
3201        1376        1        2
3228        1376        1        2
3254        1376        1        2
3281        1349        1        2
3307        1349        1        2
3334        1349        1        2
3360        1349        1        2
3387        1349        1        2
3413        1349        1        2
3440        1349        1        2
3466        1349        1        2
3493        1349        1        2
3519        1323        1        2
3545        1323        1        2
3572        1323        1        2
3598        1323        1        2
3625        1323        1        2
3651        1323        1        2
3678        1323        1        2
3651        1323        1        2
3625        1323        1        2
PEN_UP                  0
END_CHARACTER: DXA
