CHARACTER_NAME: HA
STROKE_COUNT: 2
  X           Y   STYLUS_STATE STROKE
PEN_DOWN
1746        1561        1        1
1746        1535        1        1
1720        1535        1        1
1720        1508        1        1
1720        1482        1        1
1720        1455        1        1
1720        1429        1        1
1693        1429        1        1
1720        1402        1        1
1693        1402        1        1
1693        1429        1        1
1693        1455        1        1
1693        1482        1        1
1693        1508        1        1
1693        1535        1        1
1693        1561        1        1
1693        1588        1        1
1693        1614        1        1
1667        1640        1        1
1667        1667        1        1
1693        1693        1        1
1693        1720        1        1
1693        1746        1        1
1693        1773        1        1
1693        1799        1        1
1693        1826        1        1
1693        1852        1        1
1693        1879        1        1
1720        1905        1        1
1720        1931        1        1
1720        1958        1        1
1720        1984        1        1
1720        2011        1        1
1693        2011        1        1
1693        2037        1        1
1693        2064        1        1
1693        2090        1        1
1667        2117        1        1
1667        2143        1        1
1640        2143        1        1
1640        2170        1        1
1614        2170        1        1
1614        2196        1        1
1588        2196        1        1
1561        2196        1        1
1535        2196        1        1
1508        2196        1        1
1508        2170        1        1
1482        2170        1        1
1455        2143        1        1
1429        2117        1        1
1402        2090        1        1
1402        2064        1        1
1402        2037        1        1
1402        2011        1        1
1402        1984        1        1
1429        1958        1        1
1455        1931        1        1
1455        1905        1        1
1482        1905        1        1
1508        1905        1        1
1508        1879        1        1
1535        1879        1        1
1561        1852        1        1
1588        1852        1        1
1614        1852        1        1
1640        1826        1        1
1667        1852        1        1
1693        1852        1        1
1720        1852        1        1
1746        1852        1        1
1773        1852        1        1
1799        1852        1        1
1826        1852        1        1
1852        1852        1        1
1879        1852        1        1
1905        1852        1        1
1931        1879        1        1
1958        1879        1        1
1984        1879        1        1
2011        1879        1        1
2037        1879        1        1
2037        1905        1        1
2064        1905        1        1
2090        1905        1        1
2117        1931        1        1
2143        1931        1        1
2143        1958        1        1
2170        1958        1        1
2170        1984        1        1
2196        1984        1        1
2196        2011        1        1
2223        2037        1        1
2223        2064        1        1
2249        2090        1        1
2249        2117        1        1
2249        2143        1        1
2249        2170        1        1
2249        2196        1        1
2249        2223        1        1
2249        2249        1        1
2249        2275        1        1
2249        2302        1        1
2249        2328        1        1
2249        2355        1        1
2223        2355        1        1
2223        2381        1        1
2196        2408        1        1
2196        2434        1        1
2170        2461        1        1
2170        2487        1        1
2143        2514        1        1
2117        2540        1        1
2090        2566        1        1
2064        2593        1        1
2037        2593        1        1
2037        2619        1        1
2011        2646        1        1
1984        2646        1        1
1958        2672        1        1
1931        2699        1        1
1905        2699        1        1
1905        2725        1        1
1879        2725        1        1
1852        2752        1        1
1826        2752        1        1
1799        2778        1        1
1773        2778        1        1
1746        2778        1        1
1720        2778        1        1
1720        2805        1        1
1693        2805        1        1
1640        2805        1        1
1614        2831        1        1
1588        2831        1        1
1561        2831        1        1
1535        2831        1        1
1508        2805        1        1
1482        2805        1        1
1455        2805        1        1
1429        2778        1        1
1429        2752        1        1
1455        2725        1        1
1455        2699        1        1
1482        2699        1        1
1508        2699        1        1
1535        2699        1        1
1561        2699        1        1
1588        2699        1        1
1614        2699        1        1
1640        2699        1        1
1667        2725        1        1
1693        2725        1        1
1720        2725        1        1
1746        2752        1        1
1773        2752        1        1
1773        2778        1        1
1799        2778        1        1
1826        2805        1        1
1852        2805        1        1
1852        2831        1        1
1879        2831        1        1
1905        2858        1        1
1905        2884        1        1
1931        2884        1        1
1931        2910        1        1
1958        2937        1        1
1984        2963        1        1
1984        2990        1        1
2011        2990        1        1
2037        3016        1        1
2037        3043        1        1
2064        3069        1        1
2064        3096        1        1
2090        3149        1        1
2117        3175        1        1
2143        3201        1        1
2143        3228        1        1
2170        3281        1        1
2196        3307        1        1
2223        3334        1        1
2223        3360        1        1
2249        3413        1        1
2275        3440        1        1
2275        3466        1        1
2302        3493        1        1
2328        3519        1        1
2355        3572        1        1
2381        3598        1        1
2381        3625        1        1
2408        3651        1        1
2434        3678        1        1
2461        3704        1        1
2487        3731        1        1
2514        3757        1        1
2540        3784        1        1
2566        3810        1        1
2593        3836        1        1
2619        3863        1        1
2646        3889        1        1
2672        3916        1        1
2699        3916        1        1
2699        3942        1        1
2725        3942        1        1
2699        3916        1        1
2672        3889        1        1
2646        3836        1        1
PEN_UP                  0
PEN_DOWN
1085        1323        1        2
1111        1323        1        2
1138        1323        1        2
1164        1323        1        2
1191        1323        1        2
1244        1323        1        2
1270        1323        1        2
1323        1323        1        2
1376        1296        1        2
1402        1296        1        2
1482        1296        1        2
1535        1296        1        2
1588        1296        1        2
1640        1296        1        2
1693        1296        1        2
1746        1296        1        2
1799        1296        1        2
1879        1296        1        2
1905        1270        1        2
1958        1270        1        2
2011        1270        1        2
2064        1270        1        2
2117        1270        1        2
2143        1270        1        2
2196        1244        1        2
2249        1244        1        2
2275        1244        1        2
2328        1244        1        2
2355        1244        1        2
2408        1244        1        2
2434        1244        1        2
2487        1217        1        2
2514        1217        1        2
2540        1217        1        2
2593        1217        1        2
2619        1217        1        2
2646        1217        1        2
2672        1217        1        2
2699        1217        1        2
2725        1217        1        2
2752        1217        1        2
2725        1217        1        2
PEN_UP                  0
END_CHARACTER: HA
