CHARACTER_NAME: KHYA
STROKE_COUNT: 3
  X           Y   STYLUS_STATE STROKE
PEN_DOWN
1455        1746        1        1
1429        1746        1        1
1429        1773        1        1
1429        1799        1        1
1429        1826        1        1
1455        1826        1        1
1455        1852        1        1
1455        1879        1        1
1455        1905        1        1
1482        1931        1        1
1482        1958        1        1
1482        1984        1        1
1482        2011        1        1
1482        2037        1        1
1455        2064        1        1
1455        2090        1        1
1429        2090        1        1
1429        2117        1        1
1429        2143        1        1
1402        2143        1        1
1402        2170        1        1
1376        2170        1        1
1376        2196        1        1
1349        2196        1        1
1323        2223        1        1
1296        2223        1        1
1296        2249        1        1
1270        2249        1        1
1244        2249        1        1
1217        2249        1        1
1191        2249        1        1
1191        2223        1        1
1164        2223        1        1
1164        2196        1        1
1164        2170        1        1
1191        2143        1        1
1217        2117        1        1
1244        2090        1        1
1270        2090        1        1
1296        2090        1        1
1323        2090        1        1
1349        2090        1        1
1376        2090        1        1
1402        2090        1        1
1429        2090        1        1
1455        2090        1        1
1482        2090        1        1
1482        2117        1        1
1508        2117        1        1
1535        2117        1        1
1561        2117        1        1
1588        2117        1        1
1588        2143        1        1
1614        2143        1        1
1640        2143        1        1
1640        2170        1        1
1667        2170        1        1
1667        2196        1        1
1693        2196        1        1
1693        2223        1        1
1720        2223        1        1
1720        2249        1        1
1746        2249        1        1
1746        2275        1        1
1773        2302        1        1
1773        2328        1        1
1773        2355        1        1
1799        2355        1        1
1799        2381        1        1
1799        2408        1        1
1826        2434        1        1
1826        2461        1        1
1826        2487        1        1
1826        2514        1        1
1826        2540        1        1
1826        2566        1        1
1799        2566        1        1
1799        2593        1        1
1799        2619        1        1
1773        2646        1        1
1773        2672        1        1
1746        2699        1        1
1720        2725        1        1
1693        2725        1        1
1693        2752        1        1
1667        2752        1        1
1667        2778        1        1
1640        2778        1        1
1614        2805        1        1
1588        2805        1        1
1561        2805        1        1
1535        2805        1        1
1508        2831        1        1
1482        2831        1        1
1455        2805        1        1
1429        2805        1        1
1402        2778        1        1
1402        2752        1        1
1402        2725        1        1
1429        2699        1        1
1455        2699        1        1
1455        2672        1        1
1482        2672        1        1
1508        2672        1        1
1508        2646        1        1
1535        2646        1        1
1561        2646        1        1
1588        2646        1        1
1614        2646        1        1
1640        2646        1        1
1667        2646        1        1
1693        2646        1        1
1720        2646        1        1
1746        2646        1        1
1773        2646        1        1
1799        2646        1        1
1826        2672        1        1
1852        2672        1        1
1879        2699        1        1
1905        2699        1        1
1931        2725        1        1
1958        2725        1        1
1984        2752        1        1
2011        2778        1        1
2011        2805        1        1
2037        2805        1        1
2037        2831        1        1
2064        2831        1        1
2090        2858        1        1
2090        2884        1        1
2117        2910        1        1
2117        2937        1        1
2143        2963        1        1
2170        2990        1        1
2170        3016        1        1
2196        3043        1        1
2196        3069        1        1
2223        3096        1        1
2223        3122        1        1
2223        3149        1        1
2249        3175        1        1
2249        3201        1        1
2275        3228        1        1
2275        3254        1        1
2275        3281        1        1
2302        3307        1        1
2302        3334        1        1
2328        3360        1        1
2328        3387        1        1
2328        3413        1        1
2355        3440        1        1
2355        3493        1        1
2381        3519        1        1
2381        3545        1        1
2408        3572        1        1
2408        3598        1        1
2434        3625        1        1
2434        3651        1        1
2434        3678        1        1
2461        3704        1        1
2461        3731        1        1
2461        3757        1        1
2487        3784        1        1
2487        3757        1        1
2461        3731        1        1
2461        3704        1        1
2461        3678        1        1
2461        3651        1        1
2461        3625        1        1
2461        3598        1        1
2461        3572        1        1
2461        3545        1        1
2461        3519        1        1
2461        3466        1        1
2434        3440        1        1
2461        3413        1        1
2434        3387        1        1
2434        3334        1        1
2434        3307        1        1
2461        3254        1        1
2461        3228        1        1
2461        3201        1        1
2461        3149        1        1
2461        3122        1        1
2434        3096        1        1
2434        3069        1        1
2434        3016        1        1
2434        2990        1        1
2461        2963        1        1
2461        2937        1        1
2461        2910        1        1
2461        2884        1        1
2461        2858        1        1
2461        2831        1        1
2461        2805        1        1
2461        2778        1        1
2461        2752        1        1
2461        2725        1        1
2461        2699        1        1
2461        2672        1        1
2461        2646        1        1
2461        2619        1        1
2461        2593        1        1
2461        2566        1        1
2461        2540        1        1
2461        2514        1        1
2461        2487        1        1
2461        2461        1        1
2461        2434        1        1
2461        2381        1        1
2461        2355        1        1
2461        2328        1        1
2461        2302        1        1
2461        2275        1        1
2434        2249        1        1
2434        2223        1        1
2434        2196        1        1
2434        2170        1        1
2434        2143        1        1
2434        2117        1        1
2434        2090        1        1
2434        2064        1        1
2434        2037        1        1
2434        2011        1        1
2434        1984        1        1
2434        1958        1        1
2434        1931        1        1
2434        1905        1        1
2434        1879        1        1
2461        1879        1        1
2434        1852        1        1
2461        1852        1        1
2434        1826        1        1
2461        1826        1        1
2434        1826        1        1
2461        1799        1        1
2434        1799        1        1
2461        1799        1        1
2461        1773        1        1
2461        1746        1        1
2434        1746        1        1
PEN_UP                  0
PEN_DOWN
1085        1746        1        2
1111        1746        1        2
1138        1746        1        2
1164        1746        1        2
1191        1746        1        2
1217        1746        1        2
1244        1746        1        2
1270        1746        1        2
1296        1746        1        2
1323        1746        1        2
1349        1746        1        2
1402        1746        1        2
1429        1746        1        2
1455        1746        1        2
1482        1746        1        2
1508        1746        1        2
1535        1720        1        2
1561        1746        1        2
1588        1720        1        2
1614        1720        1        2
1640        1720        1        2
1667        1720        1        2
1693        1720        1        2
1720        1720        1        2
1773        1720        1        2
1799        1720        1        2
1826        1720        1        2
1852        1720        1        2
1879        1720        1        2
1905        1693        1        2
1931        1693        1        2
1958        1693        1        2
1984        1693        1        2
2011        1693        1        2
2037        1693        1        2
2064        1693        1        2
2117        1693        1        2
2143        1693        1        2
2170        1693        1        2
2196        1693        1        2
2249        1693        1        2
2275        1693        1        2
2302        1693        1        2
2355        1667        1        2
2381        1667        1        2
2434        1667        1        2
2461        1667        1        2
2514        1667        1        2
2540        1667        1        2
2593        1667        1        2
2646        1667        1        2
2672        1640        1        2
2725        1640        1        2
2752        1640        1        2
2805        1640        1        2
2858        1640        1        2
2884        1640        1        2
2910        1640        1        2
2963        1640        1        2
2990        1640        1        2
3043        1640        1        2
3069        1614        1        2
3122        1614        1        2
3149        1614        1        2
3175        1614        1        2
3228        1614        1        2
3281        1614        1        2
3307        1614        1        2
3334        1588        1        2
3387        1588        1        2
3413        1588        1        2
3440        1588        1        2
3493        1588        1        2
3519        1588        1        2
3545        1588        1        2
3572        1588        1        2
3598        1588        1        2
3572        1588        1        2
3545        1614        1        2
3493        1614        1        2
PEN_UP                  0
PEN_DOWN
2143        1720        1        3
2143        1746        1        3
2143        1773        1        3
2143        1799        1        3
2143        1826        1        3
2143        1852        1        3
2143        1879        1        3
2170        1879        1        3
2170        1905        1        3
2170        1931        1        3
2170        1958        1        3
2170        1984        1        3
2170        2011        1        3
2170        2037        1        3
2170        2064        1        3
2170        2090        1        3
2170        2117        1        3
2196        2143        1        3
2196        2170        1        3
2223        2196        1        3
2223        2223        1        3
2223        2249        1        3
2249        2275        1        3
2249        2302        1        3
2275        2302        1        3
2275        2328        1        3
2302        2328        1        3
2328        2328        1        3
2355        2328        1        3
2381        2328        1        3
2408        2328        1        3
2434        2328        1        3
2461        2302        1        3
2487        2302        1        3
2514        2302        1        3
2540        2302        1        3
2566        2302        1        3
2593        2302        1        3
2619        2302        1        3
2646        2302        1        3
2672        2302        1        3
2699        2302        1        3
2725        2302        1        3
2752        2302        1        3
2778        2302        1        3
2805        2302        1        3
2831        2302        1        3
2858        2302        1        3
2884        2302        1        3
2910        2328        1        3
2937        2328        1        3
2937        2355        1        3
2963        2355        1        3
2990        2381        1        3
3016        2408        1        3
3016        2434        1        3
3043        2434        1        3
3043        2461        1        3
3043        2487        1        3
3069        2514        1        3
3069        2540        1        3
3069        2566        1        3
3096        2593        1        3
3096        2619        1        3
3096        2646        1        3
3096        2672        1        3
3096        2699        1        3
3096        2725        1        3
3096        2752        1        3
3096        2778        1        3
3096        2805        1        3
3096        2831        1        3
3096        2858        1        3
3122        2884        1        3
3122        2910        1        3
3122        2937        1        3
3122        2963        1        3
3122        2990        1        3
3122        3016        1        3
3122        3043        1        3
3122        3069        1        3
3122        3043        1        3
3122        3016        1        3
PEN_UP                  0
END_CHARACTER: KHYA
