CHARACTER_NAME: AYA
STROKE_COUNT: 3
  X           Y   STYLUS_STATE STROKE
PEN_DOWN
1085        1614        1        1
1111        1614        1        1
1111        1640        1        1
1138        1640        1        1
1164        1640        1        1
1191        1667        1        1
1217        1667        1        1
1244        1693        1        1
1270        1693        1        1
1296        1693        1        1
1323        1720        1        1
1376        1720        1        1
1402        1746        1        1
1429        1773        1        1
1455        1773        1        1
1508        1799        1        1
1535        1799        1        1
1561        1826        1        1
1588        1826        1        1
1614        1852        1        1
1640        1852        1        1
1667        1879        1        1
1693        1879        1        1
1720        1879        1        1
1720        1905        1        1
1746        1905        1        1
1773        1905        1        1
1773        1931        1        1
1799        1931        1        1
1799        1958        1        1
1826        1958        1        1
1826        1984        1        1
1852        1984        1        1
1826        1984        1        1
1799        1984        1        1
1773        1984        1        1
1746        2011        1        1
1720        2011        1        1
1693        2011        1        1
1693        2037        1        1
1667        2037        1        1
1667        2064        1        1
1640        2064        1        1
1640        2090        1        1
1614        2090        1        1
1614        2117        1        1
1588        2117        1        1
1588        2143        1        1
1561        2170        1        1
1535        2170        1        1
1535        2196        1        1
1508        2223        1        1
1482        2249        1        1
1455        2275        1        1
1429        2302        1        1
1402        2328        1        1
1376        2355        1        1
1349        2381        1        1
1323        2408        1        1
1296        2434        1        1
1270        2461        1        1
1244        2487        1        1
1217        2487        1        1
1217        2514        1        1
1191        2514        1        1
1164        2514        1        1
1164        2540        1        1
1164        2514        1        1
1191        2514        1        1
1217        2514        1        1
1244        2514        1        1
1270        2487        1        1
1296        2487        1        1
1323        2487        1        1
1349        2487        1        1
1376        2487        1        1
1402        2487        1        1
1429        2487        1        1
1455        2487        1        1
1482        2487        1        1
1508        2514        1        1
1535        2514        1        1
1588        2514        1        1
1614        2540        1        1
1640        2540        1        1
1667        2566        1        1
1720        2566        1        1
1746        2593        1        1
1799        2619        1        1
1826        2619        1        1
1852        2646        1        1
1905        2672        1        1
1931        2699        1        1
1958        2725        1        1
1984        2752        1        1
2011        2778        1        1
2037        2805        1        1
2064        2831        1        1
2117        2884        1        1
2117        2910        1        1
2143        2937        1        1
2170        2963        1        1
2196        2990        1        1
2196        3043        1        1
2223        3069        1        1
2223        3096        1        1
2249        3122        1        1
2249        3149        1        1
2275        3149        1        1
2275        3175        1        1
2275        3201        1        1
2302        3228        1        1
2302        3201        1        1
2275        3201        1        1
2275        3175        1        1
2275        3149        1        1
2275        3122        1        1
2249        3096        1        1
2249        3069        1        1
2249        3043        1        1
2249        3016        1        1
2223        2963        1        1
2223        2937        1        1
2223        2910        1        1
2223        2884        1        1
2223        2831        1        1
2223        2805        1        1
2223        2778        1        1
2223        2725        1        1
2196        2699        1        1
2196        2672        1        1
2196        2646        1        1
2196        2619        1        1
2196        2593        1        1
2196        2566        1        1
2196        2540        1        1
2196        2487        1        1
2196        2461        1        1
2196        2434        1        1
2196        2408        1        1
2196        2381        1        1
2196        2328        1        1
2196        2302        1        1
2196        2275        1        1
2196        2249        1        1
2196        2196        1        1
2196        2170        1        1
2196        2143        1        1
2196        2117        1        1
2196        2090        1        1
2196        2064        1        1
2196        2037        1        1
2196        2011        1        1
2196        1984        1        1
2196        1958        1        1
2196        1931        1        1
2196        1905        1        1
2196        1879        1        1
2196        1852        1        1
2196        1826        1        1
2196        1799        1        1
2196        1773        1        1
2196        1746        1        1
2196        1720        1        1
2196        1693        1        1
2196        1667        1        1
2196        1640        1        1
2196        1614        1        1
2196        1588        1        1
2196        1561        1        1
2196        1535        1        1
2196        1508        1        1
2170        1535        1        1
PEN_UP                  0
PEN_DOWN
 688        1614        1        2
 688        1588        1        2
 661        1588        1        2
 688        1588        1        2
 714        1588        1        2
 741        1588        1        2
 767        1588        1        2
 794        1588        1        2
 820        1588        1        2
 847        1588        1        2
 873        1588        1        2
 900        1588        1        2
 926        1588        1        2
 953        1588        1        2
1005        1588        1        2
1032        1588        1        2
1058        1588        1        2
1085        1588        1        2
1138        1588        1        2
1164        1588        1        2
1217        1588        1        2
1244        1588        1        2
1296        1588        1        2
1323        1588        1        2
1376        1561        1        2
1429        1561        1        2
1455        1561        1        2
1508        1561        1        2
1535        1561        1        2
1588        1561        1        2
1614        1561        1        2
1667        1561        1        2
1693        1561        1        2
1746        1561        1        2
1773        1561        1        2
1826        1561        1        2
1852        1561        1        2
1905        1561        1        2
1931        1535        1        2
1984        1535        1        2
2037        1535        1        2
2090        1535        1        2
2143        1535        1        2
2170        1535        1        2
2223        1508        1        2
2275        1508        1        2
2328        1508        1        2
2408        1508        1        2
2461        1508        1        2
2514        1482        1        2
2566        1482        1        2
2619        1482        1        2
2672        1482        1        2
2725        1482        1        2
2805        1482        1        2
2831        1482        1        2
2884        1482        1        2
2937        1482        1        2
2990        1482        1        2
3016        1482        1        2
3069        1482        1        2
3122        1482        1        2
3149        1482        1        2
3201        1455        1        2
3254        1455        1        2
3281        1455        1        2
3334        1455        1        2
3360        1455        1        2
3387        1455        1        2
3413        1455        1        2
3440        1455        1        2
3413        1455        1        2
3387        1482        1        2
PEN_UP                  0
PEN_DOWN
1693        2937        1        3
1667        2937        1        3
1667        2910        1        3
1693        2884        1        3
PEN_UP                  0
END_CHARACTER: AYA
