CHARACTER_NAME: DRA
STROKE_COUNT: 3
  X           Y   STYLUS_STATE STROKE
PEN_DOWN
2143        1614        1        1
2143        1640        1        1
2117        1667        1        1
2117        1693        1        1
2117        1720        1        1
2117        1746        1        1
2117        1773        1        1
2117        1799        1        1
2090        1799        1        1
2090        1826        1        1
2090        1852        1        1
2090        1879        1        1
2090        1905        1        1
2090        1931        1        1
2090        1958        1        1
2090        1984        1        1
2090        2011        1        1
2117        2037        1        1
2117        2064        1        1
2117        2090        1        1
2117        2117        1        1
2117        2143        1        1
2117        2170        1        1
2117        2196        1        1
2117        2223        1        1
2117        2249        1        1
2117        2275        1        1
2117        2302        1        1
2117        2328        1        1
2117        2355        1        1
2117        2381        1        1
2117        2408        1        1
2090        2434        1        1
2090        2461        1        1
2090        2487        1        1
2117        2487        1        1
2117        2461        1        1
2117        2434        1        1
2117        2408        1        1
2143        2408        1        1
2143        2381        1        1
2170        2381        1        1
2170        2355        1        1
2170        2328        1        1
2196        2328        1        1
2196        2302        1        1
2223        2275        1        1
2249        2249        1        1
2249        2223        1        1
2275        2196        1        1
2302        2196        1        1
2302        2170        1        1
2328        2143        1        1
2355        2143        1        1
2355        2117        1        1
2381        2090        1        1
2408        2090        1        1
2434        2064        1        1
2461        2064        1        1
2487        2037        1        1
2514        2037        1        1
2540        2011        1        1
2566        2011        1        1
2593        2011        1        1
2619        2011        1        1
2646        1984        1        1
2672        1984        1        1
2699        2011        1        1
2725        2011        1        1
2752        2011        1        1
2778        2011        1        1
2778        2037        1        1
2805        2037        1        1
2831        2064        1        1
2858        2064        1        1
2884        2090        1        1
2884        2117        1        1
2910        2117        1        1
2937        2143        1        1
2963        2170        1        1
2963        2196        1        1
2990        2223        1        1
2990        2249        1        1
3016        2275        1        1
3016        2302        1        1
3043        2355        1        1
3043        2381        1        1
3043        2408        1        1
3043        2434        1        1
3043        2461        1        1
3043        2487        1        1
3043        2540        1        1
3043        2566        1        1
3043        2593        1        1
3043        2619        1        1
3043        2646        1        1
3016        2672        1        1
3016        2699        1        1
3016        2725        1        1
2990        2752        1        1
2990        2778        1        1
2990        2805        1        1
2963        2831        1        1
2937        2858        1        1
2937        2884        1        1
2910        2910        1        1
2884        2937        1        1
2858        2963        1        1
2831        2990        1        1
2805        2990        1        1
2778        3016        1        1
2752        3043        1        1
2725        3043        1        1
2672        3043        1        1
2646        3069        1        1
2619        3069        1        1
2593        3069        1        1
2566        3096        1        1
2540        3096        1        1
2487        3096        1        1
2461        3096        1        1
2434        3096        1        1
2381        3069        1        1
2355        3069        1        1
2302        3069        1        1
2275        3069        1        1
2249        3043        1        1
2223        3043        1        1
2196        3043        1        1
2170        3016        1        1
2143        3016        1        1
2117        2990        1        1
2090        2990        1        1
2064        2990        1        1
2037        2963        1        1
2011        2937        1        1
1984        2937        1        1
1958        2910        1        1
1931        2884        1        1
1905        2884        1        1
1879        2858        1        1
1852        2831        1        1
1826        2805        1        1
1799        2778        1        1
1773        2752        1        1
1746        2725        1        1
1720        2699        1        1
1693        2672        1        1
1693        2646        1        1
1667        2593        1        1
1640        2566        1        1
1640        2540        1        1
1614        2514        1        1
1588        2487        1        1
1588        2434        1        1
1561        2408        1        1
1561        2381        1        1
1535        2355        1        1
1535        2302        1        1
1508        2275        1        1
1508        2249        1        1
1482        2223        1        1
1482        2196        1        1
1455        2170        1        1
1455        2143        1        1
1429        2117        1        1
1429        2090        1        1
1429        2064        1        1
1402        2037        1        1
1402        2011        1        1
1402        1984        1        1
1376        1984        1        1
1376        1958        1        1
1376        1931        1        1
1349        1931        1        1
1349        1905        1        1
1376        1905        1        1
1402        1931        1        1
1402        1958        1        1
PEN_UP                  0
PEN_DOWN
2275        3387        1        2
2249        3413        1        2
2249        3387        1        2
2249        3360        1        2
2249        3334        1        2
2249        3307        1        2
2249        3281        1        2
PEN_UP                  0
PEN_DOWN
1799        1535        1        3
1826        1535        1        3
1852        1535        1        3
1879        1535        1        3
1905        1535        1        3
1931        1535        1        3
1958        1535        1        3
1984        1535        1        3
2011        1535        1        3
2037        1535        1        3
2064        1535        1        3
2090        1561        1        3
2117        1561        1        3
2143        1561        1        3
2170        1561        1        3
2196        1561        1        3
2223        1561        1        3
2275        1561        1        3
2302        1561        1        3
2355        1561        1        3
2381        1561        1        3
2434        1561        1        3
2461        1561        1        3
2514        1535        1        3
2540        1535        1        3
2593        1535        1        3
2619        1535        1        3
2672        1535        1        3
2699        1535        1        3
2725        1535        1        3
2752        1535        1        3
2778        1535        1        3
2805        1561        1        3
2831        1561        1        3
2858        1561        1        3
2884        1561        1        3
2910        1561        1        3
2937        1561        1        3
2963        1561        1        3
2990        1561        1        3
3016        1561        1        3
3043        1561        1        3
3069        1561        1        3
3069        1535        1        3
3043        1535        1        3
PEN_UP                  0
END_CHARACTER: DRA
