CHARACTER_NAME: DHRA
STROKE_COUNT: 3
  X           Y   STYLUS_STATE STROKE
PEN_DOWN
1799        1826        1        1
1773        1826        1        1
1773        1799        1        1
1773        1773        1        1
1746        1773        1        1
1746        1746        1        1
1746        1773        1        1
1746        1799        1        1
1746        1826        1        1
1746        1852        1        1
1746        1879        1        1
1773        1905        1        1
1773        1931        1        1
1773        1958        1        1
1773        1984        1        1
1773        2011        1        1
1773        2064        1        1
1773        2090        1        1
1773        2117        1        1
1773        2170        1        1
1773        2196        1        1
1799        2223        1        1
1799        2249        1        1
1799        2302        1        1
1799        2328        1        1
1799        2355        1        1
1799        2408        1        1
1799        2434        1        1
1799        2461        1        1
1799        2487        1        1
1799        2540        1        1
1799        2566        1        1
1799        2593        1        1
1799        2646        1        1
1799        2672        1        1
1799        2699        1        1
1799        2752        1        1
1826        2778        1        1
1799        2805        1        1
1826        2831        1        1
1826        2858        1        1
1826        2884        1        1
1826        2910        1        1
1826        2937        1        1
1826        2963        1        1
1826        2990        1        1
1826        3016        1        1
1826        3043        1        1
1826        3069        1        1
1826        3096        1        1
1826        3122        1        1
1852        3122        1        1
1852        3149        1        1
1879        3175        1        1
1905        3175        1        1
1931        3201        1        1
1958        3201        1        1
1984        3201        1        1
2011        3201        1        1
2011        3175        1        1
2037        3175        1        1
2064        3175        1        1
2090        3149        1        1
2117        3149        1        1
2117        3122        1        1
2143        3096        1        1
2170        3096        1        1
2196        3069        1        1
2196        3043        1        1
2223        3043        1        1
2249        3016        1        1
2275        2990        1        1
2275        2963        1        1
2302        2937        1        1
2328        2910        1        1
2355        2884        1        1
2355        2858        1        1
2381        2831        1        1
2381        2805        1        1
2408        2778        1        1
2408        2752        1        1
2434        2725        1        1
2434        2699        1        1
2461        2672        1        1
2487        2646        1        1
2487        2619        1        1
2514        2593        1        1
2540        2566        1        1
2540        2540        1        1
2566        2487        1        1
2566        2461        1        1
2593        2434        1        1
2593        2408        1        1
2593        2381        1        1
2619        2355        1        1
2619        2328        1        1
2619        2302        1        1
2619        2275        1        1
2619        2249        1        1
2619        2223        1        1
2593        2223        1        1
2593        2196        1        1
2593        2170        1        1
2566        2196        1        1
2540        2196        1        1
2514        2196        1        1
2514        2223        1        1
2487        2223        1        1
2461        2223        1        1
2434        2249        1        1
2408        2275        1        1
2408        2302        1        1
2381        2302        1        1
2381        2328        1        1
2381        2355        1        1
2408        2355        1        1
2408        2381        1        1
2434        2381        1        1
2434        2408        1        1
2461        2408        1        1
2487        2408        1        1
2487        2434        1        1
2514        2408        1        1
2540        2408        1        1
2566        2408        1        1
2593        2408        1        1
2619        2408        1        1
2593        2408        1        1
2566        2408        1        1
PEN_UP                  0
PEN_DOWN
2090        3493        1        2
2064        3493        1        2
2064        3466        1        2
2064        3440        1        2
2064        3413        1        2
PEN_UP                  0
PEN_DOWN
1349        1640        1        3
1376        1640        1        3
1402        1640        1        3
1429        1614        1        3
1455        1614        1        3
1482        1614        1        3
1508        1614        1        3
1535        1614        1        3
1588        1614        1        3
1614        1614        1        3
1667        1614        1        3
1693        1614        1        3
1746        1614        1        3
1773        1614        1        3
1826        1614        1        3
1879        1614        1        3
1905        1614        1        3
1931        1614        1        3
1984        1614        1        3
2011        1614        1        3
2064        1614        1        3
2090        1614        1        3
2143        1614        1        3
2170        1614        1        3
2223        1614        1        3
2275        1614        1        3
2302        1614        1        3
2355        1614        1        3
2408        1614        1        3
2434        1614        1        3
2487        1614        1        3
2540        1614        1        3
2566        1614        1        3
2619        1614        1        3
2672        1614        1        3
2699        1614        1        3
2752        1614        1        3
2805        1614        1        3
2831        1614        1        3
2884        1614        1        3
2910        1614        1        3
2937        1614        1        3
2963        1614        1        3
2990        1614        1        3
3016        1614        1        3
3043        1614        1        3
3016        1614        1        3
PEN_UP                  0
END_CHARACTER: DHRA
