CHARACTER_NAME: KTA
STROKE_COUNT: 1
  X           Y   STYLUS_STATE STROKE
PEN_DOWN
2037        1852        1        1
2064        1852        1        1
2064        1879        1        1
2090        1879        1        1
2090        1905        1        1
2117        1905        1        1
2117        1931        1        1
2117        1958        1        1
2143        1984        1        1
2143        2011        1        1
2143        2037        1        1
2117        2037        1        1
2117        2064        1        1
2117        2090        1        1
2090        2090        1        1
2090        2117        1        1
2064        2117        1        1
2064        2143        1        1
2037        2143        1        1
2011        2143        1        1
1984        2117        1        1
1958        2117        1        1
1958        2090        1        1
1931        2090        1        1
1931        2064        1        1
1931        2037        1        1
1905        2037        1        1
1905        2011        1        1
1905        1984        1        1
1905        1958        1        1
1905        1931        1        1
1905        1905        1        1
1905        1879        1        1
1931        1879        1        1
1931        1852        1        1
1958        1852        1        1
1984        1826        1        1
2011        1826        1        1
2037        1826        1        1
2064        1826        1        1
2090        1826        1        1
2090        1852        1        1
2117        1852        1        1
2143        1852        1        1
2143        1879        1        1
2143        1905        1        1
2143        1931        1        1
2170        1931        1        1
2170        1958        1        1
2170        1984        1        1
2143        1984        1        1
2143        2011        1        1
2143        2037        1        1
2117        2037        1        1
2117        2064        1        1
2117        2090        1        1
2090        2090        1        1
2090        2117        1        1
2064        2117        1        1
2037        2117        1        1
2011        2117        1        1
2037        2143        1        1
2064        2143        1        1
2090        2143        1        1
2117        2143        1        1
2117        2117        1        1
2143        2117        1        1
2143        2090        1        1
2170        2090        1        1
2196        2090        1        1
2196        2064        1        1
2223        2064        1        1
2223        2037        1        1
2223        2011        1        1
2249        2011        1        1
2249        1984        1        1
2249        1958        1        1
2249        1931        1        1
2223        1905        1        1
2223        1879        1        1
2196        1852        1        1
2170        1826        1        1
2143        1826        1        1
2143        1799        1        1
2117        1799        1        1
2090        1799        1        1
2064        1799        1        1
2037        1799        1        1
2011        1799        1        1
1984        1799        1        1
1984        1826        1        1
1958        1826        1        1
1931        1826        1        1
1905        1826        1        1
1905        1852        1        1
1879        1852        1        1
1852        1852        1        1
1852        1879        1        1
1826        1879        1        1
1799        1905        1        1
1773        1905        1        1
1773        1931        1        1
1746        1958        1        1
1746        1984        1        1
1746        2011        1        1
1746        2037        1        1
1746        2064        1        1
1720        2090        1        1
1720        2117        1        1
1746        2143        1        1
1746        2170        1        1
1746        2196        1        1
1746        2223        1        1
1746        2249        1        1
1773        2275        1        1
1773        2302        1        1
1773        2328        1        1
1799        2355        1        1
1799        2381        1        1
1826        2408        1        1
1826        2434        1        1
1852        2434        1        1
1852        2461        1        1
1852        2487        1        1
1879        2487        1        1
1905        2514        1        1
1931        2514        1        1
1931        2540        1        1
1958        2540        1        1
1984        2540        1        1
2011        2566        1        1
2037        2566        1        1
2064        2593        1        1
2090        2593        1        1
2117        2593        1        1
2143        2593        1        1
2170        2593        1        1
2196        2619        1        1
2223        2619        1        1
2249        2619        1        1
2275        2619        1        1
2275        2646        1        1
2302        2646        1        1
2328        2646        1        1
2355        2646        1        1
2355        2672        1        1
2381        2672        1        1
2408        2672        1        1
2434        2699        1        1
2461        2699        1        1
2487        2725        1        1
2514        2725        1        1
2540        2752        1        1
2540        2778        1        1
2566        2778        1        1
2593        2805        1        1
2593        2831        1        1
2619        2858        1        1
2646        2858        1        1
2646        2884        1        1
2672        2910        1        1
2699        2963        1        1
2699        2990        1        1
2725        3016        1        1
2725        3043        1        1
2752        3069        1        1
2778        3122        1        1
2778        3149        1        1
2805        3201        1        1
2805        3228        1        1
2805        3281        1        1
2831        3307        1        1
2831        3334        1        1
2831        3387        1        1
2858        3413        1        1
2858        3440        1        1
2858        3466        1        1
2884        3466        1        1
2884        3493        1        1
2884        3519        1        1
2884        3545        1        1
2884        3519        1        1
2884        3493        1        1
2858        3493        1        1
2858        3466        1        1
2831        3466        1        1
PEN_UP                  0
END_CHARACTER: KTA
