CHARACTER_NAME: U
STROKE_COUNT: 3
  X           Y   STYLUS_STATE STROKE
PEN_DOWN
1879        1535        1        1
1879        1508        1        1
1879        1482        1        1
1852        1482        1        1
1879        1482        1        1
1879        1455        1        1
1852        1455        1        1
1852        1482        1        1
1852        1508        1        1
1852        1535        1        1
1852        1561        1        1
1852        1588        1        1
1852        1614        1        1
1852        1640        1        1
1852        1667        1        1
1852        1720        1        1
1852        1746        1        1
1852        1773        1        1
1852        1799        1        1
1852        1852        1        1
1826        1879        1        1
1826        1905        1        1
1826        1931        1        1
1826        1984        1        1
1826        2011        1        1
1826        2037        1        1
1826        2064        1        1
1826        2090        1        1
1826        2117        1        1
1826        2143        1        1
1826        2170        1        1
1826        2196        1        1
1826        2223        1        1
1826        2249        1        1
1826        2275        1        1
1826        2302        1        1
1826        2328        1        1
1826        2355        1        1
1852        2355        1        1
1852        2328        1        1
1852        2302        1        1
1879        2302        1        1
1879        2275        1        1
1879        2249        1        1
1905        2249        1        1
1905        2223        1        1
1931        2223        1        1
1931        2196        1        1
1958        2196        1        1
1958        2170        1        1
1984        2143        1        1
2011        2117        1        1
2037        2117        1        1
2037        2090        1        1
2064        2090        1        1
2064        2064        1        1
2090        2064        1        1
2117        2037        1        1
2143        2011        1        1
2170        1984        1        1
2196        1958        1        1
2223        1958        1        1
2249        1958        1        1
2275        1931        1        1
2302        1931        1        1
2328        1905        1        1
2355        1905        1        1
2381        1905        1        1
2408        1879        1        1
2434        1879        1        1
2461        1879        1        1
2487        1879        1        1
2514        1879        1        1
2540        1879        1        1
2566        1852        1        1
2593        1852        1        1
2619        1879        1        1
2646        1879        1        1
2672        1879        1        1
2699        1879        1        1
2752        1879        1        1
2778        1879        1        1
2805        1905        1        1
2831        1905        1        1
2858        1905        1        1
2884        1931        1        1
2910        1958        1        1
2937        1958        1        1
2963        1984        1        1
2990        2011        1        1
3016        2037        1        1
3043        2064        1        1
3069        2090        1        1
3069        2117        1        1
3096        2143        1        1
3122        2170        1        1
3122        2196        1        1
3149        2249        1        1
3149        2275        1        1
3149        2302        1        1
3175        2328        1        1
3175        2355        1        1
3175        2408        1        1
3175        2434        1        1
3175        2461        1        1
3149        2514        1        1
3149        2540        1        1
3149        2566        1        1
3122        2593        1        1
3122        2646        1        1
3096        2672        1        1
3069        2699        1        1
3043        2725        1        1
3016        2752        1        1
3016        2778        1        1
2963        2805        1        1
2937        2831        1        1
2910        2831        1        1
2884        2858        1        1
2858        2884        1        1
2831        2910        1        1
2805        2910        1        1
2778        2937        1        1
2725        2963        1        1
2699        2963        1        1
2646        2990        1        1
2619        2990        1        1
2593        2990        1        1
2540        3016        1        1
2514        3016        1        1
2487        3016        1        1
2434        3043        1        1
2408        3043        1        1
2355        3043        1        1
2328        3043        1        1
2302        3043        1        1
2249        3043        1        1
2223        3043        1        1
2196        3043        1        1
2170        3043        1        1
2143        3043        1        1
2117        3043        1        1
2090        3043        1        1
2064        3043        1        1
2037        3043        1        1
2011        3043        1        1
1984        3043        1        1
1958        3043        1        1
1931        3016        1        1
1905        3016        1        1
1879        3016        1        1
1852        2990        1        1
1826        2990        1        1
1799        2990        1        1
1773        2963        1        1
1746        2963        1        1
1720        2963        1        1
1720        2937        1        1
1693        2937        1        1
1667        2910        1        1
1640        2910        1        1
1640        2884        1        1
1614        2884        1        1
1588        2858        1        1
1561        2858        1        1
1535        2831        1        1
1508        2805        1        1
1482        2778        1        1
1455        2752        1        1
1429        2725        1        1
1402        2699        1        1
1376        2672        1        1
1376        2646        1        1
1349        2619        1        1
1323        2593        1        1
1323        2566        1        1
1296        2540        1        1
1270        2514        1        1
1270        2487        1        1
1270        2461        1        1
1244        2434        1        1
1244        2408        1        1
1217        2355        1        1
1217        2328        1        1
1191        2302        1        1
1191        2249        1        1
1191        2223        1        1
1164        2196        1        1
1164        2143        1        1
1138        2117        1        1
1138        2064        1        1
1138        2037        1        1
1111        2011        1        1
1111        1958        1        1
1085        1931        1        1
1085        1905        1        1
1085        1852        1        1
1058        1826        1        1
1058        1799        1        1
1032        1773        1        1
1032        1746        1        1
1032        1720        1        1
1032        1693        1        1
1032        1667        1        1
1005        1640        1        1
1005        1614        1        1
1005        1588        1        1
1032        1588        1        1
PEN_UP                  0
PEN_DOWN
2619        1429        1        2
2619        1402        1        2
2619        1376        1        2
2619        1349        1        2
2593        1349        1        2
2593        1323        1        2
2566        1296        1        2
2566        1270        1        2
2540        1244        1        2
2540        1217        1        2
2514        1191        1        2
2514        1164        1        2
2487        1138        1        2
2461        1111        1        2
2461        1085        1        2
2434        1085        1        2
2408        1058        1        2
2381        1032        1        2
2381        1005        1        2
2355        1005        1        2
2328         979        1        2
2302         979        1        2
2302         953        1        2
2275         953        1        2
2249         926        1        2
2223         926        1        2
2196         900        1        2
2170         900        1        2
2143         873        1        2
2117         873        1        2
2090         873        1        2
2090         847        1        2
2064         847        1        2
2037         847        1        2
2011         847        1        2
1984         847        1        2
1958         847        1        2
1931         847        1        2
1905         847        1        2
1879         847        1        2
1852         847        1        2
1826         847        1        2
1799         847        1        2
1773         847        1        2
1746         847        1        2
1720         847        1        2
1693         847        1        2
1667         847        1        2
1640         820        1        2
1614         820        1        2
1588         820        1        2
1561         820        1        2
1535         820        1        2
1508         820        1        2
1482         820        1        2
1455         794        1        2
1429         794        1        2
1402         794        1        2
1376         794        1        2
1349         767        1        2
1323         767        1        2
1296         767        1        2
1270         741        1        2
1244         741        1        2
1217         714        1        2
1191         714        1        2
1164         688        1        2
1138         688        1        2
1111         661        1        2
1085         635        1        2
1085         609        1        2
1058         582        1        2
1058         556        1        2
1032         529        1        2
1032         503        1        2
1032         476        1        2
1058         503        1        2
PEN_UP                  0
PEN_DOWN
1217        1508        1        3
1191        1508        1        3
1217        1508        1        3
1244        1508        1        3
1270        1508        1        3
1296        1508        1        3
1323        1508        1        3
1349        1508        1        3
1376        1508        1        3
1402        1508        1        3
1429        1508        1        3
1455        1508        1        3
1482        1508        1        3
1508        1482        1        3
1535        1482        1        3
1561        1482        1        3
1588        1482        1        3
1614        1482        1        3
1667        1482        1        3
1693        1482        1        3
1720        1482        1        3
1746        1482        1        3
1799        1482        1        3
1826        1482        1        3
1852        1482        1        3
1905        1482        1        3
1931        1482        1        3
1958        1482        1        3
2011        1482        1        3
2037        1482        1        3
2064        1482        1        3
2117        1482        1        3
2143        1455        1        3
2196        1455        1        3
2223        1455        1        3
2249        1455        1        3
2302        1455        1        3
2355        1455        1        3
2381        1455        1        3
2434        1455        1        3
2461        1455        1        3
2514        1455        1        3
2540        1455        1        3
2566        1455        1        3
2619        1455        1        3
2646        1455        1        3
2672        1455        1        3
2725        1455        1        3
2752        1429        1        3
2805        1429        1        3
2831        1429        1        3
2884        1429        1        3
2910        1429        1        3
2963        1429        1        3
2990        1429        1        3
3043        1429        1        3
3069        1429        1        3
3122        1429        1        3
3149        1429        1        3
3175        1429        1        3
3228        1429        1        3
3254        1429        1        3
3281        1429        1        3
3307        1429        1        3
3334        1429        1        3
3387        1429        1        3
3413        1429        1        3
3440        1402        1        3
3466        1402        1        3
3466        1429        1        3
3440        1429        1        3
3413        1429        1        3
3387        1429        1        3
PEN_UP                  0
END_CHARACTER: U
