CHARACTER_NAME: ANSR
STROKE_COUNT: 2
  X           Y   STYLUS_STATE STROKE
PEN_DOWN
2646        2249        1        1
2646        2223        1        1
2619        2223        1        1
2619        2196        1        1
2593        2196        1        1
2566        2196        1        1
2540        2196        1        1
2514        2196        1        1
2514        2223        1        1
2487        2223        1        1
2461        2249        1        1
2434        2275        1        1
2434        2302        1        1
2408        2302        1        1
2408        2328        1        1
2408        2355        1        1
2434        2355        1        1
2434        2381        1        1
2461        2381        1        1
2487        2381        1        1
2514        2381        1        1
2540        2381        1        1
2540        2355        1        1
2566        2355        1        1
2593        2328        1        1
2619        2328        1        1
2619        2302        1        1
2646        2302        1        1
2646        2275        1        1
2646        2249        1        1
2646        2223        1        1
2646        2196        1        1
2619        2196        1        1
2593        2223        1        1
2566        2249        1        1
PEN_UP                  0
PEN_DOWN
2619        2831        1        2
2593        2831        1        2
2566        2831        1        2
2540        2805        1        2
2514        2805        1        2
2540        2805        1        2
2540        2831        1        2
2566        2831        1        2
2593        2831        1        2
2619        2858        1        2
2646        2858        1        2
2699        2884        1        2
2752        2910        1        2
2778        2937        1        2
2831        2963        1        2
2858        3016        1        2
2910        3069        1        2
2937        3122        1        2
2963        3175        1        2
2990        3228        1        2
3016        3281        1        2
3043        3334        1        2
3043        3387        1        2
3069        3413        1        2
3069        3440        1        2
3069        3466        1        2
3069        3493        1        2
3096        3493        1        2
3069        3493        1        2
3069        3466        1        2
3069        3440        1        2
3069        3413        1        2
PEN_UP                  0
END_CHARACTER: ANSR
