CHARACTER_NAME: BXG
STROKE_COUNT: 2
  X           Y   STYLUS_STATE STROKE
PEN_DOWN
1879        1111        1        1
1879        1085        1        1
1852        1085        1        1
1852        1111        1        1
1826        1111        1        1
1799        1138        1        1
1799        1164        1        1
1773        1164        1        1
1746        1191        1        1
1720        1217        1        1
1720        1244        1        1
1693        1244        1        1
1693        1270        1        1
1667        1296        1        1
1667        1323        1        1
1640        1323        1        1
1640        1349        1        1
1640        1376        1        1
1640        1402        1        1
1640        1429        1        1
1640        1455        1        1
1667        1455        1        1
1667        1482        1        1
1667        1508        1        1
1693        1508        1        1
1693        1535        1        1
1693        1561        1        1
1720        1561        1        1
1720        1588        1        1
1746        1588        1        1
1773        1614        1        1
1799        1614        1        1
1826        1614        1        1
1852        1614        1        1
1879        1640        1        1
1905        1614        1        1
1931        1614        1        1
1958        1614        1        1
1984        1614        1        1
1984        1588        1        1
2011        1588        1        1
2037        1588        1        1
2037        1561        1        1
2064        1535        1        1
2064        1508        1        1
2090        1508        1        1
2090        1482        1        1
2117        1482        1        1
2117        1455        1        1
2117        1429        1        1
2117        1402        1        1
2117        1376        1        1
2143        1376        1        1
2143        1349        1        1
2117        1349        1        1
2117        1323        1        1
2117        1296        1        1
2117        1270        1        1
2117        1244        1        1
2090        1244        1        1
2090        1217        1        1
2064        1191        1        1
2064        1164        1        1
2037        1164        1        1
2037        1138        1        1
2011        1138        1        1
2011        1111        1        1
1984        1111        1        1
1958        1111        1        1
1931        1111        1        1
1905        1111        1        1
1879        1138        1        1
1852        1138        1        1
1852        1164        1        1
1826        1164        1        1
1799        1164        1        1
1799        1191        1        1
PEN_UP                  0
PEN_DOWN
1958        2170        1        2
1958        2143        1        2
1931        2143        1        2
1905        2117        1        2
1879        2117        1        2
1852        2117        1        2
1826        2143        1        2
1799        2170        1        2
1799        2196        1        2
1773        2196        1        2
1773        2223        1        2
1746        2223        1        2
1746        2249        1        2
1746        2275        1        2
1746        2302        1        2
1720        2328        1        2
1720        2355        1        2
1720        2381        1        2
1720        2408        1        2
1746        2434        1        2
1746        2461        1        2
1746        2487        1        2
1773        2487        1        2
1773        2514        1        2
1773        2540        1        2
1799        2540        1        2
1799        2566        1        2
1799        2593        1        2
1826        2593        1        2
1852        2619        1        2
1879        2619        1        2
1879        2646        1        2
1905        2646        1        2
1931        2646        1        2
1958        2646        1        2
1984        2646        1        2
2011        2619        1        2
2037        2619        1        2
2064        2619        1        2
2064        2593        1        2
2090        2593        1        2
2117        2566        1        2
2143        2540        1        2
2143        2514        1        2
2170        2514        1        2
2170        2487        1        2
2170        2461        1        2
2170        2434        1        2
2170        2408        1        2
2170        2381        1        2
2170        2355        1        2
2170        2328        1        2
2170        2302        1        2
2143        2275        1        2
2143        2249        1        2
2117        2249        1        2
2117        2223        1        2
2090        2223        1        2
2090        2196        1        2
2064        2196        1        2
2037        2196        1        2
2011        2196        1        2
1984        2196        1        2
1958        2196        1        2
1931        2196        1        2
1905        2196        1        2
1879        2196        1        2
1852        2223        1        2
1826        2223        1        2
1799        2223        1        2
PEN_UP                  0
END_CHARACTER: BXG
