CHARACTER_NAME: CBN
STROKE_COUNT: 2
  X           Y   STYLUS_STATE STROKE
PEN_DOWN
1402        2117        1        1
1429        2143        1        1
1455        2170        1        1
1482        2196        1        1
1508        2196        1        1
1508        2223        1        1
1535        2223        1        1
1535        2249        1        1
1561        2249        1        1
1561        2275        1        1
1588        2275        1        1
1614        2302        1        1
1640        2302        1        1
1667        2328        1        1
1693        2328        1        1
1746        2328        1        1
1773        2328        1        1
1799        2302        1        1
1852        2302        1        1
1879        2302        1        1
1931        2275        1        1
1958        2275        1        1
2011        2249        1        1
2037        2223        1        1
2064        2223        1        1
2090        2196        1        1
2117        2170        1        1
2143        2143        1        1
2170        2117        1        1
2196        2090        1        1
2223        2064        1        1
2249        2011        1        1
2249        1984        1        1
2275        1958        1        1
2302        1905        1        1
2328        1879        1        1
2328        1852        1        1
2355        1826        1        1
2355        1799        1        1
2355        1773        1        1
2381        1746        1        1
2381        1720        1        1
2381        1746        1        1
PEN_UP                  0
PEN_DOWN
1879        2064        1        2
1879        2037        1        2
1905        2037        1        2
1905        2011        1        2
1905        1984        1        2
PEN_UP                  0
END_CHARACTER: CBN
