CHARACTER_NAME: KK
STROKE_COUNT: 3
  X           Y   STYLUS_STATE STROKE
PEN_DOWN
1667        1614        1        1
1667        1588        1        1
1640        1588        1        1
1614        1588        1        1
1588        1588        1        1
1561        1588        1        1
1588        1588        1        1
1614        1588        1        1
1614        1614        1        1
1640        1614        1        1
1667        1614        1        1
1693        1614        1        1
1720        1614        1        1
1746        1614        1        1
1773        1614        1        1
1799        1614        1        1
1826        1614        1        1
1852        1614        1        1
1879        1614        1        1
1905        1614        1        1
1931        1614        1        1
1958        1614        1        1
1984        1588        1        1
2011        1588        1        1
2037        1588        1        1
2064        1588        1        1
2090        1588        1        1
2117        1588        1        1
2143        1588        1        1
2170        1588        1        1
2196        1588        1        1
2223        1588        1        1
2249        1588        1        1
2275        1588        1        1
2302        1588        1        1
2328        1588        1        1
2355        1588        1        1
2381        1588        1        1
2408        1588        1        1
2434        1588        1        1
2461        1588        1        1
2487        1588        1        1
2514        1588        1        1
2540        1588        1        1
2540        1561        1        1
2566        1588        1        1
2593        1588        1        1
2593        1561        1        1
2619        1561        1        1
2646        1561        1        1
2672        1561        1        1
2699        1561        1        1
2725        1561        1        1
2752        1561        1        1
2778        1561        1        1
2805        1561        1        1
2831        1561        1        1
2858        1561        1        1
2884        1561        1        1
2910        1561        1        1
2937        1561        1        1
2963        1561        1        1
2990        1561        1        1
3016        1561        1        1
2990        1561        1        1
PEN_UP                  0
PEN_DOWN
2117        1720        1        2
2143        1693        1        2
2143        1667        1        2
2143        1693        1        2
2117        1693        1        2
2090        1693        1        2
2090        1720        1        2
2064        1720        1        2
2064        1746        1        2
2037        1746        1        2
2011        1773        1        2
1984        1799        1        2
1958        1826        1        2
1931        1826        1        2
1931        1852        1        2
1905        1879        1        2
1879        1905        1        2
1852        1905        1        2
1826        1931        1        2
1799        1958        1        2
1773        1984        1        2
1746        2011        1        2
1720        2011        1        2
1693        2037        1        2
1667        2064        1        2
1640        2090        1        2
1614        2090        1        2
1640        2090        1        2
1640        2064        1        2
1667        2064        1        2
1693        2064        1        2
1720        2064        1        2
1746        2090        1        2
1773        2090        1        2
1799        2090        1        2
1826        2117        1        2
1852        2117        1        2
1879        2143        1        2
1905        2170        1        2
1931        2196        1        2
1931        2223        1        2
1958        2249        1        2
1984        2249        1        2
1984        2275        1        2
2011        2302        1        2
2011        2328        1        2
2037        2355        1        2
2037        2381        1        2
2037        2408        1        2
2064        2434        1        2
2064        2461        1        2
2090        2461        1        2
2090        2434        1        2
2090        2408        1        2
2064        2381        1        2
2064        2355        1        2
2064        2328        1        2
2064        2302        1        2
2064        2275        1        2
2064        2249        1        2
2064        2223        1        2
2064        2196        1        2
2090        2196        1        2
2090        2170        1        2
2090        2143        1        2
2090        2117        1        2
2090        2090        1        2
2090        2064        1        2
2090        2037        1        2
2117        2037        1        2
2117        2011        1        2
2117        1984        1        2
2117        1958        1        2
2117        1931        1        2
2117        1905        1        2
2117        1879        1        2
2117        1852        1        2
2117        1826        1        2
2117        1799        1        2
2117        1773        1        2
2117        1746        1        2
2143        1720        1        2
2143        1693        1        2
2170        1693        1        2
2196        1667        1        2
2223        1667        1        2
2249        1667        1        2
2249        1693        1        2
2275        1693        1        2
2302        1720        1        2
2328        1720        1        2
2355        1746        1        2
2355        1773        1        2
2381        1773        1        2
2381        1799        1        2
2381        1826        1        2
2381        1852        1        2
2381        1879        1        2
2381        1905        1        2
2355        1931        1        2
PEN_UP                  0
PEN_DOWN
1905        2540        1        3
1905        2514        1        3
1931        2514        1        3
1931        2487        1        3
1958        2461        1        3
1958        2434        1        3
1984        2434        1        3
1984        2408        1        3
1984        2381        1        3
2011        2381        1        3
2011        2355        1        3
2011        2328        1        3
2037        2328        1        3
2011        2328        1        3
2011        2355        1        3
2011        2381        1        3
1984        2381        1        3
1984        2408        1        3
1958        2434        1        3
1931        2461        1        3
1931        2487        1        3
1905        2487        1        3
1879        2514        1        3
1879        2540        1        3
1852        2540        1        3
1852        2566        1        3
1826        2593        1        3
1799        2593        1        3
1799        2619        1        3
1773        2646        1        3
1746        2672        1        3
1720        2699        1        3
1693        2725        1        3
1720        2725        1        3
1746        2725        1        3
1773        2725        1        3
1799        2725        1        3
1826        2752        1        3
1852        2752        1        3
1879        2752        1        3
1905        2778        1        3
1931        2778        1        3
1958        2805        1        3
1984        2831        1        3
2011        2858        1        3
2037        2884        1        3
2064        2910        1        3
2064        2937        1        3
2090        2963        1        3
2090        2990        1        3
2117        3016        1        3
2117        3043        1        3
2117        3069        1        3
2143        3096        1        3
2143        3122        1        3
2143        3096        1        3
2143        3069        1        3
2143        3043        1        3
2143        3016        1        3
2143        2990        1        3
2143        2963        1        3
2143        2937        1        3
2143        2910        1        3
2143        2884        1        3
2143        2858        1        3
2143        2831        1        3
2143        2805        1        3
2143        2778        1        3
2143        2752        1        3
2143        2725        1        3
2143        2699        1        3
2143        2672        1        3
2143        2646        1        3
2143        2619        1        3
2143        2593        1        3
2143        2566        1        3
2143        2540        1        3
2143        2514        1        3
2143        2487        1        3
2143        2461        1        3
2143        2434        1        3
2143        2408        1        3
2117        2408        1        3
2117        2381        1        3
2143        2381        1        3
2170        2381        1        3
2196        2381        1        3
2223        2381        1        3
2249        2381        1        3
2275        2408        1        3
2302        2408        1        3
2328        2434        1        3
2355        2434        1        3
2381        2461        1        3
2381        2487        1        3
2408        2514        1        3
2381        2540        1        3
2381        2566        1        3
2381        2593        1        3
2381        2619        1        3
2355        2619        1        3
2355        2646        1        3
2355        2672        1        3
2328        2672        1        3
2328        2699        1        3
2328        2672        1        3
PEN_UP                  0
END_CHARACTER: KK
