CHARACTER_NAME: KT
STROKE_COUNT: 3
  X           Y   STYLUS_STATE STROKE
PEN_DOWN
2037        1535        1        1
2064        1535        1        1
2037        1535        1        1
2011        1535        1        1
2011        1561        1        1
2037        1535        1        1
2064        1561        1        1
2037        1561        1        1
2037        1588        1        1
2011        1588        1        1
2011        1614        1        1
1984        1588        1        1
1984        1561        1        1
2011        1561        1        1
2011        1535        1        1
2037        1535        1        1
2064        1535        1        1
2064        1561        1        1
2037        1561        1        1
2064        1588        1        1
2037        1588        1        1
2037        1614        1        1
2011        1614        1        1
2011        1588        1        1
2011        1561        1        1
2037        1561        1        1
2037        1535        1        1
2064        1535        1        1
2064        1508        1        1
2090        1508        1        1
2090        1482        1        1
2117        1482        1        1
2143        1482        1        1
2170        1482        1        1
2170        1455        1        1
2196        1455        1        1
2223        1455        1        1
2249        1455        1        1
2249        1482        1        1
2275        1482        1        1
2302        1482        1        1
2328        1482        1        1
2355        1482        1        1
2381        1508        1        1
2408        1508        1        1
2434        1508        1        1
2434        1535        1        1
2461        1535        1        1
2461        1561        1        1
2487        1561        1        1
2514        1561        1        1
2514        1588        1        1
2540        1588        1        1
2540        1614        1        1
2566        1640        1        1
2540        1640        1        1
2566        1640        1        1
2566        1667        1        1
2566        1693        1        1
2540        1693        1        1
2540        1720        1        1
2514        1746        1        1
2514        1773        1        1
2487        1773        1        1
2487        1799        1        1
2461        1799        1        1
2461        1826        1        1
2434        1826        1        1
2434        1852        1        1
2408        1852        1        1
2381        1852        1        1
2381        1879        1        1
2355        1879        1        1
2328        1905        1        1
2302        1905        1        1
2275        1931        1        1
2249        1931        1        1
2223        1931        1        1
2196        1958        1        1
2170        1958        1        1
2143        1958        1        1
2143        1931        1        1
2117        1931        1        1
2143        1931        1        1
2143        1905        1        1
2170        1931        1        1
2170        1905        1        1
2196        1905        1        1
2223        1905        1        1
2249        1905        1        1
2275        1905        1        1
2302        1905        1        1
2328        1905        1        1
2355        1905        1        1
2381        1905        1        1
2408        1931        1        1
2434        1931        1        1
2461        1931        1        1
2487        1958        1        1
2514        1958        1        1
2514        1984        1        1
2540        1984        1        1
2540        2011        1        1
2566        2011        1        1
2566        2037        1        1
2566        2064        1        1
2593        2064        1        1
2593        2090        1        1
2593        2117        1        1
2619        2143        1        1
2619        2170        1        1
2619        2196        1        1
2619        2223        1        1
2619        2249        1        1
2593        2275        1        1
2593        2302        1        1
2593        2328        1        1
2566        2355        1        1
2566        2381        1        1
2540        2408        1        1
2540        2434        1        1
2514        2434        1        1
2487        2461        1        1
2461        2487        1        1
2434        2514        1        1
2408        2540        1        1
2381        2540        1        1
2355        2540        1        1
2328        2566        1        1
2302        2566        1        1
2275        2566        1        1
2249        2566        1        1
2223        2566        1        1
2196        2566        1        1
2170        2540        1        1
2143        2540        1        1
2117        2540        1        1
2064        2540        1        1
2037        2514        1        1
2011        2514        1        1
1984        2487        1        1
1931        2461        1        1
1905        2434        1        1
1879        2434        1        1
1826        2381        1        1
1799        2355        1        1
1773        2328        1        1
1720        2302        1        1
1693        2275        1        1
1640        2249        1        1
1588        2196        1        1
1561        2170        1        1
1508        2143        1        1
1482        2090        1        1
1455        2064        1        1
1429        2037        1        1
1376        2011        1        1
1376        1984        1        1
1349        1958        1        1
1323        1905        1        1
1296        1879        1        1
1270        1852        1        1
1244        1826        1        1
1244        1799        1        1
1217        1799        1        1
1217        1773        1        1
1191        1746        1        1
1217        1746        1        1
1244        1746        1        1
PEN_UP                  0
PEN_DOWN
2593        1693        1        2
2619        1693        1        2
2619        1667        1        2
2646        1667        1        2
2672        1640        1        2
2699        1640        1        2
2725        1614        1        2
2752        1614        1        2
2778        1614        1        2
2805        1614        1        2
2831        1614        1        2
2858        1640        1        2
2884        1640        1        2
2910        1640        1        2
2910        1667        1        2
2937        1667        1        2
2963        1667        1        2
2963        1693        1        2
2990        1693        1        2
2990        1720        1        2
3016        1720        1        2
3043        1746        1        2
3043        1773        1        2
3069        1773        1        2
3069        1799        1        2
3096        1826        1        2
3096        1852        1        2
3096        1879        1        2
3096        1905        1        2
3096        1931        1        2
3096        1958        1        2
3096        1984        1        2
3069        2011        1        2
3069        2037        1        2
3043        2064        1        2
3043        2090        1        2
3016        2090        1        2
3016        2117        1        2
2990        2117        1        2
2963        2117        1        2
2937        2117        1        2
2910        2117        1        2
2884        2090        1        2
2858        2090        1        2
2858        2064        1        2
2831        2037        1        2
2831        2011        1        2
2858        2011        1        2
2858        1984        1        2
2884        1958        1        2
2910        1958        1        2
2910        1931        1        2
2937        1931        1        2
2937        1958        1        2
2963        1958        1        2
2963        1984        1        2
2937        1958        1        2
PEN_UP                  0
PEN_DOWN
1773        1323        1        3
1773        1349        1        3
1773        1376        1        3
1773        1402        1        3
1799        1402        1        3
1826        1429        1        3
1826        1402        1        3
1852        1402        1        3
1852        1429        1        3
1879        1402        1        3
1905        1429        1        3
1931        1402        1        3
1958        1402        1        3
1984        1429        1        3
2011        1429        1        3
2037        1429        1        3
2064        1402        1        3
2090        1429        1        3
2117        1429        1        3
2143        1429        1        3
2170        1429        1        3
2196        1429        1        3
2223        1429        1        3
2249        1429        1        3
2275        1429        1        3
2302        1429        1        3
2328        1429        1        3
2355        1429        1        3
2381        1429        1        3
2408        1429        1        3
2434        1429        1        3
2461        1429        1        3
2514        1429        1        3
2540        1429        1        3
2566        1402        1        3
2593        1402        1        3
2619        1402        1        3
2646        1402        1        3
2672        1402        1        3
2699        1402        1        3
2725        1402        1        3
2752        1402        1        3
2778        1402        1        3
2805        1402        1        3
2831        1402        1        3
2858        1402        1        3
2884        1402        1        3
2910        1402        1        3
2937        1402        1        3
2963        1402        1        3
2990        1402        1        3
3016        1402        1        3
3043        1402        1        3
3069        1402        1        3
3096        1402        1        3
3122        1402        1        3
3149        1402        1        3
3175        1402        1        3
PEN_UP                  0
END_CHARACTER: KT
