CHARACTER_NAME: KTT
STROKE_COUNT: 5
  X           Y   STYLUS_STATE STROKE
PEN_DOWN
2249        1455        1        1
2249        1429        1        1
2249        1455        1        1
2223        1455        1        1
2196        1455        1        1
2196        1482        1        1
2170        1482        1        1
2143        1508        1        1
2117        1508        1        1
2117        1535        1        1
2090        1535        1        1
2064        1561        1        1
2037        1588        1        1
2011        1588        1        1
2011        1614        1        1
1984        1614        1        1
1958        1640        1        1
1931        1667        1        1
1905        1693        1        1
1879        1720        1        1
1852        1746        1        1
1826        1746        1        1
1826        1773        1        1
1799        1773        1        1
1773        1799        1        1
1799        1826        1        1
1826        1826        1        1
1852        1852        1        1
1879        1852        1        1
1905        1879        1        1
1931        1879        1        1
1958        1905        1        1
1984        1931        1        1
2011        1958        1        1
2037        2011        1        1
2064        2037        1        1
2090        2064        1        1
2090        2090        1        1
2117        2143        1        1
2143        2170        1        1
2143        2196        1        1
2170        2223        1        1
2170        2249        1        1
2196        2249        1        1
2196        2275        1        1
2196        2302        1        1
2223        2302        1        1
2223        2328        1        1
2223        2302        1        1
2223        2275        1        1
2223        2249        1        1
2223        2223        1        1
2223        2196        1        1
2223        2170        1        1
2223        2143        1        1
2223        2117        1        1
2223        2064        1        1
2223        2037        1        1
2249        2011        1        1
2249        1984        1        1
2249        1958        1        1
2249        1931        1        1
2249        1905        1        1
2249        1879        1        1
2249        1852        1        1
2275        1826        1        1
2275        1799        1        1
2275        1773        1        1
2275        1746        1        1
2275        1720        1        1
2275        1693        1        1
2275        1667        1        1
2275        1640        1        1
2275        1614        1        1
2275        1588        1        1
2275        1561        1        1
2275        1535        1        1
2275        1508        1        1
2275        1482        1        1
2275        1455        1        1
2302        1429        1        1
2328        1429        1        1
2355        1429        1        1
2381        1402        1        1
2408        1402        1        1
2434        1402        1        1
2461        1402        1        1
2487        1402        1        1
2514        1402        1        1
2540        1402        1        1
2566        1402        1        1
2593        1429        1        1
2619        1429        1        1
2646        1429        1        1
2646        1455        1        1
2672        1455        1        1
2699        1455        1        1
2699        1482        1        1
2725        1482        1        1
2725        1508        1        1
2725        1535        1        1
2752        1535        1        1
2752        1561        1        1
2752        1588        1        1
2752        1614        1        1
2752        1640        1        1
2725        1640        1        1
2725        1667        1        1
2725        1693        1        1
2699        1720        1        1
2699        1746        1        1
2672        1746        1        1
2646        1746        1        1
2646        1720        1        1
PEN_UP                  0
PEN_DOWN
2223        2328        1        2
2196        2328        1        2
2249        2328        1        2
2275        2328        1        2
2249        2328        1        2
2249        2355        1        2
2223        2328        1        2
2196        2355        1        2
2170        2355        1        2
2143        2355        1        2
2143        2381        1        2
2117        2381        1        2
2090        2408        1        2
2064        2434        1        2
2037        2434        1        2
2037        2461        1        2
2011        2487        1        2
1984        2514        1        2
1984        2540        1        2
1984        2566        1        2
1958        2593        1        2
1958        2619        1        2
1958        2646        1        2
1958        2672        1        2
1958        2699        1        2
1958        2725        1        2
1958        2752        1        2
1958        2778        1        2
1958        2805        1        2
1984        2805        1        2
1984        2831        1        2
1984        2858        1        2
2011        2858        1        2
2011        2884        1        2
2037        2884        1        2
2037        2910        1        2
2064        2910        1        2
2064        2937        1        2
2090        2937        1        2
2117        2937        1        2
2143        2937        1        2
2143        2963        1        2
2170        2963        1        2
2196        2937        1        2
2223        2937        1        2
2249        2937        1        2
2275        2937        1        2
2302        2910        1        2
2328        2910        1        2
2355        2884        1        2
2381        2884        1        2
2381        2858        1        2
2408        2858        1        2
2408        2831        1        2
2434        2831        1        2
2461        2805        1        2
2461        2778        1        2
2434        2778        1        2
2434        2752        1        2
2408        2752        1        2
2408        2778        1        2
2408        2805        1        2
2408        2831        1        2
2381        2831        1        2
2381        2858        1        2
2408        2884        1        2
2434        2884        1        2
2461        2884        1        2
2487        2884        1        2
2487        2858        1        2
2461        2858        1        2
PEN_UP                  0
PEN_DOWN
2461        1270        1        3
2461        1244        1        3
2461        1270        1        3
PEN_UP                  0
PEN_DOWN
2725        1270        1        4
2725        1244        1        4
2725        1217        1        4
2699        1217        1        4
2699        1191        1        4
2699        1164        1        4
2672        1164        1        4
2672        1138        1        4
2672        1111        1        4
2646        1111        1        4
2646        1085        1        4
2619        1085        1        4
2619        1058        1        4
2593        1058        1        4
2566        1032        1        4
2540        1005        1        4
2514        1005        1        4
2514         979        1        4
2487         979        1        4
2461         979        1        4
2434         953        1        4
2408         953        1        4
2381         953        1        4
2355         953        1        4
2328         953        1        4
2302         953        1        4
2275         953        1        4
2249         953        1        4
2223         953        1        4
2196         953        1        4
2170         953        1        4
2170         979        1        4
2143         979        1        4
2143         953        1        4
2117         953        1        4
2090         953        1        4
2064         953        1        4
2037         953        1        4
2011         926        1        4
1984         926        1        4
1958         900        1        4
1931         873        1        4
1905         873        1        4
1879         847        1        4
1879         820        1        4
1852         820        1        4
1826         794        1        4
1826         767        1        4
1826         741        1        4
1799         688        1        4
1799         661        1        4
1799         635        1        4
1799         609        1        4
1799         582        1        4
1799         556        1        4
1799         529        1        4
1799         503        1        4
1826         476        1        4
1826         450        1        4
1852         476        1        4
PEN_UP                  0
PEN_DOWN
1773        1349        1        5
1746        1349        1        5
1720        1349        1        5
1693        1349        1        5
1720        1349        1        5
1746        1349        1        5
1773        1349        1        5
1799        1376        1        5
1799        1349        1        5
1826        1349        1        5
1852        1349        1        5
1879        1349        1        5
1905        1349        1        5
1931        1349        1        5
1958        1349        1        5
1984        1349        1        5
2011        1349        1        5
2037        1349        1        5
2064        1349        1        5
2090        1349        1        5
2117        1349        1        5
2170        1349        1        5
2196        1349        1        5
2223        1349        1        5
2249        1349        1        5
2275        1349        1        5
2302        1349        1        5
2328        1349        1        5
2355        1349        1        5
2381        1349        1        5
2434        1349        1        5
2461        1323        1        5
2487        1323        1        5
2514        1323        1        5
2540        1323        1        5
2593        1323        1        5
2619        1323        1        5
2646        1323        1        5
2699        1323        1        5
2725        1323        1        5
2778        1323        1        5
2805        1323        1        5
2831        1296        1        5
2858        1296        1        5
2884        1296        1        5
2910        1296        1        5
2963        1296        1        5
2990        1296        1        5
3016        1296        1        5
3043        1296        1        5
3096        1296        1        5
3122        1296        1        5
3149        1296        1        5
3175        1296        1        5
3228        1296        1        5
3254        1296        1        5
3281        1296        1        5
3334        1270        1        5
3360        1270        1        5
3387        1270        1        5
3413        1270        1        5
3440        1270        1        5
3466        1270        1        5
3493        1270        1        5
3466        1270        1        5
3440        1270        1        5
PEN_UP                  0
END_CHARACTER: KTT
