CHARACTER_NAME: KS
STROKE_COUNT: 4
  X           Y   STYLUS_STATE STROKE
PEN_DOWN
2064        1588        1        1
2064        1561        1        1
2064        1588        1        1
2037        1588        1        1
2011        1588        1        1
2011        1614        1        1
1984        1614        1        1
1984        1640        1        1
1958        1640        1        1
1931        1667        1        1
1905        1693        1        1
1879        1720        1        1
1852        1720        1        1
1852        1746        1        1
1826        1746        1        1
1799        1773        1        1
1773        1799        1        1
1746        1826        1        1
1720        1826        1        1
1693        1852        1        1
1693        1879        1        1
1667        1879        1        1
1640        1905        1        1
1614        1931        1        1
1588        1958        1        1
1561        1984        1        1
1588        1958        1        1
1614        1984        1        1
1640        1984        1        1
1667        1984        1        1
1693        1984        1        1
1720        1984        1        1
1746        1984        1        1
1773        2011        1        1
1799        2011        1        1
1826        2011        1        1
1852        2037        1        1
1879        2037        1        1
1905        2064        1        1
1931        2090        1        1
1958        2117        1        1
1984        2143        1        1
1984        2170        1        1
2011        2223        1        1
2037        2249        1        1
2037        2275        1        1
2064        2328        1        1
2090        2355        1        1
2090        2381        1        1
2117        2408        1        1
2117        2434        1        1
2117        2461        1        1
2143        2487        1        1
2143        2514        1        1
2143        2540        1        1
2143        2514        1        1
2143        2487        1        1
2143        2461        1        1
2143        2434        1        1
2117        2408        1        1
2117        2381        1        1
2117        2355        1        1
2117        2328        1        1
2117        2302        1        1
2117        2275        1        1
2117        2249        1        1
2117        2196        1        1
2117        2170        1        1
2117        2143        1        1
2117        2090        1        1
2117        2064        1        1
2117        2037        1        1
2117        2011        1        1
2143        1984        1        1
2143        1958        1        1
2143        1931        1        1
2143        1905        1        1
2143        1879        1        1
2143        1852        1        1
2143        1826        1        1
2143        1799        1        1
2143        1773        1        1
2143        1746        1        1
2143        1720        1        1
2143        1693        1        1
2143        1667        1        1
2143        1640        1        1
2143        1614        1        1
2143        1588        1        1
2143        1561        1        1
2170        1561        1        1
2196        1561        1        1
2223        1561        1        1
2249        1561        1        1
2275        1561        1        1
2302        1561        1        1
2328        1588        1        1
2355        1588        1        1
2381        1588        1        1
2408        1614        1        1
2434        1614        1        1
2434        1640        1        1
2461        1640        1        1
2461        1667        1        1
2487        1693        1        1
2487        1720        1        1
2487        1746        1        1
2487        1773        1        1
2461        1799        1        1
2434        1826        1        1
2408        1826        1        1
2408        1852        1        1
2381        1852        1        1
2355        1879        1        1
2355        1852        1        1
2355        1826        1        1
PEN_UP                  0
PEN_DOWN
2858        1535        1        2
2858        1508        1        2
2831        1482        1        2
2858        1482        1        2
2831        1482        1        2
2831        1508        1        2
2831        1535        1        2
2805        1535        1        2
2805        1561        1        2
2805        1588        1        2
2805        1614        1        2
2805        1640        1        2
2778        1640        1        2
2778        1667        1        2
2778        1693        1        2
2778        1720        1        2
2778        1746        1        2
2752        1773        1        2
2752        1799        1        2
2752        1826        1        2
2752        1852        1        2
2752        1879        1        2
2725        1905        1        2
2725        1931        1        2
2725        1958        1        2
2725        1984        1        2
2725        2011        1        2
2725        2064        1        2
2725        2090        1        2
2699        2117        1        2
2699        2143        1        2
2699        2196        1        2
2699        2223        1        2
2699        2249        1        2
2699        2302        1        2
2699        2328        1        2
2699        2355        1        2
2672        2408        1        2
2672        2434        1        2
2672        2461        1        2
2672        2487        1        2
2672        2514        1        2
2672        2566        1        2
2672        2593        1        2
2672        2619        1        2
2646        2646        1        2
2646        2672        1        2
2646        2699        1        2
2646        2725        1        2
2646        2752        1        2
2646        2778        1        2
2646        2805        1        2
2646        2778        1        2
2646        2752        1        2
2646        2725        1        2
2672        2699        1        2
2646        2672        1        2
2672        2672        1        2
2672        2646        1        2
2672        2619        1        2
2672        2593        1        2
2672        2566        1        2
2672        2540        1        2
2672        2514        1        2
2672        2487        1        2
2672        2461        1        2
2672        2434        1        2
2672        2408        1        2
2672        2381        1        2
2672        2355        1        2
2672        2328        1        2
2672        2302        1        2
2672        2275        1        2
2672        2249        1        2
2672        2223        1        2
2672        2196        1        2
2672        2170        1        2
2672        2143        1        2
2672        2117        1        2
2646        2117        1        2
2646        2090        1        2
2619        2090        1        2
2593        2090        1        2
2566        2090        1        2
2540        2090        1        2
2540        2117        1        2
2514        2117        1        2
2487        2143        1        2
2461        2143        1        2
2461        2170        1        2
2434        2170        1        2
2408        2196        1        2
2381        2223        1        2
2381        2249        1        2
2355        2249        1        2
2355        2275        1        2
2328        2302        1        2
2302        2328        1        2
2302        2355        1        2
2302        2381        1        2
2275        2381        1        2
2275        2408        1        2
2275        2434        1        2
2249        2461        1        2
2249        2487        1        2
2223        2487        1        2
2223        2514        1        2
2223        2540        1        2
2196        2540        1        2
2196        2566        1        2
2170        2566        1        2
2170        2593        1        2
2143        2619        1        2
2143        2646        1        2
2117        2646        1        2
2090        2672        1        2
2064        2672        1        2
2037        2699        1        2
2011        2699        1        2
1984        2699        1        2
1958        2699        1        2
1931        2725        1        2
1905        2725        1        2
1852        2725        1        2
1826        2699        1        2
1799        2699        1        2
1746        2699        1        2
1720        2699        1        2
1693        2672        1        2
1640        2672        1        2
1614        2646        1        2
1614        2619        1        2
1588        2619        1        2
1561        2593        1        2
1535        2566        1        2
1535        2540        1        2
1561        2540        1        2
1588        2540        1        2
1588        2514        1        2
PEN_UP                  0
PEN_DOWN
1852        1349        1        3
1826        1349        1        3
1799        1376        1        3
1799        1402        1        3
PEN_UP                  0
PEN_DOWN
1746        1429        1        4
1720        1455        1        4
1693        1455        1        4
1667        1455        1        4
1640        1455        1        4
1667        1455        1        4
1693        1455        1        4
1720        1455        1        4
1746        1455        1        4
1773        1455        1        4
1799        1455        1        4
1826        1455        1        4
1852        1455        1        4
1879        1455        1        4
1905        1455        1        4
1931        1455        1        4
1958        1455        1        4
1984        1455        1        4
2011        1455        1        4
2037        1455        1        4
2064        1455        1        4
2090        1429        1        4
2117        1455        1        4
2143        1455        1        4
2170        1455        1        4
2196        1455        1        4
2223        1455        1        4
2249        1455        1        4
2302        1455        1        4
2328        1455        1        4
2355        1429        1        4
2408        1429        1        4
2434        1429        1        4
2487        1429        1        4
2514        1429        1        4
2566        1429        1        4
2619        1429        1        4
2646        1429        1        4
2699        1429        1        4
2752        1402        1        4
2778        1402        1        4
2831        1402        1        4
2884        1402        1        4
2910        1402        1        4
2963        1402        1        4
2990        1402        1        4
3043        1402        1        4
3069        1402        1        4
3096        1376        1        4
3149        1376        1        4
3175        1376        1        4
3201        1376        1        4
3228        1376        1        4
3254        1376        1        4
3307        1376        1        4
3334        1376        1        4
3360        1376        1        4
3387        1349        1        4
3413        1349        1        4
3440        1349        1        4
3466        1349        1        4
3493        1349        1        4
3519        1349        1        4
3545        1349        1        4
3572        1349        1        4
3545        1349        1        4
PEN_UP                  0
END_CHARACTER: KS
