CHARACTER_NAME: KL
STROKE_COUNT: 3
  X           Y   STYLUS_STATE STROKE
PEN_DOWN
1826        1455        1        1
1826        1429        1        1
1852        1429        1        1
1826        1429        1        1
1826        1455        1        1
1799        1455        1        1
1799        1482        1        1
1773        1482        1        1
1773        1508        1        1
1746        1535        1        1
1746        1561        1        1
1720        1561        1        1
1693        1588        1        1
1667        1614        1        1
1640        1640        1        1
1614        1667        1        1
1561        1693        1        1
1535        1720        1        1
1508        1746        1        1
1455        1746        1        1
1429        1773        1        1
1376        1799        1        1
1349        1826        1        1
1323        1852        1        1
1296        1879        1        1
1270        1879        1        1
1296        1879        1        1
1323        1879        1        1
1349        1879        1        1
1376        1879        1        1
1429        1879        1        1
1455        1879        1        1
1482        1879        1        1
1508        1905        1        1
1535        1905        1        1
1561        1905        1        1
1588        1931        1        1
1614        1958        1        1
1640        1958        1        1
1667        1984        1        1
1693        2011        1        1
1720        2037        1        1
1746        2090        1        1
1746        2117        1        1
1773        2143        1        1
1773        2196        1        1
1799        2223        1        1
1826        2249        1        1
1826        2302        1        1
1852        2328        1        1
1852        2355        1        1
1852        2381        1        1
1879        2408        1        1
1879        2434        1        1
1905        2461        1        1
1905        2487        1        1
1905        2461        1        1
1905        2434        1        1
1905        2408        1        1
1905        2381        1        1
1905        2355        1        1
1879        2328        1        1
1879        2302        1        1
1879        2275        1        1
1879        2223        1        1
1879        2196        1        1
1879        2170        1        1
1879        2117        1        1
1879        2090        1        1
1879        2064        1        1
1879        2011        1        1
1879        1984        1        1
1852        1958        1        1
1852        1931        1        1
1852        1905        1        1
1852        1879        1        1
1852        1852        1        1
1879        1826        1        1
1879        1799        1        1
1879        1773        1        1
1879        1746        1        1
1879        1720        1        1
1879        1693        1        1
1879        1667        1        1
1879        1640        1        1
1879        1614        1        1
1879        1588        1        1
1879        1561        1        1
1879        1535        1        1
1879        1508        1        1
1905        1508        1        1
1905        1482        1        1
1931        1455        1        1
1958        1455        1        1
1984        1455        1        1
2011        1455        1        1
2037        1455        1        1
2064        1455        1        1
2090        1482        1        1
2117        1482        1        1
2143        1508        1        1
2170        1535        1        1
2170        1561        1        1
2196        1561        1        1
2196        1588        1        1
2196        1614        1        1
2196        1640        1        1
2196        1667        1        1
2196        1693        1        1
2170        1693        1        1
2170        1720        1        1
PEN_UP                  0
PEN_DOWN
1905        2487        1        2
1905        2461        1        2
1879        2461        1        2
1879        2434        1        2
1905        2434        1        2
1879        2434        1        2
1905        2461        1        2
1905        2487        1        2
1905        2514        1        2
1905        2540        1        2
1905        2566        1        2
1905        2593        1        2
1905        2619        1        2
1905        2646        1        2
1905        2672        1        2
1905        2699        1        2
1905        2725        1        2
1905        2752        1        2
1905        2778        1        2
1905        2805        1        2
1905        2831        1        2
1905        2858        1        2
1905        2884        1        2
1905        2910        1        2
1905        2937        1        2
1905        2910        1        2
1879        2910        1        2
1879        2884        1        2
1879        2858        1        2
1879        2831        1        2
1879        2805        1        2
1879        2778        1        2
1852        2778        1        2
1852        2752        1        2
1852        2725        1        2
1852        2699        1        2
1852        2672        1        2
1852        2646        1        2
1852        2619        1        2
1826        2619        1        2
1826        2593        1        2
1826        2566        1        2
1826        2540        1        2
1799        2540        1        2
1799        2514        1        2
1799        2487        1        2
1773        2487        1        2
1773        2461        1        2
1746        2434        1        2
1720        2434        1        2
1720        2408        1        2
1693        2408        1        2
1667        2381        1        2
1640        2381        1        2
1614        2381        1        2
1588        2381        1        2
1561        2381        1        2
1535        2381        1        2
1508        2381        1        2
1482        2381        1        2
1455        2381        1        2
1429        2408        1        2
1402        2408        1        2
1402        2434        1        2
1376        2434        1        2
1376        2461        1        2
1376        2487        1        2
1349        2487        1        2
1349        2514        1        2
1349        2540        1        2
1323        2540        1        2
1323        2566        1        2
1323        2593        1        2
1323        2619        1        2
1323        2646        1        2
1349        2646        1        2
1349        2672        1        2
1376        2672        1        2
1376        2699        1        2
1402        2699        1        2
1429        2699        1        2
1455        2672        1        2
1455        2646        1        2
1429        2646        1        2
1429        2619        1        2
1429        2593        1        2
1429        2566        1        2
1402        2566        1        2
1402        2540        1        2
1402        2514        1        2
1376        2514        1        2
1376        2487        1        2
1349        2487        1        2
1349        2461        1        2
1323        2461        1        2
1296        2434        1        2
1270        2434        1        2
1244        2434        1        2
1217        2434        1        2
1217        2461        1        2
1191        2461        1        2
1164        2461        1        2
1138        2461        1        2
1111        2461        1        2
1085        2461        1        2
1085        2487        1        2
1058        2487        1        2
1032        2487        1        2
1032        2514        1        2
1005        2514        1        2
 979        2514        1        2
 979        2540        1        2
 953        2566        1        2
 926        2593        1        2
 926        2619        1        2
 900        2646        1        2
 900        2672        1        2
 900        2699        1        2
 900        2725        1        2
 926        2725        1        2
 926        2752        1        2
 926        2778        1        2
 953        2805        1        2
 979        2831        1        2
1005        2831        1        2
1005        2858        1        2
1032        2858        1        2
1058        2858        1        2
1058        2831        1        2
PEN_UP                  0
PEN_DOWN
1058        1429        1        3
1085        1429        1        3
1111        1429        1        3
1138        1429        1        3
1164        1429        1        3
1191        1429        1        3
1217        1429        1        3
1244        1429        1        3
1270        1429        1        3
1296        1429        1        3
1323        1429        1        3
1349        1429        1        3
1376        1429        1        3
1402        1429        1        3
1429        1429        1        3
1455        1429        1        3
1482        1429        1        3
1508        1429        1        3
1561        1429        1        3
1588        1429        1        3
1614        1429        1        3
1640        1429        1        3
1667        1402        1        3
1720        1402        1        3
1746        1402        1        3
1773        1402        1        3
1799        1402        1        3
1852        1402        1        3
1879        1402        1        3
1905        1402        1        3
1931        1402        1        3
1958        1402        1        3
1984        1402        1        3
2037        1402        1        3
2064        1376        1        3
2090        1376        1        3
2143        1376        1        3
2170        1376        1        3
2196        1376        1        3
2249        1376        1        3
2275        1376        1        3
2328        1376        1        3
2355        1376        1        3
2408        1376        1        3
2461        1349        1        3
2487        1349        1        3
2540        1349        1        3
2566        1349        1        3
2619        1349        1        3
2646        1349        1        3
2672        1349        1        3
2725        1349        1        3
2752        1349        1        3
2805        1349        1        3
2831        1349        1        3
2858        1349        1        3
2884        1349        1        3
2910        1349        1        3
2937        1349        1        3
2963        1349        1        3
2937        1349        1        3
PEN_UP                  0
END_CHARACTER: KL
