CHARACTER_NAME: KM
STROKE_COUNT: 3
  X           Y   STYLUS_STATE STROKE
PEN_DOWN
1640        1879        1        1
1640        1852        1        1
1640        1826        1        1
1640        1852        1        1
1614        1852        1        1
1588        1879        1        1
1588        1905        1        1
1561        1931        1        1
1535        1958        1        1
1508        1984        1        1
1455        2037        1        1
1429        2064        1        1
1402        2117        1        1
1349        2143        1        1
1323        2196        1        1
1270        2249        1        1
1244        2275        1        1
1217        2328        1        1
1191        2355        1        1
1164        2381        1        1
1164        2408        1        1
1138        2434        1        1
1111        2434        1        1
1111        2461        1        1
1085        2461        1        1
1111        2461        1        1
1138        2461        1        1
1138        2434        1        1
1164        2434        1        1
1191        2434        1        1
1217        2434        1        1
1244        2434        1        1
1270        2434        1        1
1296        2461        1        1
1323        2461        1        1
1349        2461        1        1
1376        2487        1        1
1402        2514        1        1
1429        2540        1        1
1455        2566        1        1
1455        2593        1        1
1482        2619        1        1
1508        2646        1        1
1508        2699        1        1
1535        2725        1        1
1535        2752        1        1
1561        2778        1        1
1561        2805        1        1
1561        2831        1        1
1588        2858        1        1
1588        2884        1        1
1588        2910        1        1
1614        2910        1        1
1614        2884        1        1
1614        2858        1        1
1614        2831        1        1
1614        2805        1        1
1588        2778        1        1
1588        2752        1        1
1588        2725        1        1
1588        2699        1        1
1588        2646        1        1
1588        2619        1        1
1588        2593        1        1
1561        2540        1        1
1561        2514        1        1
1561        2487        1        1
1561        2434        1        1
1561        2408        1        1
1561        2381        1        1
1561        2328        1        1
1561        2302        1        1
1561        2275        1        1
1561        2249        1        1
1561        2223        1        1
1561        2196        1        1
1561        2170        1        1
1561        2143        1        1
1561        2117        1        1
1561        2090        1        1
1588        2064        1        1
1588        2037        1        1
1588        2011        1        1
1588        1984        1        1
1588        1958        1        1
1588        1931        1        1
1588        1905        1        1
1588        1879        1        1
1614        1852        1        1
1640        1852        1        1
1667        1852        1        1
1693        1852        1        1
1720        1852        1        1
1746        1852        1        1
1773        1852        1        1
1799        1852        1        1
1826        1852        1        1
1852        1852        1        1
1879        1852        1        1
1905        1879        1        1
1931        1879        1        1
1958        1879        1        1
1958        1905        1        1
1984        1931        1        1
1984        1958        1        1
2011        1984        1        1
2011        2011        1        1
2011        2037        1        1
2011        2064        1        1
2011        2090        1        1
2011        2143        1        1
1984        2170        1        1
1984        2196        1        1
1958        2196        1        1
1958        2223        1        1
1958        2249        1        1
1931        2249        1        1
1905        2249        1        1
PEN_UP                  0
PEN_DOWN
1561        2619        1        2
1561        2646        1        2
1561        2672        1        2
1561        2699        1        2
1588        2699        1        2
1588        2725        1        2
1588        2752        1        2
1588        2778        1        2
1614        2778        1        2
1614        2805        1        2
1614        2831        1        2
1640        2858        1        2
1640        2884        1        2
1640        2910        1        2
1640        2937        1        2
1640        2963        1        2
1640        2990        1        2
1640        3016        1        2
1640        3043        1        2
1640        3069        1        2
1640        3096        1        2
1614        3122        1        2
1614        3149        1        2
1588        3149        1        2
1588        3175        1        2
1561        3201        1        2
1535        3228        1        2
1508        3228        1        2
1482        3254        1        2
1455        3254        1        2
1429        3281        1        2
1402        3281        1        2
1376        3281        1        2
1349        3281        1        2
1323        3281        1        2
1296        3281        1        2
1296        3254        1        2
1270        3254        1        2
1270        3228        1        2
1270        3201        1        2
1244        3201        1        2
1244        3175        1        2
1244        3149        1        2
1244        3122        1        2
1244        3096        1        2
1270        3069        1        2
1270        3043        1        2
1296        3043        1        2
1296        3016        1        2
1323        3016        1        2
1323        2990        1        2
1349        2990        1        2
1376        2990        1        2
1402        2990        1        2
1429        2990        1        2
1455        2990        1        2
1482        2990        1        2
1508        2990        1        2
1535        3016        1        2
1561        3016        1        2
1588        3016        1        2
1614        3016        1        2
1614        3043        1        2
1640        3043        1        2
1667        3043        1        2
1693        3043        1        2
1693        3069        1        2
1720        3069        1        2
1746        3069        1        2
1746        3096        1        2
1773        3096        1        2
1799        3096        1        2
1826        3122        1        2
1852        3149        1        2
1879        3149        1        2
1879        3175        1        2
1905        3201        1        2
1931        3201        1        2
1958        3228        1        2
1958        3254        1        2
1984        3254        1        2
2011        3281        1        2
2037        3307        1        2
2037        3334        1        2
2064        3360        1        2
2090        3387        1        2
2117        3413        1        2
2117        3440        1        2
2143        3466        1        2
2170        3493        1        2
2170        3519        1        2
2196        3545        1        2
2223        3572        1        2
2249        3598        1        2
2275        3625        1        2
2275        3651        1        2
2302        3651        1        2
2302        3678        1        2
2328        3704        1        2
2328        3731        1        2
2355        3731        1        2
2328        3704        1        2
2328        3678        1        2
2328        3651        1        2
2302        3625        1        2
2302        3598        1        2
2302        3572        1        2
2302        3545        1        2
2275        3519        1        2
2275        3466        1        2
2275        3440        1        2
2275        3413        1        2
2275        3387        1        2
2275        3334        1        2
2275        3307        1        2
2275        3254        1        2
2275        3228        1        2
2275        3175        1        2
2275        3149        1        2
2275        3122        1        2
2275        3069        1        2
2275        3043        1        2
2275        3016        1        2
2275        2963        1        2
2275        2937        1        2
2302        2910        1        2
2302        2884        1        2
2302        2858        1        2
2302        2805        1        2
2302        2778        1        2
2302        2752        1        2
2302        2699        1        2
2328        2672        1        2
2328        2646        1        2
2328        2593        1        2
2328        2566        1        2
2355        2540        1        2
2355        2514        1        2
2355        2487        1        2
2355        2434        1        2
2355        2408        1        2
2355        2381        1        2
2355        2355        1        2
2355        2328        1        2
2355        2302        1        2
2355        2275        1        2
2381        2249        1        2
2355        2223        1        2
2381        2196        1        2
2381        2170        1        2
2381        2143        1        2
2381        2117        1        2
2381        2090        1        2
2381        2064        1        2
2381        2037        1        2
2381        2011        1        2
2408        2037        1        2
PEN_UP                  0
PEN_DOWN
1058        1852        1        3
1085        1852        1        3
1111        1852        1        3
1111        1879        1        3
1138        1879        1        3
1164        1879        1        3
1191        1879        1        3
1217        1879        1        3
1244        1879        1        3
1270        1879        1        3
1296        1852        1        3
1323        1852        1        3
1349        1852        1        3
1376        1852        1        3
1402        1852        1        3
1429        1852        1        3
1455        1852        1        3
1482        1852        1        3
1508        1852        1        3
1535        1852        1        3
1561        1852        1        3
1588        1852        1        3
1614        1852        1        3
1640        1852        1        3
1667        1852        1        3
1693        1852        1        3
1720        1852        1        3
1746        1852        1        3
1773        1852        1        3
1799        1852        1        3
1826        1852        1        3
1852        1852        1        3
1879        1852        1        3
1905        1852        1        3
1958        1852        1        3
1984        1852        1        3
2011        1852        1        3
2037        1826        1        3
2064        1826        1        3
2090        1826        1        3
2117        1826        1        3
2170        1826        1        3
2196        1826        1        3
2223        1826        1        3
2249        1826        1        3
2302        1826        1        3
2328        1826        1        3
2381        1826        1        3
2408        1826        1        3
2461        1826        1        3
2514        1826        1        3
2566        1826        1        3
2619        1826        1        3
2672        1826        1        3
2725        1826        1        3
2778        1799        1        3
2831        1799        1        3
2884        1799        1        3
2937        1799        1        3
2990        1799        1        3
3016        1799        1        3
3043        1799        1        3
3096        1799        1        3
3122        1799        1        3
3149        1799        1        3
3175        1799        1        3
3201        1799        1        3
3228        1799        1        3
3254        1799        1        3
3281        1799        1        3
3254        1826        1        3
PEN_UP                  0
END_CHARACTER: KM
