CHARACTER_NAME: GL
STROKE_COUNT: 2
  X           Y   STYLUS_STATE STROKE
PEN_DOWN
1879        2249        1        1
1905        2249        1        1
1905        2223        1        1
1931        2223        1        1
1958        2196        1        1
1984        2196        1        1
1984        2170        1        1
1984        2143        1        1
2011        2143        1        1
2011        2117        1        1
2011        2090        1        1
2011        2064        1        1
2011        2037        1        1
2037        2037        1        1
2037        2011        1        1
2037        1984        1        1
2037        1958        1        1
2011        1931        1        1
2011        1905        1        1
2011        1879        1        1
1984        1879        1        1
1984        1852        1        1
1958        1852        1        1
1958        1826        1        1
1931        1826        1        1
1905        1826        1        1
1905        1799        1        1
1879        1799        1        1
1852        1799        1        1
1826        1799        1        1
1799        1799        1        1
1773        1799        1        1
1746        1799        1        1
1720        1799        1        1
1693        1799        1        1
1667        1799        1        1
1640        1826        1        1
1614        1826        1        1
1588        1852        1        1
1561        1852        1        1
1561        1879        1        1
1535        1879        1        1
1508        1879        1        1
1508        1905        1        1
1508        1879        1        1
1535        1879        1        1
1535        1852        1        1
1561        1852        1        1
1561        1826        1        1
1561        1799        1        1
1588        1799        1        1
1588        1773        1        1
1588        1746        1        1
1614        1746        1        1
1614        1720        1        1
1614        1693        1        1
1640        1693        1        1
1640        1667        1        1
1667        1640        1        1
1667        1614        1        1
1693        1614        1        1
1693        1588        1        1
1720        1588        1        1
1746        1588        1        1
1773        1588        1        1
1773        1561        1        1
1799        1561        1        1
1826        1561        1        1
1852        1561        1        1
1879        1561        1        1
1905        1561        1        1
1931        1588        1        1
1958        1588        1        1
1984        1588        1        1
2011        1588        1        1
2037        1588        1        1
2037        1614        1        1
2064        1614        1        1
2090        1614        1        1
2117        1640        1        1
2143        1640        1        1
2170        1667        1        1
2196        1693        1        1
2223        1693        1        1
2223        1720        1        1
2249        1720        1        1
2249        1746        1        1
2275        1746        1        1
2302        1773        1        1
2302        1799        1        1
2328        1799        1        1
2355        1826        1        1
2381        1852        1        1
2381        1879        1        1
2408        1905        1        1
2434        1905        1        1
2434        1931        1        1
2461        1958        1        1
2487        2011        1        1
2487        2037        1        1
2514        2064        1        1
2514        2090        1        1
2514        2143        1        1
2540        2170        1        1
2540        2196        1        1
2540        2223        1        1
2566        2249        1        1
2566        2302        1        1
2566        2328        1        1
2566        2355        1        1
2566        2381        1        1
2566        2408        1        1
2566        2381        1        1
2566        2355        1        1
2540        2328        1        1
2540        2302        1        1
2540        2275        1        1
2540        2249        1        1
2540        2223        1        1
2540        2196        1        1
2540        2143        1        1
2566        2117        1        1
2566        2090        1        1
2566        2037        1        1
2566        2011        1        1
2566        1958        1        1
2593        1931        1        1
2593        1905        1        1
2593        1852        1        1
2593        1826        1        1
2593        1799        1        1
2619        1773        1        1
2619        1746        1        1
2619        1720        1        1
2619        1693        1        1
2619        1667        1        1
2619        1640        1        1
2619        1614        1        1
2619        1588        1        1
2619        1614        1        1
2619        1640        1        1
2619        1667        1        1
2593        1693        1        1
2593        1746        1        1
2593        1773        1        1
2593        1799        1        1
2566        1852        1        1
2566        1879        1        1
2566        1931        1        1
2566        1958        1        1
2566        2011        1        1
2540        2064        1        1
2540        2117        1        1
2540        2170        1        1
2540        2223        1        1
2540        2275        1        1
2540        2302        1        1
2540        2355        1        1
2540        2408        1        1
2540        2434        1        1
2540        2487        1        1
2540        2540        1        1
2514        2566        1        1
2514        2619        1        1
2514        2646        1        1
2514        2672        1        1
2514        2725        1        1
2514        2752        1        1
2514        2778        1        1
2487        2831        1        1
2487        2858        1        1
2487        2910        1        1
2487        2937        1        1
2487        2990        1        1
2461        3043        1        1
2461        3069        1        1
2461        3122        1        1
2461        3149        1        1
2461        3175        1        1
2461        3201        1        1
2461        3228        1        1
2461        3254        1        1
2461        3228        1        1
2461        3201        1        1
2461        3175        1        1
2461        3149        1        1
2461        3122        1        1
2461        3096        1        1
2461        3069        1        1
2461        3016        1        1
2461        2990        1        1
2461        2963        1        1
2461        2910        1        1
2461        2884        1        1
2461        2858        1        1
2461        2805        1        1
2461        2778        1        1
2461        2752        1        1
2461        2725        1        1
2461        2699        1        1
2461        2672        1        1
2434        2672        1        1
2434        2646        1        1
2434        2619        1        1
2434        2593        1        1
2434        2566        1        1
2408        2540        1        1
2408        2514        1        1
2381        2514        1        1
2381        2487        1        1
2355        2487        1        1
2355        2461        1        1
2328        2461        1        1
2302        2461        1        1
2275        2461        1        1
2249        2461        1        1
2223        2461        1        1
2223        2487        1        1
2196        2487        1        1
2196        2514        1        1
2170        2540        1        1
2170        2566        1        1
2143        2593        1        1
2143        2619        1        1
2117        2646        1        1
2117        2672        1        1
2117        2699        1        1
2090        2725        1        1
2090        2752        1        1
2090        2778        1        1
2090        2805        1        1
2090        2831        1        1
2090        2805        1        1
2090        2778        1        1
2064        2752        1        1
2064        2725        1        1
2064        2699        1        1
2037        2699        1        1
2037        2672        1        1
2011        2646        1        1
2011        2619        1        1
1984        2619        1        1
1958        2593        1        1
1931        2593        1        1
1905        2593        1        1
1879        2593        1        1
1826        2593        1        1
1799        2593        1        1
1773        2593        1        1
1746        2619        1        1
1693        2619        1        1
1667        2646        1        1
1640        2672        1        1
1614        2672        1        1
1561        2699        1        1
1535        2725        1        1
1508        2752        1        1
1482        2805        1        1
1455        2831        1        1
1455        2858        1        1
1429        2884        1        1
1429        2937        1        1
1402        2963        1        1
1429        2990        1        1
1429        3016        1        1
1429        3043        1        1
1429        3069        1        1
1455        3096        1        1
1455        3122        1        1
1455        3096        1        1
1455        3069        1        1
1455        3043        1        1
PEN_UP                  0
PEN_DOWN
2990        1667        1        2
2963        1667        1        2
2937        1667        1        2
2910        1667        1        2
2884        1667        1        2
2858        1667        1        2
2831        1667        1        2
2805        1667        1        2
2778        1667        1        2
2752        1667        1        2
2725        1667        1        2
2699        1667        1        2
2672        1667        1        2
2646        1667        1        2
2619        1667        1        2
2593        1667        1        2
2619        1667        1        2
2646        1667        1        2
2699        1667        1        2
2725        1667        1        2
2778        1640        1        2
2858        1640        1        2
2910        1640        1        2
2963        1640        1        2
3016        1640        1        2
3069        1640        1        2
3122        1640        1        2
3149        1640        1        2
3175        1640        1        2
3201        1640        1        2
3228        1640        1        2
3201        1640        1        2
PEN_UP                  0
END_CHARACTER: GL
