CHARACTER_NAME: UU
STROKE_COUNT: 4
  X           Y   STYLUS_STATE STROKE
PEN_DOWN
2275        1561        1        1
2302        1561        1        1
2302        1588        1        1
2302        1614        1        1
2302        1640        1        1
2302        1667        1        1
2328        1693        1        1
2328        1720        1        1
2328        1746        1        1
2328        1773        1        1
2328        1799        1        1
2328        1826        1        1
2328        1852        1        1
2328        1879        1        1
2328        1905        1        1
2355        1905        1        1
2355        1931        1        1
2355        1958        1        1
2355        1984        1        1
2355        2011        1        1
2355        2037        1        1
2355        2064        1        1
2355        2090        1        1
2355        2117        1        1
2355        2143        1        1
2381        2117        1        1
2381        2090        1        1
2408        2090        1        1
2408        2064        1        1
2434        2037        1        1
2461        2011        1        1
2461        1984        1        1
2487        1984        1        1
2514        1958        1        1
2540        1931        1        1
2566        1931        1        1
2566        1905        1        1
2593        1905        1        1
2619        1905        1        1
2619        1879        1        1
2646        1879        1        1
2672        1852        1        1
2699        1852        1        1
2725        1852        1        1
2752        1826        1        1
2778        1826        1        1
2805        1826        1        1
2831        1799        1        1
2858        1799        1        1
2884        1799        1        1
2910        1799        1        1
2937        1799        1        1
2963        1799        1        1
2990        1799        1        1
3016        1799        1        1
3043        1799        1        1
3069        1826        1        1
3096        1826        1        1
3122        1826        1        1
3149        1852        1        1
3175        1852        1        1
3201        1852        1        1
3201        1879        1        1
3228        1879        1        1
3254        1879        1        1
3254        1905        1        1
3281        1905        1        1
3281        1931        1        1
3307        1958        1        1
3334        1984        1        1
3334        2011        1        1
3334        2037        1        1
3360        2064        1        1
3360        2090        1        1
3387        2117        1        1
3387        2143        1        1
3387        2170        1        1
3387        2196        1        1
3387        2223        1        1
3413        2223        1        1
3413        2249        1        1
3387        2275        1        1
3387        2302        1        1
3387        2328        1        1
3387        2355        1        1
3387        2381        1        1
3387        2408        1        1
3360        2434        1        1
3360        2461        1        1
3334        2487        1        1
3334        2514        1        1
3307        2540        1        1
3307        2566        1        1
3281        2593        1        1
3281        2619        1        1
3254        2619        1        1
3254        2646        1        1
3228        2672        1        1
3201        2699        1        1
3201        2725        1        1
3175        2725        1        1
3175        2752        1        1
3149        2752        1        1
3149        2778        1        1
3122        2805        1        1
3096        2805        1        1
3096        2831        1        1
3069        2831        1        1
3043        2858        1        1
3016        2858        1        1
2990        2884        1        1
2963        2884        1        1
2937        2910        1        1
2910        2910        1        1
2884        2910        1        1
2884        2937        1        1
2858        2937        1        1
2831        2937        1        1
2805        2963        1        1
2778        2963        1        1
2752        2963        1        1
2725        2963        1        1
2699        2963        1        1
2672        2990        1        1
2646        2990        1        1
2619        2990        1        1
2593        2990        1        1
2566        2990        1        1
2540        2990        1        1
2514        2990        1        1
2487        2990        1        1
2461        2990        1        1
2434        2990        1        1
2408        2990        1        1
2381        2963        1        1
2355        2963        1        1
2328        2963        1        1
2302        2963        1        1
2275        2937        1        1
2249        2937        1        1
2223        2937        1        1
2196        2910        1        1
2170        2884        1        1
2143        2884        1        1
2143        2858        1        1
2117        2858        1        1
2090        2831        1        1
2064        2805        1        1
2037        2805        1        1
2037        2778        1        1
2011        2752        1        1
1984        2752        1        1
1958        2725        1        1
1931        2699        1        1
1905        2672        1        1
1879        2672        1        1
1879        2646        1        1
1852        2646        1        1
1852        2619        1        1
1826        2619        1        1
1826        2593        1        1
1799        2593        1        1
1773        2566        1        1
1746        2540        1        1
1746        2514        1        1
1720        2514        1        1
1693        2487        1        1
1693        2461        1        1
1667        2434        1        1
1640        2434        1        1
1614        2408        1        1
1614        2381        1        1
1588        2355        1        1
1588        2328        1        1
1561        2328        1        1
1561        2302        1        1
1535        2275        1        1
1535        2249        1        1
1508        2223        1        1
1508        2196        1        1
1482        2170        1        1
1482        2143        1        1
1455        2117        1        1
1455        2090        1        1
1429        2090        1        1
1429        2064        1        1
1429        2037        1        1
1402        2011        1        1
1402        1984        1        1
1376        1958        1        1
1376        1931        1        1
1376        1905        1        1
1349        1905        1        1
1349        1879        1        1
1349        1852        1        1
1323        1852        1        1
1323        1826        1        1
1349        1826        1        1
1349        1852        1        1
1376        1879        1        1
PEN_UP                  0
PEN_DOWN
1217        2117        1        2
1217        2090        1        2
1191        2064        1        2
1191        2037        1        2
1191        2064        1        2
1217        2064        1        2
1217        2090        1        2
1217        2117        1        2
1244        2117        1        2
1244        2143        1        2
1270        2143        1        2
1270        2170        1        2
1296        2196        1        2
1296        2223        1        2
1323        2223        1        2
1323        2249        1        2
1349        2275        1        2
1349        2302        1        2
1376        2302        1        2
1376        2328        1        2
1402        2355        1        2
1429        2355        1        2
1429        2381        1        2
1455        2381        1        2
1455        2408        1        2
1482        2408        1        2
1508        2434        1        2
1535        2461        1        2
1561        2487        1        2
1588        2487        1        2
1588        2514        1        2
1614        2514        1        2
1614        2540        1        2
1640        2540        1        2
1667        2566        1        2
1693        2566        1        2
1693        2593        1        2
1720        2593        1        2
1720        2619        1        2
1746        2619        1        2
1746        2646        1        2
1773        2646        1        2
1799        2646        1        2
1799        2672        1        2
1826        2672        1        2
1826        2699        1        2
1852        2699        1        2
1879        2699        1        2
1879        2725        1        2
1905        2725        1        2
1931        2752        1        2
1958        2752        1        2
1958        2778        1        2
1984        2778        1        2
2011        2778        1        2
2011        2805        1        2
2037        2805        1        2
2037        2831        1        2
2064        2831        1        2
2090        2831        1        2
2117        2831        1        2
2090        2831        1        2
PEN_UP                  0
PEN_DOWN
2937        1455        1        3
2937        1482        1        3
2910        1482        1        3
2937        1482        1        3
2937        1455        1        3
2937        1429        1        3
2937        1402        1        3
2937        1376        1        3
2937        1349        1        3
2910        1349        1        3
2910        1323        1        3
2884        1296        1        3
2884        1270        1        3
2858        1270        1        3
2858        1244        1        3
2858        1217        1        3
2831        1217        1        3
2831        1191        1        3
2805        1164        1        3
2805        1138        1        3
2778        1138        1        3
2778        1111        1        3
2752        1111        1        3
2725        1085        1        3
2699        1058        1        3
2672        1058        1        3
2672        1032        1        3
2646        1032        1        3
2619        1005        1        3
2593        1005        1        3
2566        1005        1        3
2566         979        1        3
2540         979        1        3
2514         979        1        3
2487         979        1        3
2461         979        1        3
2434         979        1        3
2408         979        1        3
2381         979        1        3
2355         979        1        3
2355         953        1        3
2328         953        1        3
2302         953        1        3
2275         953        1        3
2249         953        1        3
2223         953        1        3
2196         953        1        3
2170         953        1        3
2143         953        1        3
2117         953        1        3
2090         926        1        3
2064         926        1        3
2037         926        1        3
2011         926        1        3
1984         926        1        3
1958         900        1        3
1931         900        1        3
1905         900        1        3
1879         873        1        3
1852         873        1        3
1826         847        1        3
1799         847        1        3
1773         820        1        3
1746         820        1        3
1720         794        1        3
1693         767        1        3
1667         741        1        3
1667         714        1        3
1640         714        1        3
1640         688        1        3
1640         661        1        3
1667         661        1        3
1640         635        1        3
1667         635        1        3
1667         609        1        3
1667         582        1        3
1667         556        1        3
1667         529        1        3
1667         503        1        3
1667         529        1        3
1693         529        1        3
PEN_UP                  0
PEN_DOWN
1852        1561        1        4
1879        1561        1        4
1879        1588        1        4
1905        1588        1        4
1931        1588        1        4
1958        1588        1        4
1984        1588        1        4
2011        1588        1        4
2037        1588        1        4
2064        1588        1        4
2090        1588        1        4
2117        1588        1        4
2143        1588        1        4
2170        1588        1        4
2196        1588        1        4
2223        1588        1        4
2249        1588        1        4
2275        1588        1        4
2302        1588        1        4
2328        1588        1        4
2355        1588        1        4
2381        1588        1        4
2408        1588        1        4
2434        1588        1        4
2461        1588        1        4
2514        1588        1        4
2540        1588        1        4
2566        1588        1        4
2593        1588        1        4
2619        1588        1        4
2646        1588        1        4
2672        1588        1        4
2699        1588        1        4
2725        1588        1        4
2778        1588        1        4
2805        1588        1        4
2831        1588        1        4
2858        1588        1        4
2884        1588        1        4
2910        1588        1        4
2937        1588        1        4
2963        1588        1        4
2990        1588        1        4
3016        1588        1        4
3043        1588        1        4
3069        1588        1        4
3096        1588        1        4
3122        1588        1        4
3149        1588        1        4
3175        1588        1        4
3201        1588        1        4
3228        1588        1        4
3254        1588        1        4
3281        1588        1        4
3307        1588        1        4
3334        1588        1        4
3360        1588        1        4
3334        1588        1        4
PEN_UP                  0
END_CHARACTER: UU
