CHARACTER_NAME: CC
STROKE_COUNT: 3
  X           Y   STYLUS_STATE STROKE
PEN_DOWN
1640        1931        1        1
1614        1931        1        1
1614        1905        1        1
1588        1905        1        1
1588        1879        1        1
1588        1852        1        1
1561        1852        1        1
1561        1826        1        1
1561        1852        1        1
1561        1879        1        1
1561        1905        1        1
1561        1931        1        1
1561        1958        1        1
1561        1984        1        1
1561        2011        1        1
1561        2037        1        1
1561        2064        1        1
1561        2090        1        1
1561        2117        1        1
1561        2143        1        1
1561        2170        1        1
1561        2196        1        1
1561        2223        1        1
1561        2249        1        1
1561        2275        1        1
1561        2302        1        1
1561        2328        1        1
1588        2355        1        1
1588        2381        1        1
1588        2408        1        1
1588        2434        1        1
1588        2461        1        1
1588        2487        1        1
1614        2514        1        1
1614        2540        1        1
1614        2566        1        1
1614        2593        1        1
1614        2619        1        1
1614        2646        1        1
1614        2672        1        1
1640        2672        1        1
1640        2699        1        1
1640        2725        1        1
1640        2752        1        1
1667        2778        1        1
1667        2805        1        1
1667        2831        1        1
1693        2805        1        1
1720        2805        1        1
1720        2778        1        1
1746        2778        1        1
1773        2752        1        1
1799        2752        1        1
1826        2725        1        1
1852        2725        1        1
1852        2699        1        1
1879        2699        1        1
1879        2672        1        1
1905        2672        1        1
1905        2646        1        1
1931        2619        1        1
1958        2593        1        1
1958        2566        1        1
1958        2540        1        1
1984        2514        1        1
1984        2487        1        1
1984        2461        1        1
1984        2434        1        1
1984        2408        1        1
1984        2381        1        1
1984        2355        1        1
1984        2328        1        1
1984        2302        1        1
1984        2275        1        1
1958        2249        1        1
1958        2223        1        1
1931        2223        1        1
1931        2196        1        1
1905        2196        1        1
1879        2196        1        1
1852        2196        1        1
1826        2196        1        1
1799        2196        1        1
1799        2223        1        1
1773        2223        1        1
1746        2223        1        1
1720        2223        1        1
1720        2249        1        1
1693        2249        1        1
1667        2249        1        1
1640        2275        1        1
1614        2302        1        1
1588        2302        1        1
1561        2328        1        1
1535        2328        1        1
1535        2355        1        1
1508        2355        1        1
PEN_UP                  0
PEN_DOWN
2011        2064        1        2
2011        2037        1        2
1984        2037        1        2
2011        2011        1        2
2011        2037        1        2
2011        2064        1        2
2011        2090        1        2
2011        2117        1        2
2011        2143        1        2
2011        2170        1        2
2011        2196        1        2
2011        2223        1        2
2011        2249        1        2
2011        2275        1        2
2011        2302        1        2
2011        2328        1        2
2037        2328        1        2
2011        2355        1        2
2037        2355        1        2
2037        2381        1        2
2011        2381        1        2
2011        2408        1        2
2037        2434        1        2
2011        2434        1        2
2037        2461        1        2
2037        2487        1        2
2037        2514        1        2
2037        2540        1        2
2037        2566        1        2
2037        2593        1        2
2037        2619        1        2
2037        2646        1        2
2037        2672        1        2
2037        2699        1        2
2037        2725        1        2
2037        2752        1        2
2037        2778        1        2
2037        2805        1        2
2037        2831        1        2
2037        2858        1        2
2064        2858        1        2
2064        2884        1        2
2064        2910        1        2
2064        2937        1        2
2090        2937        1        2
2090        2963        1        2
2090        2990        1        2
2117        2990        1        2
2117        3016        1        2
2117        3043        1        2
2143        3043        1        2
2170        3043        1        2
2170        3016        1        2
2196        3016        1        2
2223        3016        1        2
2223        2990        1        2
2249        2990        1        2
2275        2990        1        2
2275        2963        1        2
2302        2963        1        2
2328        2963        1        2
2328        2937        1        2
2355        2937        1        2
2381        2937        1        2
2381        2910        1        2
2408        2910        1        2
2408        2884        1        2
2434        2884        1        2
2434        2858        1        2
2461        2858        1        2
2461        2831        1        2
2487        2831        1        2
2487        2805        1        2
2514        2778        1        2
2540        2752        1        2
2566        2725        1        2
2593        2699        1        2
2619        2672        1        2
2619        2646        1        2
2646        2619        1        2
2646        2593        1        2
2672        2566        1        2
2672        2540        1        2
2672        2514        1        2
2672        2487        1        2
2646        2461        1        2
2646        2434        1        2
2619        2434        1        2
2593        2408        1        2
2566        2408        1        2
2540        2408        1        2
2514        2408        1        2
2487        2408        1        2
2461        2434        1        2
2434        2434        1        2
2408        2434        1        2
2381        2434        1        2
2355        2434        1        2
2355        2461        1        2
2328        2461        1        2
2302        2461        1        2
2275        2461        1        2
2249        2487        1        2
2223        2487        1        2
2196        2487        1        2
2170        2487        1        2
2143        2487        1        2
2117        2487        1        2
2117        2514        1        2
2090        2514        1        2
2064        2514        1        2
2037        2514        1        2
PEN_UP                  0
PEN_DOWN
1111        1799        1        3
1138        1799        1        3
1164        1799        1        3
1164        1773        1        3
1191        1773        1        3
1217        1773        1        3
1244        1773        1        3
1270        1773        1        3
1323        1773        1        3
1349        1773        1        3
1402        1773        1        3
1429        1773        1        3
1482        1773        1        3
1535        1773        1        3
1588        1746        1        3
1640        1746        1        3
1693        1746        1        3
1746        1746        1        3
1799        1746        1        3
1826        1746        1        3
1879        1746        1        3
1931        1746        1        3
1984        1720        1        3
2011        1720        1        3
2064        1720        1        3
2090        1720        1        3
2143        1720        1        3
2196        1693        1        3
2223        1693        1        3
2275        1693        1        3
2328        1693        1        3
2381        1667        1        3
2408        1667        1        3
2461        1667        1        3
2514        1667        1        3
2540        1667        1        3
2593        1667        1        3
2619        1640        1        3
2646        1640        1        3
2672        1640        1        3
2672        1667        1        3
2646        1667        1        3
2619        1667        1        3
PEN_UP                  0
END_CHARACTER: CC
