CHARACTER_NAME: CCC
STROKE_COUNT: 3
  X           Y   STYLUS_STATE STROKE
PEN_DOWN
1667        1799        1        1
1667        1826        1        1
1667        1852        1        1
1693        1852        1        1
1693        1879        1        1
1693        1905        1        1
1693        1931        1        1
1693        1958        1        1
1693        1984        1        1
1693        2011        1        1
1693        2064        1        1
1693        2090        1        1
1720        2143        1        1
1720        2170        1        1
1720        2223        1        1
1720        2249        1        1
1720        2302        1        1
1720        2328        1        1
1720        2355        1        1
1720        2408        1        1
1720        2434        1        1
1720        2461        1        1
1720        2487        1        1
1746        2514        1        1
1746        2540        1        1
1746        2566        1        1
1746        2593        1        1
1746        2619        1        1
1746        2646        1        1
1746        2672        1        1
1773        2699        1        1
1773        2725        1        1
1773        2752        1        1
1799        2752        1        1
1826        2752        1        1
1852        2752        1        1
1879        2725        1        1
1905        2725        1        1
1931        2725        1        1
1931        2699        1        1
1958        2699        1        1
1984        2699        1        1
2011        2672        1        1
2037        2646        1        1
2064        2646        1        1
2064        2619        1        1
2090        2619        1        1
2117        2593        1        1
2117        2566        1        1
2143        2540        1        1
2143        2514        1        1
2170        2487        1        1
2170        2461        1        1
2170        2434        1        1
2170        2408        1        1
2196        2408        1        1
2196        2381        1        1
2196        2355        1        1
2196        2328        1        1
2196        2302        1        1
2196        2275        1        1
2196        2249        1        1
2196        2223        1        1
2170        2196        1        1
2170        2170        1        1
2143        2143        1        1
2117        2117        1        1
2090        2117        1        1
2064        2117        1        1
2037        2117        1        1
2011        2117        1        1
1984        2143        1        1
1958        2143        1        1
1931        2170        1        1
1905        2196        1        1
1879        2196        1        1
1852        2223        1        1
1826        2223        1        1
1799        2223        1        1
1799        2249        1        1
1773        2249        1        1
PEN_UP                  0
PEN_DOWN
2249        1799        1        2
2249        1773        1        2
2249        1746        1        2
2249        1773        1        2
2249        1799        1        2
2249        1826        1        2
2249        1852        1        2
2249        1879        1        2
2249        1905        1        2
2249        1931        1        2
2249        1958        1        2
2249        1984        1        2
2249        2011        1        2
2249        2037        1        2
2249        2064        1        2
2249        2090        1        2
2249        2143        1        2
2249        2170        1        2
2275        2196        1        2
2275        2223        1        2
2275        2249        1        2
2275        2275        1        2
2302        2302        1        2
2302        2328        1        2
2302        2355        1        2
2302        2381        1        2
2302        2408        1        2
2302        2434        1        2
2302        2461        1        2
2328        2487        1        2
2328        2514        1        2
2328        2540        1        2
2355        2540        1        2
2355        2566        1        2
2381        2566        1        2
2408        2566        1        2
2408        2540        1        2
2434        2540        1        2
2461        2540        1        2
2487        2540        1        2
2514        2540        1        2
2514        2514        1        2
2540        2514        1        2
2566        2514        1        2
2593        2514        1        2
2619        2487        1        2
2646        2487        1        2
2672        2461        1        2
2699        2434        1        2
2699        2408        1        2
2725        2381        1        2
2725        2355        1        2
2725        2328        1        2
2699        2302        1        2
2699        2275        1        2
2699        2249        1        2
2672        2223        1        2
2672        2196        1        2
2646        2196        1        2
2619        2170        1        2
2593        2143        1        2
2566        2143        1        2
2540        2143        1        2
2514        2143        1        2
2487        2143        1        2
2461        2143        1        2
2434        2143        1        2
2408        2143        1        2
2381        2143        1        2
2355        2143        1        2
2355        2170        1        2
2328        2170        1        2
2302        2170        1        2
2275        2170        1        2
2249        2170        1        2
2249        2196        1        2
2249        2170        1        2
2275        2170        1        2
2302        2170        1        2
2328        2143        1        2
2355        2143        1        2
2381        2143        1        2
2408        2143        1        2
2434        2143        1        2
2461        2143        1        2
2487        2143        1        2
2514        2143        1        2
2540        2143        1        2
2566        2143        1        2
2593        2170        1        2
2619        2170        1        2
2646        2170        1        2
2672        2170        1        2
2699        2170        1        2
2725        2196        1        2
2778        2196        1        2
2805        2196        1        2
2831        2223        1        2
2858        2223        1        2
2884        2223        1        2
2910        2249        1        2
2910        2275        1        2
2937        2275        1        2
2937        2302        1        2
2937        2328        1        2
2963        2355        1        2
2963        2381        1        2
2963        2408        1        2
2963        2434        1        2
2963        2461        1        2
2963        2487        1        2
2963        2514        1        2
2937        2540        1        2
2937        2566        1        2
2937        2593        1        2
2937        2619        1        2
2910        2646        1        2
2910        2672        1        2
2884        2699        1        2
2884        2725        1        2
2858        2752        1        2
2858        2778        1        2
2831        2805        1        2
2805        2831        1        2
2752        2858        1        2
2725        2884        1        2
2699        2910        1        2
2646        2963        1        2
2593        2990        1        2
2566        3043        1        2
2514        3069        1        2
2461        3096        1        2
2408        3122        1        2
2355        3175        1        2
2328        3201        1        2
2275        3228        1        2
2249        3228        1        2
2223        3254        1        2
2196        3281        1        2
2170        3281        1        2
2143        3307        1        2
2117        3281        1        2
2090        3281        1        2
2090        3254        1        2
2064        3228        1        2
2090        3201        1        2
2090        3175        1        2
2090        3149        1        2
2117        3149        1        2
2117        3122        1        2
2143        3122        1        2
2170        3149        1        2
2196        3149        1        2
2196        3175        1        2
2223        3201        1        2
2249        3228        1        2
2275        3254        1        2
2302        3281        1        2
2328        3307        1        2
2355        3334        1        2
2381        3360        1        2
2408        3387        1        2
2434        3413        1        2
2461        3440        1        2
2514        3493        1        2
2540        3519        1        2
2593        3545        1        2
2646        3572        1        2
2699        3625        1        2
2752        3651        1        2
2805        3678        1        2
2858        3731        1        2
2910        3757        1        2
2963        3810        1        2
2990        3836        1        2
3043        3863        1        2
3069        3889        1        2
3096        3916        1        2
3122        3942        1        2
3149        3942        1        2
3175        3969        1        2
3149        3942        1        2
3149        3916        1        2
3122        3889        1        2
PEN_UP                  0
PEN_DOWN
1323        1826        1        3
1349        1826        1        3
1376        1826        1        3
1402        1826        1        3
1455        1799        1        3
1482        1799        1        3
1508        1799        1        3
1561        1799        1        3
1614        1799        1        3
1667        1773        1        3
1720        1773        1        3
1799        1773        1        3
1852        1746        1        3
1905        1746        1        3
1984        1746        1        3
2037        1746        1        3
2117        1746        1        3
2196        1720        1        3
2275        1720        1        3
2355        1720        1        3
2434        1720        1        3
2514        1693        1        3
2619        1693        1        3
2699        1693        1        3
2778        1693        1        3
2831        1667        1        3
2910        1667        1        3
2963        1667        1        3
3016        1667        1        3
3043        1640        1        3
3096        1640        1        3
3122        1640        1        3
3149        1640        1        3
3175        1640        1        3
PEN_UP                  0
END_CHARACTER: CCC
