CHARACTER_NAME: JJ
STROKE_COUNT: 5
  X           Y   STYLUS_STATE STROKE
PEN_DOWN
1085        2408        1        1
1058        2408        1        1
1058        2381        1        1
1058        2355        1        1
1058        2328        1        1
1058        2302        1        1
1058        2328        1        1
1058        2355        1        1
1085        2381        1        1
1085        2408        1        1
1085        2434        1        1
1111        2434        1        1
1111        2461        1        1
1111        2487        1        1
1111        2514        1        1
1138        2514        1        1
1138        2540        1        1
1164        2566        1        1
1191        2593        1        1
1191        2619        1        1
1217        2619        1        1
1244        2646        1        1
1270        2646        1        1
1270        2672        1        1
1296        2672        1        1
1296        2699        1        1
1323        2699        1        1
1349        2699        1        1
1349        2725        1        1
1376        2725        1        1
1402        2725        1        1
1429        2725        1        1
1455        2725        1        1
1482        2725        1        1
1508        2725        1        1
1535        2699        1        1
1561        2699        1        1
1588        2699        1        1
1614        2672        1        1
1640        2672        1        1
1667        2672        1        1
1693        2646        1        1
1720        2646        1        1
1746        2619        1        1
1746        2593        1        1
1773        2593        1        1
1799        2566        1        1
1826        2540        1        1
1826        2514        1        1
1852        2487        1        1
1852        2461        1        1
1879        2461        1        1
1879        2434        1        1
1879        2408        1        1
1879        2381        1        1
1905        2355        1        1
1905        2328        1        1
1905        2302        1        1
1931        2275        1        1
1931        2249        1        1
1931        2223        1        1
1931        2196        1        1
1931        2170        1        1
1931        2143        1        1
1931        2117        1        1
1931        2090        1        1
1931        2064        1        1
1931        2037        1        1
1931        2011        1        1
1931        1984        1        1
1905        2011        1        1
1879        2037        1        1
1852        2037        1        1
1852        2064        1        1
1826        2090        1        1
1799        2117        1        1
1773        2143        1        1
1746        2143        1        1
1746        2170        1        1
1720        2170        1        1
1693        2196        1        1
1667        2196        1        1
1667        2223        1        1
1640        2223        1        1
1614        2249        1        1
1588        2249        1        1
1561        2249        1        1
1535        2275        1        1
1508        2275        1        1
1482        2275        1        1
1455        2275        1        1
1429        2275        1        1
1402        2275        1        1
1429        2275        1        1
1429        2249        1        1
1455        2249        1        1
1482        2223        1        1
1508        2196        1        1
1508        2170        1        1
1535        2143        1        1
1535        2117        1        1
1561        2117        1        1
1561        2090        1        1
1561        2064        1        1
1588        2037        1        1
1588        2011        1        1
1588        1984        1        1
1614        1984        1        1
1614        1958        1        1
1614        1931        1        1
1640        1905        1        1
1640        1879        1        1
1640        1852        1        1
1667        1826        1        1
1667        1799        1        1
1693        1773        1        1
1693        1746        1        1
1720        1720        1        1
1720        1693        1        1
1720        1667        1        1
1746        1667        1        1
1746        1640        1        1
1746        1614        1        1
1746        1640        1        1
1746        1667        1        1
1773        1667        1        1
1773        1693        1        1
1799        1693        1        1
1826        1693        1        1
1852        1720        1        1
1879        1720        1        1
1905        1720        1        1
1931        1746        1        1
1958        1746        1        1
1984        1746        1        1
2037        1746        1        1
2064        1773        1        1
2090        1773        1        1
2117        1773        1        1
2143        1773        1        1
2170        1773        1        1
2196        1773        1        1
2223        1773        1        1
2249        1773        1        1
2275        1746        1        1
2302        1746        1        1
2328        1746        1        1
2355        1746        1        1
2381        1720        1        1
2408        1720        1        1
2434        1720        1        1
2408        1720        1        1
2408        1746        1        1
2408        1773        1        1
2408        1799        1        1
2434        1799        1        1
2408        1799        1        1
2434        1826        1        1
2434        1852        1        1
2461        1852        1        1
2487        1852        1        1
2487        1879        1        1
2514        1879        1        1
2540        1879        1        1
2566        1879        1        1
2566        1905        1        1
2593        1905        1        1
2619        1905        1        1
2646        1905        1        1
2672        1905        1        1
2672        1931        1        1
2699        1931        1        1
2725        1931        1        1
2752        1931        1        1
2778        1931        1        1
2805        1931        1        1
2831        1931        1        1
2858        1931        1        1
2884        1931        1        1
2858        1931        1        1
PEN_UP                  0
PEN_DOWN
2090        1852        1        2
2090        1826        1        2
2117        1826        1        2
2143        1826        1        2
2170        1826        1        2
PEN_UP                  0
PEN_DOWN
2408        1826        1        3
2381        1852        1        3
2381        1879        1        3
2355        1879        1        3
2355        1905        1        3
2328        1931        1        3
2328        1958        1        3
2302        1958        1        3
2302        1984        1        3
2302        2011        1        3
2302        2037        1        3
2275        2064        1        3
2275        2090        1        3
2275        2117        1        3
2275        2143        1        3
2275        2170        1        3
2275        2196        1        3
2275        2223        1        3
2275        2249        1        3
2302        2275        1        3
2302        2302        1        3
2302        2328        1        3
2328        2355        1        3
2355        2381        1        3
2355        2408        1        3
2381        2408        1        3
2408        2434        1        3
2434        2434        1        3
2434        2461        1        3
2461        2461        1        3
2487        2461        1        3
2487        2487        1        3
2514        2487        1        3
2540        2487        1        3
2566        2487        1        3
2593        2487        1        3
2619        2487        1        3
2646        2487        1        3
2672        2514        1        3
2699        2514        1        3
2699        2487        1        3
2725        2487        1        3
2752        2487        1        3
2752        2461        1        3
2778        2461        1        3
2805        2461        1        3
2805        2434        1        3
2831        2434        1        3
2831        2408        1        3
2858        2408        1        3
2858        2381        1        3
2858        2408        1        3
2831        2408        1        3
2831        2434        1        3
2805        2434        1        3
2805        2461        1        3
2778        2461        1        3
2778        2487        1        3
2778        2514        1        3
2752        2514        1        3
2752        2540        1        3
2725        2540        1        3
2725        2566        1        3
2725        2593        1        3
2699        2619        1        3
2699        2646        1        3
2672        2672        1        3
2672        2699        1        3
2672        2725        1        3
2646        2752        1        3
2646        2778        1        3
2619        2805        1        3
2619        2831        1        3
2619        2858        1        3
2593        2884        1        3
2593        2910        1        3
2566        2937        1        3
2566        2963        1        3
2540        2990        1        3
2514        3016        1        3
2487        3043        1        3
2461        3069        1        3
2434        3069        1        3
2434        3096        1        3
2408        3096        1        3
2381        3096        1        3
2381        3122        1        3
2355        3122        1        3
2328        3096        1        3
2302        3096        1        3
2275        3096        1        3
2249        3069        1        3
2223        3069        1        3
2196        3043        1        3
2170        3016        1        3
2143        2990        1        3
2117        2963        1        3
2117        2937        1        3
2090        2910        1        3
2090        2884        1        3
2064        2884        1        3
2064        2858        1        3
2037        2831        1        3
2037        2805        1        3
2011        2778        1        3
2011        2752        1        3
2011        2725        1        3
2011        2699        1        3
1984        2699        1        3
1984        2672        1        3
1984        2646        1        3
1984        2619        1        3
1984        2593        1        3
1984        2566        1        3
1984        2540        1        3
1984        2514        1        3
1984        2487        1        3
2011        2487        1        3
PEN_UP                  0
PEN_DOWN
2990        1931        1        4
2963        1931        1        4
2937        1958        1        4
2937        1984        1        4
2937        2011        1        4
2937        2037        1        4
2910        2064        1        4
2910        2090        1        4
2910        2117        1        4
2910        2143        1        4
2910        2170        1        4
2910        2223        1        4
2910        2249        1        4
2910        2275        1        4
2910        2328        1        4
2910        2381        1        4
2910        2408        1        4
2910        2461        1        4
2910        2514        1        4
2937        2540        1        4
2937        2593        1        4
2937        2646        1        4
2963        2699        1        4
2963        2725        1        4
2990        2778        1        4
3016        2831        1        4
3043        2858        1        4
3069        2910        1        4
3122        2963        1        4
3175        2990        1        4
3228        3043        1        4
3281        3069        1        4
3334        3096        1        4
3387        3122        1        4
3440        3149        1        4
3493        3175        1        4
3519        3175        1        4
3572        3201        1        4
3598        3228        1        4
3651        3228        1        4
3678        3228        1        4
3678        3254        1        4
3704        3254        1        4
3731        3254        1        4
3757        3254        1        4
3731        3228        1        4
3731        3201        1        4
3704        3201        1        4
3704        3175        1        4
3678        3149        1        4
PEN_UP                  0
PEN_DOWN
1402        1773        1        5
1376        1773        1        5
1402        1773        1        5
1429        1773        1        5
1455        1773        1        5
1482        1773        1        5
1508        1773        1        5
1535        1773        1        5
1588        1773        1        5
1640        1746        1        5
1693        1746        1        5
1746        1746        1        5
1826        1746        1        5
1905        1720        1        5
2011        1693        1        5
2117        1693        1        5
2249        1667        1        5
2381        1640        1        5
2514        1640        1        5
2646        1614        1        5
2752        1614        1        5
2831        1588        1        5
2937        1588        1        5
2990        1588        1        5
3069        1588        1        5
3122        1588        1        5
3175        1588        1        5
3201        1561        1        5
3228        1561        1        5
3254        1561        1        5
3281        1561        1        5
3307        1561        1        5
3334        1561        1        5
PEN_UP                  0
END_CHARACTER: JJ
