CHARACTER_NAME: JB
STROKE_COUNT: 3
  X           Y   STYLUS_STATE STROKE
PEN_DOWN
1032        2090        1        1
1032        2064        1        1
1005        2037        1        1
1005        2011        1        1
1005        2037        1        1
1005        2064        1        1
1005        2090        1        1
1005        2117        1        1
1005        2143        1        1
1005        2170        1        1
1005        2196        1        1
1005        2223        1        1
1005        2249        1        1
1005        2275        1        1
1032        2302        1        1
1032        2328        1        1
1032        2355        1        1
1058        2381        1        1
1058        2408        1        1
1058        2434        1        1
1085        2434        1        1
1085        2461        1        1
1111        2487        1        1
1111        2514        1        1
1138        2514        1        1
1138        2540        1        1
1164        2566        1        1
1191        2593        1        1
1217        2619        1        1
1217        2646        1        1
1244        2646        1        1
1270        2672        1        1
1296        2699        1        1
1323        2725        1        1
1349        2725        1        1
1349        2752        1        1
1376        2752        1        1
1402        2778        1        1
1429        2805        1        1
1455        2805        1        1
1455        2831        1        1
1482        2831        1        1
1508        2831        1        1
1508        2858        1        1
1535        2858        1        1
1561        2884        1        1
1588        2884        1        1
1614        2884        1        1
1614        2910        1        1
1640        2910        1        1
1667        2910        1        1
1693        2937        1        1
1720        2937        1        1
1746        2937        1        1
1773        2937        1        1
1799        2937        1        1
1826        2937        1        1
1852        2937        1        1
1879        2937        1        1
1905        2937        1        1
1931        2910        1        1
1958        2910        1        1
1984        2884        1        1
2011        2884        1        1
2037        2858        1        1
2064        2858        1        1
2064        2831        1        1
2090        2831        1        1
2090        2805        1        1
2117        2805        1        1
2117        2778        1        1
2143        2778        1        1
2143        2752        1        1
2170        2725        1        1
2170        2699        1        1
2196        2699        1        1
2196        2672        1        1
2223        2646        1        1
2223        2619        1        1
2249        2593        1        1
2249        2566        1        1
2275        2540        1        1
2275        2514        1        1
2302        2487        1        1
2302        2461        1        1
2328        2434        1        1
2328        2408        1        1
2328        2381        1        1
2355        2381        1        1
2355        2355        1        1
2355        2328        1        1
2381        2302        1        1
2381        2275        1        1
2381        2249        1        1
2408        2223        1        1
2408        2196        1        1
2408        2170        1        1
2408        2143        1        1
2434        2117        1        1
2434        2090        1        1
2434        2064        1        1
2434        2037        1        1
2461        2011        1        1
2461        1984        1        1
2461        1958        1        1
2461        1931        1        1
2461        1905        1        1
2461        1879        1        1
2461        1852        1        1
2461        1826        1        1
2461        1799        1        1
2461        1773        1        1
2461        1746        1        1
2461        1720        1        1
2461        1693        1        1
2461        1720        1        1
2434        1720        1        1
2434        1746        1        1
2408        1773        1        1
2408        1799        1        1
2381        1799        1        1
2381        1826        1        1
2355        1826        1        1
2328        1852        1        1
2302        1879        1        1
2275        1879        1        1
2275        1905        1        1
2249        1905        1        1
2249        1931        1        1
2223        1931        1        1
2196        1958        1        1
2170        1958        1        1
2170        1984        1        1
2143        1984        1        1
2143        2011        1        1
2117        2011        1        1
2117        2037        1        1
2090        2037        1        1
2064        2037        1        1
2064        2064        1        1
2037        2064        1        1
2011        2064        1        1
1984        2064        1        1
1984        2090        1        1
1958        2090        1        1
1931        2090        1        1
1905        2090        1        1
1905        2064        1        1
1879        2064        1        1
1852        2064        1        1
1826        2064        1        1
1799        2037        1        1
1773        2037        1        1
1746        2011        1        1
1720        2011        1        1
1720        1984        1        1
1693        1984        1        1
1693        1958        1        1
1667        1958        1        1
1667        1931        1        1
1667        1905        1        1
1640        1905        1        1
1640        1879        1        1
1640        1852        1        1
1640        1826        1        1
1640        1799        1        1
1614        1799        1        1
1640        1799        1        1
1614        1799        1        1
1640        1773        1        1
1614        1773        1        1
1640        1773        1        1
1640        1746        1        1
1640        1720        1        1
1640        1693        1        1
1667        1693        1        1
1667        1667        1        1
1667        1640        1        1
1693        1640        1        1
1693        1614        1        1
1720        1614        1        1
1720        1588        1        1
1720        1561        1        1
1746        1561        1        1
1746        1535        1        1
1773        1535        1        1
1773        1508        1        1
1773        1482        1        1
1799        1482        1        1
1799        1455        1        1
1826        1429        1        1
1852        1402        1        1
1852        1376        1        1
1879        1376        1        1
1879        1349        1        1
1905        1349        1        1
1905        1323        1        1
1931        1296        1        1
1931        1270        1        1
1958        1270        1        1
1958        1244        1        1
1984        1244        1        1
1984        1217        1        1
2011        1191        1        1
2037        1164        1        1
2064        1164        1        1
2064        1138        1        1
2090        1138        1        1
2117        1111        1        1
2143        1085        1        1
2170        1058        1        1
2196        1058        1        1
2196        1032        1        1
2223        1032        1        1
2223        1005        1        1
2223        1032        1        1
2196        1032        1        1
2196        1058        1        1
2170        1058        1        1
2170        1085        1        1
2170        1111        1        1
2143        1111        1        1
2143        1138        1        1
2143        1164        1        1
2117        1164        1        1
2117        1191        1        1
2117        1217        1        1
2117        1244        1        1
2117        1270        1        1
2117        1296        1        1
2117        1323        1        1
2117        1349        1        1
2143        1376        1        1
2143        1402        1        1
2170        1402        1        1
2170        1429        1        1
2196        1455        1        1
2223        1455        1        1
2223        1482        1        1
2249        1482        1        1
2249        1508        1        1
2275        1508        1        1
2302        1508        1        1
2328        1508        1        1
2355        1508        1        1
2355        1535        1        1
2381        1535        1        1
2408        1535        1        1
2434        1535        1        1
2461        1535        1        1
2487        1535        1        1
2514        1535        1        1
2540        1535        1        1
2540        1561        1        1
2566        1561        1        1
2593        1561        1        1
2619        1561        1        1
2646        1561        1        1
2672        1561        1        1
2699        1561        1        1
2725        1561        1        1
2752        1561        1        1
2778        1561        1        1
2805        1561        1        1
2831        1561        1        1
2858        1561        1        1
2884        1561        1        1
2910        1561        1        1
2910        1535        1        1
2937        1535        1        1
2963        1535        1        1
2990        1535        1        1
3016        1535        1        1
3043        1535        1        1
3016        1561        1        1
3016        1588        1        1
2990        1588        1        1
2990        1614        1        1
2990        1640        1        1
2963        1667        1        1
2963        1693        1        1
2963        1720        1        1
2937        1720        1        1
2937        1746        1        1
2937        1773        1        1
2937        1799        1        1
2910        1826        1        1
2910        1852        1        1
2910        1879        1        1
2910        1905        1        1
2910        1931        1        1
2910        1958        1        1
2910        1984        1        1
2910        2011        1        1
2884        2037        1        1
2884        2064        1        1
2884        2090        1        1
2884        2117        1        1
2884        2143        1        1
2884        2170        1        1
2884        2196        1        1
2884        2249        1        1
2884        2275        1        1
2884        2302        1        1
2884        2328        1        1
2884        2355        1        1
2884        2381        1        1
2858        2381        1        1
2884        2408        1        1
2884        2434        1        1
2884        2461        1        1
2884        2487        1        1
2884        2514        1        1
2884        2540        1        1
2884        2566        1        1
2884        2593        1        1
2884        2619        1        1
2884        2646        1        1
2884        2672        1        1
2884        2699        1        1
2884        2725        1        1
2910        2752        1        1
2910        2778        1        1
2910        2805        1        1
2910        2831        1        1
2937        2831        1        1
2937        2858        1        1
2937        2884        1        1
2937        2910        1        1
2937        2937        1        1
2963        2963        1        1
2963        2990        1        1
2963        3016        1        1
2990        3043        1        1
2990        3069        1        1
2990        3122        1        1
3016        3149        1        1
3016        3175        1        1
3016        3201        1        1
3043        3228        1        1
3043        3254        1        1
3043        3281        1        1
3043        3307        1        1
3069        3334        1        1
3069        3360        1        1
3069        3387        1        1
3096        3413        1        1
3096        3440        1        1
3096        3466        1        1
3122        3493        1        1
3122        3519        1        1
3149        3545        1        1
3149        3572        1        1
3149        3545        1        1
3122        3545        1        1
3122        3519        1        1
3122        3493        1        1
3096        3466        1        1
3096        3440        1        1
3096        3413        1        1
3069        3387        1        1
3069        3360        1        1
PEN_UP                  0
PEN_DOWN
2805        2461        1        2
2778        2461        1        2
2778        2487        1        2
2752        2514        1        2
2752        2540        1        2
2725        2566        1        2
2699        2593        1        2
2699        2619        1        2
2672        2646        1        2
2646        2646        1        2
2646        2672        1        2
2619        2699        1        2
2593        2725        1        2
2566        2752        1        2
2540        2778        1        2
2540        2805        1        2
2514        2831        1        2
2487        2858        1        2
2461        2884        1        2
2434        2937        1        2
2408        2963        1        2
2381        2990        1        2
2355        3016        1        2
2355        3043        1        2
2328        3069        1        2
2302        3096        1        2
2302        3122        1        2
2275        3149        1        2
2275        3175        1        2
2249        3201        1        2
2249        3228        1        2
2223        3228        1        2
2223        3254        1        2
2223        3281        1        2
2196        3281        1        2
2223        3307        1        2
2249        3307        1        2
2275        3307        1        2
2302        3307        1        2
2328        3334        1        2
2355        3334        1        2
2381        3334        1        2
2408        3360        1        2
2434        3360        1        2
2434        3387        1        2
2461        3387        1        2
2487        3413        1        2
2514        3413        1        2
2540        3440        1        2
2566        3466        1        2
2593        3493        1        2
2593        3519        1        2
2619        3545        1        2
2646        3572        1        2
2672        3598        1        2
2699        3625        1        2
2699        3651        1        2
2725        3651        1        2
2725        3678        1        2
2752        3704        1        2
2752        3731        1        2
2778        3731        1        2
2778        3757        1        2
2805        3757        1        2
2805        3784        1        2
2831        3784        1        2
2831        3810        1        2
2831        3836        1        2
2858        3836        1        2
2858        3863        1        2
2884        3863        1        2
2884        3889        1        2
2910        3916        1        2
2910        3942        1        2
2937        3942        1        2
2937        3969        1        2
2963        3995        1        2
2963        4022        1        2
2963        4048        1        2
2963        4022        1        2
2963        3995        1        2
2963        3969        1        2
2963        3942        1        2
2937        3942        1        2
2963        3942        1        2
2937        3916        1        2
2937        3889        1        2
2937        3863        1        2
2937        3836        1        2
2937        3810        1        2
2937        3784        1        2
2937        3757        1        2
2937        3731        1        2
2937        3704        1        2
2937        3678        1        2
2937        3651        1        2
2937        3625        1        2
2937        3598        1        2
2937        3572        1        2
2937        3545        1        2
2937        3519        1        2
2937        3493        1        2
2937        3466        1        2
2937        3440        1        2
2937        3413        1        2
2910        3387        1        2
2910        3360        1        2
2910        3334        1        2
2910        3307        1        2
2910        3281        1        2
2910        3254        1        2
2910        3228        1        2
2910        3201        1        2
2910        3175        1        2
2910        3149        1        2
2910        3122        1        2
2910        3096        1        2
2910        3069        1        2
2910        3043        1        2
2910        3016        1        2
2910        2990        1        2
2910        2963        1        2
2884        2963        1        2
2884        2937        1        2
2884        2910        1        2
2884        2884        1        2
2884        2858        1        2
2884        2831        1        2
2884        2805        1        2
2884        2778        1        2
2858        2752        1        2
PEN_UP                  0
PEN_DOWN
1138        1032        1        3
1164        1032        1        3
1191        1032        1        3
1217        1032        1        3
1244        1032        1        3
1296        1005        1        3
1323        1005        1        3
1349        1005        1        3
1376        1005        1        3
1429        1005        1        3
1455        1005        1        3
1508        1005        1        3
1535        1005        1        3
1561        1005        1        3
1614        1005        1        3
1640        1005        1        3
1667        1005        1        3
1720        1005        1        3
1746        1005        1        3
1799        1005        1        3
1826        1005        1        3
1852         979        1        3
1905         979        1        3
1931         979        1        3
1984         979        1        3
2011         979        1        3
2037         979        1        3
2064         953        1        3
2090         953        1        3
2117         953        1        3
2143         953        1        3
2170         953        1        3
2196         953        1        3
2223         953        1        3
2249         953        1        3
2302         953        1        3
2328         953        1        3
2355         953        1        3
2408         953        1        3
2434         953        1        3
2487         953        1        3
2514         953        1        3
2566         926        1        3
2593         926        1        3
2646         926        1        3
2672         926        1        3
2725         926        1        3
2778         926        1        3
2805         926        1        3
2858         900        1        3
2884         900        1        3
2937         900        1        3
2963         900        1        3
3016         900        1        3
3043         900        1        3
3069         900        1        3
3122         900        1        3
3149         900        1        3
3175         900        1        3
3228         900        1        3
3254         900        1        3
3281         873        1        3
3307         873        1        3
3334         873        1        3
3360         873        1        3
PEN_UP                  0
END_CHARACTER: JB
