CHARACTER_NAME: BJ
STROKE_COUNT: 4
  X           Y   STYLUS_STATE STROKE
PEN_DOWN
2117        1058        1        1
2143        1058        1        1
2117        1058        1        1
2117        1032        1        1
2117        1058        1        1
2090        1058        1        1
2090        1085        1        1
2064        1085        1        1
2064        1111        1        1
2037        1111        1        1
2037        1138        1        1
2011        1164        1        1
2011        1191        1        1
1984        1191        1        1
1984        1217        1        1
1958        1244        1        1
1931        1270        1        1
1931        1296        1        1
1905        1323        1        1
1905        1349        1        1
1879        1349        1        1
1852        1376        1        1
1852        1402        1        1
1826        1429        1        1
1826        1455        1        1
1799        1455        1        1
1799        1482        1        1
1773        1508        1        1
1746        1535        1        1
1746        1561        1        1
1720        1588        1        1
1693        1614        1        1
1667        1640        1        1
1640        1667        1        1
1640        1693        1        1
1614        1693        1        1
1588        1720        1        1
1588        1746        1        1
1561        1746        1        1
1535        1773        1        1
1561        1773        1        1
1588        1773        1        1
1614        1773        1        1
1640        1773        1        1
1667        1773        1        1
1693        1773        1        1
1720        1773        1        1
1746        1799        1        1
1773        1799        1        1
1799        1799        1        1
1826        1799        1        1
1852        1826        1        1
1879        1852        1        1
1905        1852        1        1
1931        1879        1        1
1958        1905        1        1
1984        1905        1        1
2011        1931        1        1
2037        1958        1        1
2037        1984        1        1
2064        2011        1        1
2090        2037        1        1
2117        2090        1        1
2117        2117        1        1
2143        2143        1        1
2170        2170        1        1
2170        2196        1        1
2196        2223        1        1
2196        2249        1        1
2223        2249        1        1
2223        2275        1        1
2249        2275        1        1
2249        2302        1        1
2275        2302        1        1
2275        2275        1        1
2249        2275        1        1
2249        2249        1        1
2249        2223        1        1
2249        2196        1        1
2249        2170        1        1
2249        2143        1        1
2249        2117        1        1
2249        2090        1        1
2249        2064        1        1
2249        2037        1        1
2249        2011        1        1
2249        1958        1        1
2249        1931        1        1
2249        1905        1        1
2275        1879        1        1
2275        1852        1        1
2275        1826        1        1
2275        1799        1        1
2275        1773        1        1
2275        1746        1        1
2275        1720        1        1
2275        1693        1        1
2275        1667        1        1
2275        1640        1        1
2275        1614        1        1
2275        1588        1        1
2275        1561        1        1
2275        1535        1        1
2275        1508        1        1
2275        1482        1        1
2275        1455        1        1
2275        1429        1        1
2275        1402        1        1
2275        1376        1        1
2275        1349        1        1
2275        1323        1        1
2275        1296        1        1
2275        1270        1        1
2275        1244        1        1
2275        1217        1        1
2275        1191        1        1
2275        1164        1        1
2249        1164        1        1
2275        1164        1        1
2249        1164        1        1
2249        1138        1        1
2275        1111        1        1
2275        1085        1        1
2275        1058        1        1
2249        1058        1        1
2249        1032        1        1
2275        1032        1        1
2249        1032        1        1
2249        1058        1        1
2249        1085        1        1
PEN_UP                  0
PEN_DOWN
1138        2725        1        2
1138        2699        1        2
1138        2672        1        2
1111        2672        1        2
1111        2646        1        2
1111        2619        1        2
1111        2593        1        2
1111        2566        1        2
1111        2593        1        2
1111        2619        1        2
1138        2646        1        2
1138        2672        1        2
1138        2699        1        2
1164        2699        1        2
1164        2725        1        2
1164        2752        1        2
1191        2778        1        2
1191        2805        1        2
1217        2805        1        2
1217        2831        1        2
1244        2858        1        2
1270        2884        1        2
1296        2884        1        2
1296        2910        1        2
1323        2937        1        2
1349        2937        1        2
1349        2963        1        2
1376        2963        1        2
1402        2990        1        2
1429        3016        1        2
1455        3016        1        2
1455        3043        1        2
1482        3043        1        2
1508        3069        1        2
1535        3069        1        2
1535        3096        1        2
1561        3096        1        2
1588        3096        1        2
1614        3096        1        2
1614        3122        1        2
1640        3122        1        2
1667        3122        1        2
1693        3122        1        2
1720        3122        1        2
1746        3122        1        2
1773        3096        1        2
1799        3096        1        2
1826        3096        1        2
1852        3096        1        2
1852        3069        1        2
1879        3069        1        2
1905        3043        1        2
1931        3043        1        2
1931        3016        1        2
1958        3016        1        2
1958        2990        1        2
1984        2990        1        2
1984        2963        1        2
2011        2963        1        2
2011        2937        1        2
2037        2937        1        2
2064        2910        1        2
2064        2884        1        2
2090        2884        1        2
2117        2858        1        2
2117        2831        1        2
2143        2831        1        2
2143        2805        1        2
2170        2805        1        2
2170        2778        1        2
2196        2778        1        2
2196        2752        1        2
2223        2725        1        2
2223        2699        1        2
2249        2699        1        2
2249        2672        1        2
2275        2672        1        2
2275        2646        1        2
2302        2646        1        2
2302        2619        1        2
2328        2619        1        2
2328        2593        1        2
2355        2593        1        2
2355        2566        1        2
2381        2540        1        2
2381        2514        1        2
2408        2487        1        2
2434        2461        1        2
2434        2434        1        2
2461        2408        1        2
2461        2381        1        2
2461        2355        1        2
2487        2355        1        2
2487        2328        1        2
2487        2302        1        2
2514        2302        1        2
2514        2275        1        2
2514        2249        1        2
2540        2223        1        2
2540        2196        1        2
2540        2170        1        2
2540        2143        1        2
2566        2117        1        2
2566        2090        1        2
2566        2064        1        2
2566        2037        1        2
2593        2011        1        2
2593        1984        1        2
2593        1958        1        2
2593        1931        1        2
2593        1905        1        2
2593        1879        1        2
2593        1905        1        2
2566        1905        1        2
2566        1931        1        2
2540        1931        1        2
2514        1958        1        2
2514        1984        1        2
2487        1984        1        2
2487        2011        1        2
2461        2037        1        2
2434        2064        1        2
2434        2090        1        2
2408        2090        1        2
2408        2117        1        2
2381        2117        1        2
2381        2143        1        2
2355        2143        1        2
2328        2170        1        2
2302        2196        1        2
2275        2223        1        2
2249        2223        1        2
2249        2249        1        2
2223        2249        1        2
2196        2249        1        2
2196        2275        1        2
2170        2275        1        2
PEN_UP                  0
PEN_DOWN
2302        1005        1        3
2302        1032        1        3
2302        1058        1        3
2328        1085        1        3
2328        1111        1        3
2355        1138        1        3
2355        1164        1        3
2381        1191        1        3
2408        1217        1        3
2434        1244        1        3
2461        1244        1        3
2487        1270        1        3
2514        1296        1        3
2540        1296        1        3
2566        1323        1        3
2593        1323        1        3
2619        1323        1        3
2619        1349        1        3
2646        1349        1        3
2672        1349        1        3
2699        1349        1        3
2725        1376        1        3
2752        1376        1        3
2778        1376        1        3
2805        1376        1        3
2831        1402        1        3
2858        1402        1        3
2884        1402        1        3
2910        1402        1        3
2937        1402        1        3
2963        1402        1        3
2990        1402        1        3
3016        1402        1        3
3043        1402        1        3
3069        1402        1        3
3096        1376        1        3
3096        1402        1        3
3069        1402        1        3
3069        1429        1        3
3043        1429        1        3
3043        1455        1        3
3016        1455        1        3
3016        1482        1        3
2990        1482        1        3
2990        1508        1        3
2963        1535        1        3
2963        1561        1        3
2937        1561        1        3
2910        1588        1        3
2910        1614        1        3
2884        1640        1        3
2884        1667        1        3
2858        1693        1        3
2858        1720        1        3
2831        1773        1        3
2831        1799        1        3
2831        1826        1        3
2831        1852        1        3
2805        1905        1        3
2805        1958        1        3
2805        1984        1        3
2805        2037        1        3
2805        2090        1        3
2831        2143        1        3
2831        2170        1        3
2831        2223        1        3
2831        2275        1        3
2858        2328        1        3
2858        2381        1        3
2858        2434        1        3
2884        2487        1        3
2884        2540        1        3
2910        2566        1        3
2910        2619        1        3
2937        2672        1        3
2963        2725        1        3
2963        2752        1        3
2990        2805        1        3
3016        2831        1        3
3043        2884        1        3
3069        2910        1        3
3096        2963        1        3
3149        2990        1        3
3175        3016        1        3
3201        3043        1        3
3228        3069        1        3
3281        3096        1        3
3307        3096        1        3
3334        3122        1        3
3387        3122        1        3
3413        3122        1        3
3440        3149        1        3
3466        3149        1        3
3493        3149        1        3
3493        3122        1        3
3466        3122        1        3
3466        3096        1        3
3440        3096        1        3
3440        3069        1        3
3413        3043        1        3
3387        3016        1        3
3360        2963        1        3
PEN_UP                  0
PEN_DOWN
1640         979        1        4
1614         979        1        4
1588         979        1        4
1588         953        1        4
1561         953        1        4
1535         953        1        4
1508         953        1        4
1535         953        1        4
1561         953        1        4
1588         953        1        4
1614         953        1        4
1640         953        1        4
1667         953        1        4
1693         953        1        4
1720         953        1        4
1746         953        1        4
1799         953        1        4
1826         953        1        4
1852         953        1        4
1879         953        1        4
1931         953        1        4
1958         953        1        4
1984         953        1        4
2037         953        1        4
2064         953        1        4
2090         953        1        4
2143         953        1        4
2170         953        1        4
2196         953        1        4
2223         953        1        4
2275         953        1        4
2302         953        1        4
2355         953        1        4
2381         953        1        4
2434         953        1        4
2461         953        1        4
2514         953        1        4
2566         953        1        4
2619         953        1        4
2672         953        1        4
2725         953        1        4
2778         926        1        4
2831         926        1        4
2884         926        1        4
2937         926        1        4
2990         926        1        4
3016         926        1        4
3069         926        1        4
3096         926        1        4
3122         926        1        4
3149         926        1        4
3175         926        1        4
3201         926        1        4
3175         926        1        4
PEN_UP                  0
END_CHARACTER: BJ
