CHARACTER_NAME: GN
STROKE_COUNT: 2
  X           Y   STYLUS_STATE STROKE
PEN_DOWN
1455        1614        1        1
1482        1614        1        1
1508        1614        1        1
1535        1614        1        1
1561        1614        1        1
1588        1614        1        1
1614        1614        1        1
1640        1614        1        1
1667        1614        1        1
1693        1614        1        1
1720        1614        1        1
1746        1588        1        1
1773        1588        1        1
1799        1588        1        1
1826        1561        1        1
1852        1561        1        1
1879        1561        1        1
1905        1535        1        1
1931        1535        1        1
1958        1508        1        1
1984        1508        1        1
1984        1482        1        1
2011        1482        1        1
2011        1455        1        1
2037        1429        1        1
2037        1402        1        1
2064        1402        1        1
2064        1376        1        1
2064        1349        1        1
2090        1323        1        1
2090        1296        1        1
2090        1270        1        1
2090        1244        1        1
2090        1217        1        1
2090        1191        1        1
2064        1191        1        1
2064        1164        1        1
2064        1138        1        1
2037        1138        1        1
2037        1111        1        1
2011        1111        1        1
2011        1085        1        1
1984        1085        1        1
1958        1085        1        1
1931        1085        1        1
1905        1085        1        1
1879        1085        1        1
1879        1111        1        1
1852        1111        1        1
1826        1111        1        1
1799        1111        1        1
1799        1138        1        1
1773        1138        1        1
1746        1138        1        1
1746        1164        1        1
1720        1164        1        1
1693        1191        1        1
1667        1191        1        1
1667        1217        1        1
1640        1217        1        1
1640        1244        1        1
1614        1244        1        1
1614        1270        1        1
1588        1270        1        1
1588        1296        1        1
1561        1296        1        1
1535        1323        1        1
1508        1323        1        1
1508        1349        1        1
1482        1349        1        1
1482        1376        1        1
1455        1376        1        1
1482        1349        1        1
1455        1349        1        1
1482        1323        1        1
1482        1296        1        1
1455        1296        1        1
1482        1270        1        1
1455        1270        1        1
1482        1244        1        1
1482        1217        1        1
1482        1191        1        1
1482        1164        1        1
1482        1138        1        1
1482        1111        1        1
1482        1085        1        1
1508        1085        1        1
1508        1058        1        1
1508        1032        1        1
1508        1005        1        1
1535        1005        1        1
1535         979        1        1
1535         953        1        1
1561         953        1        1
1561         926        1        1
1588         900        1        1
1614         873        1        1
1614         847        1        1
1640         847        1        1
1667         847        1        1
1693         820        1        1
1720         820        1        1
1746         794        1        1
1773         794        1        1
1799         794        1        1
1799         767        1        1
1826         767        1        1
1852         767        1        1
1879         767        1        1
1905         767        1        1
1931         741        1        1
1958         741        1        1
1984         741        1        1
2011         741        1        1
2037         741        1        1
2064         741        1        1
2090         741        1        1
2117         741        1        1
2143         741        1        1
2170         741        1        1
2196         741        1        1
2223         741        1        1
2249         741        1        1
2275         741        1        1
2302         741        1        1
2302         767        1        1
2328         767        1        1
2355         767        1        1
2381         767        1        1
2381         794        1        1
2408         794        1        1
2408         820        1        1
2434         820        1        1
2434         847        1        1
2461         847        1        1
2461         873        1        1
2487         873        1        1
2487         900        1        1
2514         900        1        1
2514         926        1        1
2514         953        1        1
2514         979        1        1
2540        1005        1        1
2540        1032        1        1
2540        1058        1        1
2540        1085        1        1
2566        1085        1        1
2566        1111        1        1
2566        1138        1        1
2566        1164        1        1
2593        1191        1        1
2593        1217        1        1
2593        1244        1        1
2593        1270        1        1
2619        1296        1        1
2619        1323        1        1
2619        1349        1        1
2619        1376        1        1
2619        1402        1        1
2646        1402        1        1
2646        1429        1        1
2646        1455        1        1
2646        1482        1        1
2646        1508        1        1
2672        1482        1        1
2672        1455        1        1
2672        1429        1        1
2672        1402        1        1
2672        1376        1        1
2646        1349        1        1
2646        1323        1        1
2646        1296        1        1
2646        1270        1        1
2646        1244        1        1
2646        1217        1        1
2672        1191        1        1
2672        1164        1        1
2672        1138        1        1
2672        1111        1        1
2672        1085        1        1
2672        1058        1        1
2672        1032        1        1
2672        1005        1        1
2699         979        1        1
2699         953        1        1
2699         926        1        1
2699         900        1        1
2699         873        1        1
2699         847        1        1
2699         820        1        1
2699         794        1        1
2699         767        1        1
2699         741        1        1
2699         714        1        1
2699         688        1        1
2699         661        1        1
2699         688        1        1
2699         714        1        1
2699         741        1        1
2699         767        1        1
2699         794        1        1
2699         820        1        1
2699         847        1        1
2672         873        1        1
2672         900        1        1
2672         926        1        1
2672         979        1        1
2672        1005        1        1
2672        1058        1        1
2672        1085        1        1
2672        1138        1        1
2672        1164        1        1
2672        1191        1        1
2672        1244        1        1
2672        1270        1        1
2672        1323        1        1
2672        1349        1        1
2672        1376        1        1
2672        1429        1        1
2672        1455        1        1
2672        1482        1        1
2672        1535        1        1
2672        1561        1        1
2672        1588        1        1
2672        1640        1        1
2672        1667        1        1
2672        1693        1        1
2672        1746        1        1
2672        1773        1        1
2672        1799        1        1
2672        1852        1        1
2672        1879        1        1
2672        1931        1        1
2699        1958        1        1
2699        2011        1        1
2699        2037        1        1
2699        2090        1        1
2725        2143        1        1
2725        2196        1        1
2725        2249        1        1
2725        2275        1        1
2725        2328        1        1
2752        2381        1        1
2752        2434        1        1
2752        2461        1        1
2752        2514        1        1
2752        2540        1        1
2752        2593        1        1
2778        2619        1        1
2778        2646        1        1
2778        2672        1        1
2778        2699        1        1
2778        2725        1        1
2778        2752        1        1
2778        2778        1        1
2778        2805        1        1
2778        2831        1        1
2778        2858        1        1
2805        2884        1        1
2778        2884        1        1
2805        2910        1        1
2805        2884        1        1
2805        2858        1        1
2805        2831        1        1
2805        2805        1        1
2805        2778        1        1
2805        2752        1        1
2805        2725        1        1
2805        2699        1        1
2805        2672        1        1
2805        2646        1        1
2778        2619        1        1
2805        2619        1        1
2805        2593        1        1
2778        2566        1        1
2778        2540        1        1
2778        2514        1        1
2778        2487        1        1
2778        2461        1        1
2778        2434        1        1
2778        2408        1        1
2778        2381        1        1
2778        2355        1        1
2778        2328        1        1
2778        2302        1        1
2778        2249        1        1
2778        2223        1        1
2752        2196        1        1
2752        2170        1        1
2752        2143        1        1
2752        2117        1        1
2725        2090        1        1
2725        2064        1        1
2725        2037        1        1
2725        2011        1        1
2725        1984        1        1
2725        1958        1        1
2699        1931        1        1
2699        1905        1        1
2699        1879        1        1
2699        1852        1        1
2699        1826        1        1
2699        1799        1        1
2672        1799        1        1
2699        1773        1        1
2672        1773        1        1
2672        1746        1        1
2646        1746        1        1
2619        1746        1        1
2593        1746        1        1
2566        1746        1        1
2540        1746        1        1
2514        1746        1        1
2487        1746        1        1
2461        1746        1        1
2434        1746        1        1
2408        1746        1        1
2381        1746        1        1
2355        1746        1        1
2328        1746        1        1
2302        1746        1        1
2275        1746        1        1
2249        1746        1        1
2223        1773        1        1
2196        1773        1        1
2170        1773        1        1
2143        1773        1        1
2143        1799        1        1
2117        1799        1        1
2090        1799        1        1
2090        1826        1        1
2064        1826        1        1
2037        1852        1        1
2011        1852        1        1
2011        1879        1        1
1984        1879        1        1
1984        1905        1        1
1958        1905        1        1
1958        1931        1        1
1931        1931        1        1
1931        1958        1        1
1905        1984        1        1
1905        2011        1        1
1879        2011        1        1
1879        2037        1        1
1852        2064        1        1
1852        2090        1        1
1826        2090        1        1
1826        2117        1        1
1826        2143        1        1
1826        2170        1        1
1826        2196        1        1
1826        2223        1        1
1852        2249        1        1
1852        2275        1        1
1879        2275        1        1
1905        2275        1        1
1931        2275        1        1
1958        2249        1        1
1984        2249        1        1
1984        2223        1        1
1984        2196        1        1
2011        2170        1        1
2011        2143        1        1
2011        2117        1        1
1984        2090        1        1
1984        2064        1        1
1958        2037        1        1
1931        2037        1        1
1931        2064        1        1
1931        2037        1        1
PEN_UP                  0
PEN_DOWN
3043         873        1        2
3043         847        1        2
3016         847        1        2
3016         820        1        2
2990         820        1        2
2963         820        1        2
2937         820        1        2
2910         820        1        2
2884         820        1        2
2858         820        1        2
2831         820        1        2
2858         820        1        2
2884         820        1        2
2910         820        1        2
2937         820        1        2
2963         820        1        2
3016         794        1        2
3043         794        1        2
3096         794        1        2
3122         794        1        2
3149         794        1        2
3175         794        1        2
3201         794        1        2
3228         794        1        2
3254         794        1        2
3281         794        1        2
3254         794        1        2
PEN_UP                  0
END_CHARACTER: GN
