CHARACTER_NAME: TN
STROKE_COUNT: 3
  X           Y   STYLUS_STATE STROKE
PEN_DOWN
2328        1588        1        1
2302        1588        1        1
2275        1588        1        1
2249        1588        1        1
2249        1561        1        1
2249        1535        1        1
2275        1508        1        1
2302        1508        1        1
2302        1535        1        1
2302        1561        1        1
2275        1561        1        1
2275        1588        1        1
2249        1614        1        1
2223        1614        1        1
2223        1640        1        1
2196        1614        1        1
2196        1588        1        1
2196        1561        1        1
2223        1561        1        1
2223        1535        1        1
2223        1508        1        1
2249        1508        1        1
2275        1508        1        1
2275        1482        1        1
2302        1508        1        1
2328        1535        1        1
2302        1535        1        1
2302        1561        1        1
2302        1588        1        1
2302        1614        1        1
2275        1614        1        1
2275        1640        1        1
2249        1640        1        1
2249        1667        1        1
2223        1667        1        1
2223        1640        1        1
2196        1640        1        1
2196        1614        1        1
2223        1614        1        1
2223        1588        1        1
2223        1561        1        1
2249        1535        1        1
2275        1535        1        1
2275        1561        1        1
2302        1561        1        1
2302        1588        1        1
2275        1588        1        1
2275        1614        1        1
2249        1614        1        1
2249        1640        1        1
2223        1614        1        1
2223        1588        1        1
2223        1561        1        1
2223        1535        1        1
2249        1535        1        1
2275        1508        1        1
2302        1508        1        1
2328        1508        1        1
2328        1535        1        1
2355        1535        1        1
2381        1535        1        1
2408        1561        1        1
2434        1561        1        1
2461        1561        1        1
2461        1588        1        1
2487        1588        1        1
2514        1588        1        1
2514        1614        1        1
2540        1614        1        1
2540        1640        1        1
2566        1640        1        1
2566        1667        1        1
2566        1693        1        1
2593        1720        1        1
2593        1746        1        1
2619        1773        1        1
2619        1799        1        1
2619        1852        1        1
2619        1879        1        1
2593        1905        1        1
2593        1931        1        1
2593        1958        1        1
2566        2011        1        1
2566        2037        1        1
2566        2064        1        1
2540        2090        1        1
2540        2143        1        1
2514        2170        1        1
2514        2196        1        1
2487        2196        1        1
2461        2223        1        1
2461        2249        1        1
2434        2275        1        1
2408        2302        1        1
2381        2302        1        1
2355        2328        1        1
2328        2328        1        1
2302        2355        1        1
2275        2355        1        1
2249        2355        1        1
2223        2381        1        1
2196        2381        1        1
2170        2381        1        1
2143        2381        1        1
2117        2381        1        1
2090        2381        1        1
2064        2355        1        1
2037        2355        1        1
2011        2355        1        1
1984        2328        1        1
1958        2302        1        1
1931        2275        1        1
1905        2249        1        1
1879        2223        1        1
1852        2196        1        1
1826        2170        1        1
1799        2143        1        1
1773        2117        1        1
1773        2090        1        1
1746        2064        1        1
1720        2037        1        1
1693        2011        1        1
1667        1984        1        1
1640        1958        1        1
1640        1931        1        1
1614        1905        1        1
1588        1879        1        1
1561        1852        1        1
1535        1826        1        1
1508        1799        1        1
1482        1773        1        1
1482        1746        1        1
1455        1746        1        1
1429        1720        1        1
1402        1693        1        1
1402        1667        1        1
1376        1640        1        1
1349        1614        1        1
1323        1588        1        1
1323        1561        1        1
1296        1561        1        1
1296        1535        1        1
1323        1508        1        1
1323        1535        1        1
1349        1535        1        1
PEN_UP                  0
PEN_DOWN
2514        2434        1        2
2514        2408        1        2
2487        2408        1        2
2487        2381        1        2
2487        2355        1        2
2487        2328        1        2
2461        2328        1        2
2434        2328        1        2
2434        2355        1        2
2434        2381        1        2
2408        2408        1        2
2408        2434        1        2
2408        2461        1        2
2408        2487        1        2
2408        2514        1        2
2408        2540        1        2
2408        2566        1        2
2381        2593        1        2
2381        2619        1        2
2381        2672        1        2
2381        2699        1        2
2381        2725        1        2
2355        2778        1        2
2355        2805        1        2
2355        2858        1        2
2355        2884        1        2
2355        2937        1        2
2355        2963        1        2
2355        3016        1        2
2355        3043        1        2
2328        3096        1        2
2328        3122        1        2
2328        3175        1        2
2328        3201        1        2
2328        3228        1        2
2328        3281        1        2
2328        3307        1        2
2328        3334        1        2
2328        3387        1        2
2328        3413        1        2
2328        3440        1        2
2328        3466        1        2
2328        3440        1        2
2328        3413        1        2
2328        3387        1        2
2355        3387        1        2
2355        3360        1        2
2355        3334        1        2
2355        3307        1        2
2355        3254        1        2
2355        3228        1        2
2355        3201        1        2
2355        3175        1        2
2355        3122        1        2
2355        3096        1        2
2355        3069        1        2
2355        3043        1        2
2355        3016        1        2
2328        2990        1        2
2328        2963        1        2
2328        2937        1        2
2328        2910        1        2
2328        2884        1        2
2328        2858        1        2
2302        2858        1        2
2302        2831        1        2
2302        2805        1        2
2275        2778        1        2
2275        2752        1        2
2249        2725        1        2
2249        2699        1        2
2223        2699        1        2
2196        2672        1        2
2170        2672        1        2
2143        2672        1        2
2117        2672        1        2
2090        2672        1        2
2064        2672        1        2
2037        2672        1        2
2011        2699        1        2
1984        2699        1        2
1958        2699        1        2
1931        2699        1        2
1905        2725        1        2
1879        2725        1        2
1852        2725        1        2
1852        2752        1        2
1826        2752        1        2
1799        2778        1        2
1773        2778        1        2
1746        2805        1        2
1720        2805        1        2
1720        2831        1        2
1693        2831        1        2
1693        2858        1        2
1667        2884        1        2
1693        2910        1        2
1693        2937        1        2
1720        2937        1        2
1720        2963        1        2
1746        2963        1        2
1773        2963        1        2
1799        2963        1        2
1826        2963        1        2
1852        2963        1        2
1879        2963        1        2
1905        2963        1        2
1931        2963        1        2
1931        2937        1        2
1931        2910        1        2
1931        2884        1        2
1905        2858        1        2
1905        2831        1        2
1879        2831        1        2
1879        2805        1        2
1852        2805        1        2
PEN_UP                  0
PEN_DOWN
2064        1349        1        3
2037        1349        1        3
2011        1349        1        3
2011        1323        1        3
2037        1323        1        3
2064        1323        1        3
2090        1323        1        3
2117        1323        1        3
2117        1296        1        3
2143        1296        1        3
2170        1296        1        3
2196        1296        1        3
2223        1296        1        3
2249        1296        1        3
2302        1296        1        3
2328        1296        1        3
2355        1296        1        3
2408        1296        1        3
2434        1296        1        3
2487        1296        1        3
2514        1296        1        3
2566        1296        1        3
2593        1296        1        3
2619        1296        1        3
2672        1296        1        3
2699        1296        1        3
2752        1296        1        3
2778        1296        1        3
2831        1296        1        3
2858        1296        1        3
2910        1296        1        3
2937        1296        1        3
2990        1270        1        3
3016        1270        1        3
3043        1270        1        3
3069        1270        1        3
3096        1270        1        3
3122        1270        1        3
3149        1270        1        3
3175        1270        1        3
3175        1244        1        3
PEN_UP                  0
END_CHARACTER: TN
