CHARACTER_NAME: JJB
STROKE_COUNT: 4
  X           Y   STYLUS_STATE STROKE
PEN_DOWN
 979        2381        1        1
 979        2355        1        1
 979        2328        1        1
 953        2328        1        1
 953        2302        1        1
 953        2328        1        1
 979        2355        1        1
 953        2355        1        1
 953        2381        1        1
 979        2381        1        1
 979        2408        1        1
 979        2434        1        1
 979        2461        1        1
 979        2487        1        1
1005        2487        1        1
1005        2514        1        1
1032        2540        1        1
1032        2566        1        1
1058        2593        1        1
1058        2619        1        1
1085        2619        1        1
1111        2646        1        1
1138        2672        1        1
1164        2699        1        1
1191        2699        1        1
1191        2725        1        1
1217        2725        1        1
1244        2725        1        1
1270        2752        1        1
1296        2752        1        1
1323        2752        1        1
1349        2752        1        1
1376        2752        1        1
1402        2752        1        1
1429        2752        1        1
1455        2752        1        1
1482        2752        1        1
1508        2752        1        1
1535        2752        1        1
1535        2725        1        1
1561        2725        1        1
1588        2725        1        1
1614        2725        1        1
1640        2699        1        1
1667        2699        1        1
1693        2699        1        1
1720        2672        1        1
1746        2672        1        1
1773        2646        1        1
1799        2619        1        1
1826        2619        1        1
1826        2593        1        1
1852        2566        1        1
1879        2540        1        1
1879        2514        1        1
1905        2514        1        1
1905        2487        1        1
1931        2461        1        1
1931        2434        1        1
1958        2434        1        1
1958        2408        1        1
1958        2381        1        1
1984        2355        1        1
1984        2328        1        1
1984        2302        1        1
2011        2275        1        1
2011        2249        1        1
2011        2223        1        1
2011        2196        1        1
2037        2170        1        1
2037        2143        1        1
2037        2117        1        1
2037        2090        1        1
2037        2064        1        1
2037        2037        1        1
2037        2011        1        1
2037        1984        1        1
2037        1958        1        1
2011        1931        1        1
1984        1958        1        1
1958        1984        1        1
1931        2011        1        1
1905        2037        1        1
1879        2037        1        1
1879        2064        1        1
1852        2064        1        1
1826        2090        1        1
1799        2090        1        1
1773        2117        1        1
1746        2143        1        1
1720        2143        1        1
1693        2170        1        1
1667        2170        1        1
1640        2170        1        1
1614        2196        1        1
1588        2196        1        1
1561        2196        1        1
1535        2223        1        1
1508        2223        1        1
1482        2223        1        1
1455        2223        1        1
1455        2196        1        1
1429        2196        1        1
1402        2196        1        1
1376        2196        1        1
1376        2170        1        1
1349        2170        1        1
1349        2143        1        1
1323        2143        1        1
1323        2117        1        1
1296        2117        1        1
1296        2090        1        1
1296        2064        1        1
1296        2037        1        1
1296        2011        1        1
1270        2011        1        1
1270        1984        1        1
1296        1958        1        1
1296        1931        1        1
1270        1931        1        1
1296        1905        1        1
1296        1879        1        1
1296        1852        1        1
1296        1826        1        1
1323        1799        1        1
1323        1773        1        1
1323        1746        1        1
1349        1746        1        1
1349        1720        1        1
1376        1693        1        1
1376        1667        1        1
1402        1667        1        1
1402        1640        1        1
1429        1640        1        1
1429        1614        1        1
1455        1614        1        1
1455        1588        1        1
1482        1588        1        1
1482        1561        1        1
1508        1561        1        1
1535        1535        1        1
1535        1508        1        1
1561        1508        1        1
1561        1482        1        1
1588        1455        1        1
1614        1429        1        1
1614        1455        1        1
1588        1455        1        1
1588        1482        1        1
1561        1482        1        1
1561        1508        1        1
1561        1535        1        1
1535        1535        1        1
1535        1561        1        1
1535        1588        1        1
1535        1614        1        1
1535        1640        1        1
1561        1640        1        1
1561        1667        1        1
1588        1693        1        1
1614        1693        1        1
1614        1720        1        1
1640        1720        1        1
1667        1720        1        1
1693        1746        1        1
1720        1746        1        1
1746        1746        1        1
1773        1746        1        1
1799        1746        1        1
1826        1746        1        1
1852        1746        1        1
1879        1746        1        1
1905        1746        1        1
1931        1746        1        1
1958        1746        1        1
1984        1746        1        1
2011        1746        1        1
2037        1746        1        1
2064        1746        1        1
2090        1746        1        1
2117        1746        1        1
2143        1746        1        1
2170        1746        1        1
2196        1746        1        1
2223        1746        1        1
2249        1746        1        1
2302        1746        1        1
2328        1746        1        1
2355        1720        1        1
2381        1720        1        1
2434        1720        1        1
2461        1720        1        1
2487        1720        1        1
2514        1693        1        1
2540        1693        1        1
2566        1693        1        1
2593        1693        1        1
2566        1720        1        1
2566        1746        1        1
2540        1773        1        1
2540        1799        1        1
2514        1799        1        1
2514        1826        1        1
2540        1826        1        1
2514        1826        1        1
2514        1852        1        1
2514        1879        1        1
2514        1905        1        1
2514        1931        1        1
2540        1931        1        1
2540        1958        1        1
2540        1984        1        1
2540        2011        1        1
2566        2011        1        1
2566        2037        1        1
2593        2064        1        1
2619        2064        1        1
2619        2090        1        1
2646        2090        1        1
2646        2117        1        1
2672        2117        1        1
2699        2117        1        1
2725        2117        1        1
2752        2143        1        1
2778        2143        1        1
2778        2117        1        1
2805        2143        1        1
2805        2117        1        1
2831        2117        1        1
2858        2117        1        1
2884        2117        1        1
2910        2117        1        1
2937        2117        1        1
2937        2090        1        1
2963        2090        1        1
2990        2064        1        1
3016        2037        1        1
3043        2011        1        1
3043        2037        1        1
3043        2064        1        1
3069        2090        1        1
3069        2117        1        1
3069        2143        1        1
3069        2170        1        1
3069        2196        1        1
3069        2223        1        1
3096        2249        1        1
3096        2275        1        1
3096        2302        1        1
3096        2328        1        1
3096        2355        1        1
3096        2381        1        1
3096        2408        1        1
3069        2434        1        1
3069        2461        1        1
3069        2487        1        1
3069        2514        1        1
3043        2540        1        1
3043        2566        1        1
3016        2593        1        1
3016        2619        1        1
2990        2646        1        1
2963        2672        1        1
2937        2699        1        1
2937        2725        1        1
2910        2725        1        1
2884        2752        1        1
2858        2778        1        1
2831        2778        1        1
2831        2805        1        1
2805        2805        1        1
2778        2805        1        1
2752        2805        1        1
2752        2831        1        1
2725        2831        1        1
2699        2831        1        1
2672        2805        1        1
2646        2805        1        1
2619        2805        1        1
2593        2805        1        1
2566        2778        1        1
2540        2778        1        1
2514        2752        1        1
2487        2752        1        1
2461        2725        1        1
2434        2725        1        1
2434        2699        1        1
2408        2699        1        1
2408        2672        1        1
2381        2672        1        1
2355        2672        1        1
2355        2646        1        1
2328        2646        1        1
2328        2619        1        1
2302        2593        1        1
2275        2566        1        1
2275        2540        1        1
2249        2540        1        1
2249        2514        1        1
2223        2487        1        1
2223        2461        1        1
2196        2434        1        1
2196        2408        1        1
2170        2381        1        1
2170        2355        1        1
2170        2328        1        1
2143        2302        1        1
2143        2275        1        1
2143        2249        1        1
2143        2223        1        1
2143        2196        1        1
2143        2170        1        1
2143        2143        1        1
2143        2117        1        1
PEN_UP                  0
PEN_DOWN
2725        1667        1        2
2699        1667        1        2
2672        1667        1        2
2672        1640        1        2
2672        1667        1        2
2699        1667        1        2
2699        1693        1        2
2725        1693        1        2
2752        1693        1        2
2752        1720        1        2
2778        1720        1        2
2778        1746        1        2
2805        1746        1        2
2831        1773        1        2
2858        1773        1        2
2884        1799        1        2
2910        1799        1        2
2937        1799        1        2
2963        1799        1        2
2990        1826        1        2
3016        1826        1        2
3043        1826        1        2
3069        1826        1        2
3096        1826        1        2
3122        1826        1        2
3175        1826        1        2
3201        1826        1        2
3228        1852        1        2
3254        1852        1        2
3281        1826        1        2
3307        1826        1        2
3334        1826        1        2
3360        1826        1        2
3413        1826        1        2
3440        1826        1        2
3466        1826        1        2
3493        1826        1        2
3545        1799        1        2
3572        1799        1        2
3598        1799        1        2
3625        1799        1        2
3651        1799        1        2
3678        1799        1        2
3651        1799        1        2
3625        1799        1        2
3625        1826        1        2
3598        1826        1        2
3572        1826        1        2
3572        1852        1        2
3545        1852        1        2
3545        1879        1        2
3519        1879        1        2
3519        1905        1        2
3493        1905        1        2
3493        1931        1        2
3466        1931        1        2
3466        1958        1        2
3440        1984        1        2
3440        2011        1        2
3440        2037        1        2
3413        2064        1        2
3413        2090        1        2
3413        2117        1        2
3387        2143        1        2
3387        2170        1        2
3387        2196        1        2
3387        2223        1        2
3360        2249        1        2
3360        2302        1        2
3360        2328        1        2
3334        2355        1        2
3334        2408        1        2
3334        2434        1        2
3307        2487        1        2
3307        2514        1        2
3307        2566        1        2
3307        2593        1        2
3281        2646        1        2
3281        2672        1        2
3281        2725        1        2
3281        2778        1        2
3254        2805        1        2
3254        2858        1        2
3254        2884        1        2
3254        2937        1        2
3254        2990        1        2
3254        3043        1        2
3254        3096        1        2
3254        3149        1        2
3281        3201        1        2
3281        3254        1        2
3281        3307        1        2
3281        3360        1        2
3281        3413        1        2
3281        3440        1        2
3307        3493        1        2
3307        3545        1        2
3334        3572        1        2
3334        3625        1        2
3334        3651        1        2
3334        3678        1        2
3360        3678        1        2
3360        3704        1        2
3360        3731        1        2
3360        3704        1        2
3334        3704        1        2
3334        3678        1        2
3334        3651        1        2
3334        3625        1        2
3307        3598        1        2
3307        3545        1        2
PEN_UP                  0
PEN_DOWN
3228        2831        1        3
3228        2858        1        3
3201        2858        1        3
3201        2884        1        3
3175        2884        1        3
3175        2910        1        3
3149        2937        1        3
3122        2963        1        3
3122        2990        1        3
3096        3016        1        3
3069        3043        1        3
3069        3069        1        3
3043        3122        1        3
3016        3149        1        3
2990        3175        1        3
2963        3201        1        3
2937        3254        1        3
2910        3281        1        3
2884        3307        1        3
2858        3360        1        3
2831        3387        1        3
2805        3413        1        3
2778        3440        1        3
2752        3466        1        3
2752        3493        1        3
2725        3519        1        3
2699        3519        1        3
2699        3545        1        3
2672        3545        1        3
2672        3572        1        3
2699        3572        1        3
2725        3572        1        3
2752        3572        1        3
2778        3572        1        3
2805        3572        1        3
2805        3598        1        3
2831        3598        1        3
2858        3598        1        3
2884        3598        1        3
2910        3625        1        3
2937        3625        1        3
2963        3625        1        3
2990        3651        1        3
3016        3651        1        3
3043        3678        1        3
3069        3704        1        3
3096        3731        1        3
3122        3731        1        3
3149        3757        1        3
3175        3784        1        3
3175        3810        1        3
3201        3836        1        3
3228        3836        1        3
3254        3863        1        3
3281        3889        1        3
3281        3916        1        3
3307        3916        1        3
3307        3889        1        3
3281        3863        1        3
3254        3863        1        3
PEN_UP                  0
PEN_DOWN
 979        1588        1        4
 953        1588        1        4
 953        1561        1        4
 979        1561        1        4
1005        1561        1        4
1032        1561        1        4
1058        1561        1        4
1085        1561        1        4
1111        1561        1        4
1164        1561        1        4
1191        1561        1        4
1217        1561        1        4
1244        1561        1        4
1270        1561        1        4
1296        1561        1        4
1323        1561        1        4
1376        1561        1        4
1402        1561        1        4
1429        1561        1        4
1482        1561        1        4
1508        1561        1        4
1561        1561        1        4
1588        1561        1        4
1640        1561        1        4
1667        1535        1        4
1720        1535        1        4
1746        1535        1        4
1799        1535        1        4
1826        1535        1        4
1852        1535        1        4
1879        1535        1        4
1931        1535        1        4
1958        1535        1        4
1984        1535        1        4
2011        1535        1        4
2037        1535        1        4
2090        1535        1        4
2117        1535        1        4
2143        1535        1        4
2196        1535        1        4
2223        1508        1        4
2249        1508        1        4
2302        1508        1        4
2328        1508        1        4
2381        1508        1        4
2408        1508        1        4
2461        1508        1        4
2514        1508        1        4
2540        1508        1        4
2593        1508        1        4
2646        1508        1        4
2672        1508        1        4
2725        1508        1        4
2778        1482        1        4
2805        1482        1        4
2858        1482        1        4
2884        1482        1        4
2937        1482        1        4
2963        1482        1        4
3016        1482        1        4
3043        1482        1        4
3096        1482        1        4
3122        1482        1        4
3149        1482        1        4
3201        1482        1        4
3228        1482        1        4
3254        1482        1        4
3281        1482        1        4
3307        1482        1        4
3334        1482        1        4
3360        1482        1        4
PEN_UP                  0
END_CHARACTER: JJB
