CHARACTER_NAME: LG
STROKE_COUNT: 3
  X           Y   STYLUS_STATE STROKE
PEN_DOWN
2196        1746        1        1
2196        1773        1        1
2196        1799        1        1
2196        1826        1        1
2223        1852        1        1
2196        1879        1        1
2196        1905        1        1
2196        1931        1        1
2196        1984        1        1
2196        2011        1        1
2196        2037        1        1
2196        2090        1        1
2196        2117        1        1
2196        2170        1        1
2196        2196        1        1
2196        2249        1        1
2196        2275        1        1
2196        2302        1        1
2196        2355        1        1
2196        2381        1        1
2196        2408        1        1
2196        2434        1        1
2196        2487        1        1
2196        2514        1        1
2196        2540        1        1
2196        2566        1        1
2196        2593        1        1
2196        2619        1        1
2196        2646        1        1
2196        2672        1        1
2196        2699        1        1
2196        2725        1        1
2196        2752        1        1
2196        2778        1        1
2196        2805        1        1
2196        2831        1        1
2196        2858        1        1
2196        2884        1        1
2196        2858        1        1
2196        2831        1        1
2196        2805        1        1
2196        2778        1        1
2223        2752        1        1
2223        2725        1        1
2223        2699        1        1
2223        2672        1        1
2223        2646        1        1
2223        2619        1        1
2223        2593        1        1
2223        2566        1        1
2223        2540        1        1
2223        2514        1        1
2223        2487        1        1
2223        2461        1        1
2196        2461        1        1
2196        2434        1        1
2196        2408        1        1
2196        2381        1        1
2196        2355        1        1
2196        2328        1        1
2196        2302        1        1
2196        2275        1        1
2196        2249        1        1
2170        2249        1        1
2170        2223        1        1
2170        2196        1        1
2143        2170        1        1
2143        2143        1        1
2117        2143        1        1
2117        2117        1        1
2090        2117        1        1
2064        2090        1        1
2037        2090        1        1
2011        2064        1        1
1984        2064        1        1
1958        2064        1        1
1931        2064        1        1
1905        2064        1        1
1879        2064        1        1
1852        2064        1        1
1826        2064        1        1
1799        2090        1        1
1773        2090        1        1
1746        2117        1        1
1720        2143        1        1
1720        2170        1        1
1693        2170        1        1
1693        2196        1        1
1693        2223        1        1
1693        2249        1        1
1693        2275        1        1
1693        2302        1        1
1693        2328        1        1
1693        2355        1        1
1720        2355        1        1
1720        2381        1        1
1720        2408        1        1
1746        2408        1        1
1746        2434        1        1
1773        2408        1        1
1799        2408        1        1
1799        2381        1        1
1826        2381        1        1
1826        2355        1        1
1826        2328        1        1
1826        2302        1        1
1826        2275        1        1
1826        2249        1        1
1799        2223        1        1
1799        2196        1        1
1773        2170        1        1
1746        2170        1        1
1746        2143        1        1
1720        2143        1        1
1693        2143        1        1
1667        2143        1        1
1667        2117        1        1
1640        2117        1        1
1614        2117        1        1
1588        2117        1        1
1561        2117        1        1
1535        2117        1        1
1508        2117        1        1
1482        2117        1        1
1455        2143        1        1
1429        2143        1        1
1402        2143        1        1
1376        2143        1        1
1349        2170        1        1
1323        2170        1        1
1296        2170        1        1
1270        2196        1        1
1244        2196        1        1
1217        2223        1        1
1191        2223        1        1
1164        2249        1        1
1138        2275        1        1
1111        2302        1        1
1111        2328        1        1
1085        2328        1        1
1085        2355        1        1
1085        2381        1        1
1058        2381        1        1
1058        2408        1        1
1058        2434        1        1
1058        2461        1        1
1058        2487        1        1
1058        2514        1        1
1058        2540        1        1
1058        2566        1        1
1085        2593        1        1
1085        2619        1        1
1085        2646        1        1
1111        2672        1        1
1138        2699        1        1
1164        2699        1        1
1164        2725        1        1
1191        2725        1        1
1191        2752        1        1
1217        2752        1        1
1244        2752        1        1
1270        2752        1        1
1270        2725        1        1
1296        2725        1        1
1323        2725        1        1
1323        2699        1        1
1349        2699        1        1
1376        2672        1        1
1376        2646        1        1
1376        2619        1        1
1376        2593        1        1
1376        2566        1        1
1349        2566        1        1
1349        2540        1        1
1376        2540        1        1
PEN_UP                  0
PEN_DOWN
2196        2963        1        2
2170        2937        1        2
2170        2910        1        2
2143        2884        1        2
2143        2858        1        2
2143        2831        1        2
2143        2805        1        2
2143        2778        1        2
2143        2752        1        2
2143        2725        1        2
2143        2699        1        2
2143        2725        1        2
2143        2752        1        2
2143        2778        1        2
2117        2778        1        2
2117        2805        1        2
2117        2831        1        2
2117        2858        1        2
2117        2884        1        2
2090        2910        1        2
2090        2937        1        2
2090        2963        1        2
2090        2990        1        2
2090        3016        1        2
2090        3043        1        2
2090        3069        1        2
2090        3096        1        2
2090        3122        1        2
2090        3149        1        2
2090        3175        1        2
2090        3201        1        2
2117        3228        1        2
2117        3254        1        2
2117        3281        1        2
2117        3307        1        2
2117        3334        1        2
2117        3360        1        2
2117        3387        1        2
2117        3413        1        2
2117        3440        1        2
2117        3466        1        2
2117        3493        1        2
2117        3519        1        2
2117        3493        1        2
2143        3493        1        2
2143        3466        1        2
2143        3440        1        2
2143        3413        1        2
2143        3387        1        2
2143        3360        1        2
2143        3334        1        2
2143        3307        1        2
2143        3281        1        2
2170        3281        1        2
2170        3254        1        2
2170        3228        1        2
2170        3201        1        2
2170        3175        1        2
2170        3149        1        2
2170        3122        1        2
2170        3096        1        2
2170        3069        1        2
2170        3043        1        2
2170        3016        1        2
2170        2990        1        2
2170        2963        1        2
2170        2937        1        2
2170        2910        1        2
2170        2884        1        2
2143        2884        1        2
2143        2858        1        2
2143        2831        1        2
2143        2805        1        2
2143        2778        1        2
2143        2752        1        2
2117        2752        1        2
2117        2725        1        2
2090        2725        1        2
2090        2699        1        2
2064        2699        1        2
2037        2699        1        2
2011        2699        1        2
1984        2699        1        2
1958        2699        1        2
1931        2699        1        2
1905        2699        1        2
1879        2699        1        2
1852        2699        1        2
1826        2699        1        2
1799        2699        1        2
1799        2725        1        2
1773        2725        1        2
1746        2725        1        2
1746        2752        1        2
1720        2752        1        2
1693        2778        1        2
1667        2778        1        2
1667        2805        1        2
1640        2805        1        2
1614        2805        1        2
1614        2831        1        2
1588        2831        1        2
1588        2858        1        2
1561        2858        1        2
1535        2884        1        2
1535        2910        1        2
1508        2910        1        2
1508        2937        1        2
1508        2963        1        2
1482        2963        1        2
1482        2990        1        2
1482        3016        1        2
1482        3043        1        2
1508        3043        1        2
1508        3069        1        2
1508        3096        1        2
1508        3122        1        2
1535        3149        1        2
1535        3175        1        2
1561        3201        1        2
1561        3228        1        2
1588        3228        1        2
1614        3228        1        2
1614        3254        1        2
1640        3254        1        2
1640        3281        1        2
1667        3281        1        2
1693        3281        1        2
1693        3307        1        2
1720        3307        1        2
1746        3334        1        2
1773        3334        1        2
1799        3334        1        2
1799        3360        1        2
1826        3360        1        2
1826        3387        1        2
1852        3387        1        2
1826        3387        1        2
1826        3413        1        2
1826        3440        1        2
1826        3466        1        2
1799        3466        1        2
1799        3493        1        2
1773        3493        1        2
1773        3519        1        2
1746        3519        1        2
1720        3545        1        2
1693        3572        1        2
1667        3572        1        2
1640        3572        1        2
1614        3598        1        2
1588        3598        1        2
1561        3598        1        2
1535        3598        1        2
1535        3572        1        2
1561        3545        1        2
PEN_UP                  0
PEN_DOWN
2223        1614        1        3
2196        1614        1        3
2170        1614        1        3
2143        1614        1        3
2117        1614        1        3
2090        1614        1        3
2090        1640        1        3
2090        1614        1        3
2117        1614        1        3
2143        1614        1        3
2170        1614        1        3
2223        1614        1        3
2275        1614        1        3
2328        1614        1        3
2381        1614        1        3
2461        1614        1        3
2514        1614        1        3
2593        1614        1        3
2672        1614        1        3
2752        1614        1        3
2805        1614        1        3
2858        1588        1        3
2910        1588        1        3
2937        1588        1        3
2963        1588        1        3
2990        1588        1        3
3016        1588        1        3
3043        1588        1        3
PEN_UP                  0
END_CHARACTER: LG
