CHARACTER_NAME: TT
STROKE_COUNT: 4
  X           Y   STYLUS_STATE STROKE
PEN_DOWN
1799        1376        1        1
1799        1349        1        1
1799        1323        1        1
1799        1296        1        1
1799        1323        1        1
1799        1349        1        1
1799        1376        1        1
1799        1402        1        1
1799        1429        1        1
1799        1455        1        1
1799        1482        1        1
1799        1508        1        1
1826        1535        1        1
1826        1561        1        1
1826        1588        1        1
1826        1614        1        1
1826        1640        1        1
1826        1693        1        1
1826        1746        1        1
1826        1773        1        1
1826        1799        1        1
1826        1826        1        1
1826        1852        1        1
1826        1879        1        1
1826        1931        1        1
1826        1958        1        1
1852        2011        1        1
1852        2037        1        1
1852        2090        1        1
1852        2117        1        1
1852        2170        1        1
1852        2223        1        1
1852        2249        1        1
1826        2302        1        1
1826        2328        1        1
1826        2381        1        1
1826        2408        1        1
1826        2434        1        1
1826        2461        1        1
1826        2514        1        1
1826        2540        1        1
1826        2566        1        1
1826        2593        1        1
1826        2619        1        1
1826        2646        1        1
1826        2672        1        1
1826        2699        1        1
1826        2725        1        1
1826        2752        1        1
1852        2752        1        1
1852        2725        1        1
1879        2725        1        1
1905        2699        1        1
1931        2699        1        1
1958        2699        1        1
1958        2672        1        1
1984        2672        1        1
2011        2672        1        1
2037        2646        1        1
2064        2646        1        1
2090        2646        1        1
2117        2619        1        1
2143        2619        1        1
2170        2593        1        1
2196        2593        1        1
2223        2566        1        1
2249        2566        1        1
2275        2540        1        1
2302        2540        1        1
2328        2514        1        1
2355        2487        1        1
2381        2487        1        1
2408        2461        1        1
2434        2434        1        1
2461        2408        1        1
2487        2381        1        1
2487        2355        1        1
2514        2328        1        1
2540        2302        1        1
2540        2275        1        1
2566        2249        1        1
2566        2223        1        1
2593        2196        1        1
2593        2170        1        1
2593        2143        1        1
2619        2117        1        1
2619        2090        1        1
2619        2064        1        1
2619        2037        1        1
2593        2011        1        1
2593        1984        1        1
2566        1958        1        1
2566        1931        1        1
2540        1931        1        1
2514        1905        1        1
2487        1905        1        1
2461        1905        1        1
2434        1931        1        1
2408        1931        1        1
2408        1958        1        1
2381        1958        1        1
2355        1984        1        1
2355        2011        1        1
2328        2011        1        1
2328        2037        1        1
2355        2037        1        1
2355        2064        1        1
2355        2090        1        1
2381        2117        1        1
2408        2117        1        1
2408        2143        1        1
2434        2143        1        1
2461        2143        1        1
2487        2170        1        1
2514        2170        1        1
2540        2170        1        1
2566        2170        1        1
2593        2196        1        1
2619        2196        1        1
2593        2196        1        1
PEN_UP                  0
PEN_DOWN
2487        2540        1        2
2487        2514        1        2
2487        2487        1        2
2514        2514        1        2
2540        2540        1        2
2540        2566        1        2
2566        2566        1        2
2566        2593        1        2
2593        2619        1        2
2593        2646        1        2
2619        2646        1        2
2619        2672        1        2
2619        2699        1        2
2619        2725        1        2
2619        2752        1        2
2646        2778        1        2
2619        2778        1        2
2619        2805        1        2
2619        2831        1        2
2619        2858        1        2
2619        2884        1        2
2593        2910        1        2
2593        2937        1        2
2566        2963        1        2
2566        2990        1        2
2566        3016        1        2
2540        3016        1        2
2540        3043        1        2
2514        3069        1        2
2514        3096        1        2
2487        3096        1        2
2487        3122        1        2
2461        3149        1        2
2434        3175        1        2
2434        3201        1        2
2408        3228        1        2
2381        3254        1        2
2355        3281        1        2
2355        3307        1        2
2328        3307        1        2
2328        3334        1        2
2302        3360        1        2
2275        3360        1        2
2275        3387        1        2
2249        3413        1        2
2223        3413        1        2
2223        3440        1        2
2196        3440        1        2
2170        3466        1        2
2143        3493        1        2
2117        3493        1        2
2090        3519        1        2
2064        3519        1        2
2037        3519        1        2
2011        3519        1        2
1984        3519        1        2
1958        3519        1        2
1931        3493        1        2
1905        3493        1        2
1852        3493        1        2
1826        3466        1        2
1799        3440        1        2
1746        3413        1        2
1720        3387        1        2
1693        3334        1        2
1640        3307        1        2
1614        3254        1        2
1588        3201        1        2
1535        3175        1        2
1508        3122        1        2
1508        3096        1        2
1482        3069        1        2
1455        3016        1        2
1429        2990        1        2
1402        2963        1        2
1402        2937        1        2
1376        2910        1        2
1376        2884        1        2
1376        2858        1        2
1349        2831        1        2
1349        2805        1        2
1349        2778        1        2
1349        2752        1        2
1323        2752        1        2
1323        2725        1        2
1349        2725        1        2
1376        2725        1        2
PEN_UP                  0
PEN_DOWN
2514        1402        1        3
2514        1376        1        3
2487        1376        1        3
2487        1349        1        3
2487        1323        1        3
2487        1296        1        3
2461        1296        1        3
2461        1270        1        3
2461        1244        1        3
2461        1217        1        3
2434        1191        1        3
2434        1164        1        3
2434        1138        1        3
2408        1111        1        3
2408        1085        1        3
2381        1058        1        3
2381        1032        1        3
2355        1005        1        3
2355         979        1        3
2328         953        1        3
2302         926        1        3
2302         900        1        3
2275         900        1        3
2275         873        1        3
2249         847        1        3
2223         820        1        3
2196         794        1        3
2170         794        1        3
2143         767        1        3
2117         767        1        3
2090         767        1        3
2064         741        1        3
2037         741        1        3
2011         741        1        3
1984         741        1        3
1958         741        1        3
1905         741        1        3
1879         741        1        3
1852         741        1        3
1826         741        1        3
1773         741        1        3
1746         741        1        3
1693         741        1        3
1667         741        1        3
1640         741        1        3
1588         741        1        3
1561         714        1        3
1508         714        1        3
1482         714        1        3
1429         688        1        3
1402         661        1        3
1376         661        1        3
1323         635        1        3
1296         609        1        3
1270         582        1        3
1244         556        1        3
1244         529        1        3
1217         503        1        3
1217         476        1        3
1191         450        1        3
1191         423        1        3
1191         397        1        3
1191         370        1        3
1191         344        1        3
1217         318        1        3
1217         291        1        3
1217         265        1        3
1244         265        1        3
1244         291        1        3
1270         291        1        3
1270         318        1        3
PEN_UP                  0
PEN_DOWN
1508        1614        1        4
1482        1614        1        4
1455        1614        1        4
1429        1614        1        4
1402        1614        1        4
1402        1588        1        4
1376        1588        1        4
1349        1588        1        4
1349        1561        1        4
1323        1561        1        4
1323        1535        1        4
1296        1535        1        4
1323        1535        1        4
1323        1561        1        4
1349        1561        1        4
1376        1561        1        4
1402        1561        1        4
1429        1561        1        4
1482        1561        1        4
1508        1561        1        4
1561        1561        1        4
1614        1561        1        4
1667        1561        1        4
1720        1561        1        4
1773        1561        1        4
1826        1535        1        4
1879        1535        1        4
1931        1535        1        4
1984        1535        1        4
2037        1535        1        4
2090        1535        1        4
2143        1535        1        4
2223        1561        1        4
2275        1561        1        4
2328        1561        1        4
2408        1561        1        4
2461        1561        1        4
2540        1561        1        4
2593        1561        1        4
2646        1561        1        4
2725        1561        1        4
2778        1561        1        4
2831        1561        1        4
2884        1561        1        4
2937        1561        1        4
2990        1561        1        4
3043        1561        1        4
3096        1535        1        4
3122        1535        1        4
3149        1535        1        4
3175        1535        1        4
3149        1535        1        4
PEN_UP                  0
END_CHARACTER: TT
