CHARACTER_NAME: REE
STROKE_COUNT: 2
  X           Y   STYLUS_STATE STROKE
PEN_DOWN
1746        1429        1        1
1746        1455        1        1
1773        1429        1        1
1773        1402        1        1
1799        1402        1        1
1799        1376        1        1
1826        1376        1        1
1826        1402        1        1
1852        1402        1        1
1852        1429        1        1
1826        1429        1        1
1826        1455        1        1
1799        1482        1        1
1773        1482        1        1
1746        1508        1        1
1720        1508        1        1
1720        1482        1        1
1720        1455        1        1
1746        1455        1        1
1746        1429        1        1
1773        1402        1        1
1799        1402        1        1
1799        1429        1        1
1799        1455        1        1
1799        1429        1        1
1826        1429        1        1
1852        1429        1        1
1852        1402        1        1
1826        1402        1        1
1826        1429        1        1
1799        1429        1        1
1773        1429        1        1
1746        1429        1        1
1720        1429        1        1
1720        1455        1        1
1693        1455        1        1
1667        1455        1        1
1667        1482        1        1
1640        1482        1        1
1640        1508        1        1
1614        1508        1        1
1614        1535        1        1
1588        1535        1        1
1588        1561        1        1
1588        1588        1        1
1588        1614        1        1
1588        1640        1        1
1588        1667        1        1
1588        1693        1        1
1614        1693        1        1
1614        1720        1        1
1640        1720        1        1
1640        1746        1        1
1667        1746        1        1
1667        1773        1        1
1693        1773        1        1
1720        1773        1        1
1746        1773        1        1
1746        1799        1        1
1773        1799        1        1
1799        1799        1        1
1826        1799        1        1
1852        1799        1        1
1879        1799        1        1
1905        1799        1        1
1931        1799        1        1
1958        1799        1        1
1984        1799        1        1
1984        1773        1        1
2011        1773        1        1
2037        1773        1        1
2064        1773        1        1
2064        1746        1        1
2090        1746        1        1
2117        1746        1        1
2143        1746        1        1
2143        1720        1        1
2170        1720        1        1
2170        1693        1        1
2196        1693        1        1
2223        1693        1        1
2223        1667        1        1
2249        1667        1        1
2275        1640        1        1
2302        1640        1        1
2302        1614        1        1
2328        1614        1        1
2355        1588        1        1
2381        1588        1        1
2381        1561        1        1
2408        1561        1        1
2408        1535        1        1
2434        1535        1        1
2434        1508        1        1
2461        1508        1        1
2487        1482        1        1
2514        1482        1        1
2514        1508        1        1
2540        1508        1        1
2566        1508        1        1
2593        1508        1        1
2593        1535        1        1
2619        1535        1        1
2646        1535        1        1
2672        1561        1        1
2699        1561        1        1
2725        1561        1        1
2752        1561        1        1
2752        1588        1        1
2778        1588        1        1
2805        1588        1        1
2831        1588        1        1
2858        1588        1        1
2884        1588        1        1
2910        1614        1        1
2884        1614        1        1
2858        1614        1        1
2831        1614        1        1
2805        1640        1        1
2778        1640        1        1
2752        1640        1        1
2725        1640        1        1
2699        1640        1        1
2699        1667        1        1
2672        1667        1        1
2646        1667        1        1
2646        1693        1        1
2619        1693        1        1
2593        1720        1        1
2566        1720        1        1
2540        1746        1        1
2514        1746        1        1
2487        1773        1        1
2461        1773        1        1
2461        1799        1        1
2434        1799        1        1
2408        1826        1        1
2381        1826        1        1
2381        1852        1        1
2355        1852        1        1
2328        1852        1        1
2328        1879        1        1
2302        1879        1        1
2275        1905        1        1
2249        1905        1        1
2249        1931        1        1
2223        1931        1        1
2196        1958        1        1
2170        1984        1        1
2170        2011        1        1
2143        2011        1        1
2143        2037        1        1
2117        2037        1        1
2090        2064        1        1
2064        2090        1        1
2037        2117        1        1
2037        2143        1        1
2011        2143        1        1
1984        2170        1        1
1958        2196        1        1
1958        2223        1        1
1931        2223        1        1
1905        2249        1        1
1905        2275        1        1
1879        2275        1        1
1852        2302        1        1
1826        2328        1        1
1799        2328        1        1
1799        2355        1        1
1773        2355        1        1
1773        2381        1        1
1746        2381        1        1
1746        2408        1        1
1720        2408        1        1
1746        2408        1        1
1773        2408        1        1
1799        2408        1        1
1826        2408        1        1
1852        2408        1        1
1879        2381        1        1
1905        2381        1        1
1905        2408        1        1
1931        2408        1        1
1958        2408        1        1
1984        2408        1        1
2011        2408        1        1
2037        2434        1        1
2064        2434        1        1
2090        2434        1        1
2117        2461        1        1
2143        2461        1        1
2170        2461        1        1
2196        2487        1        1
2223        2487        1        1
2249        2514        1        1
2275        2514        1        1
2302        2540        1        1
2355        2540        1        1
2381        2566        1        1
2408        2566        1        1
2434        2593        1        1
2461        2593        1        1
2487        2619        1        1
2514        2646        1        1
2540        2646        1        1
2566        2672        1        1
2593        2699        1        1
2619        2699        1        1
2646        2725        1        1
2672        2725        1        1
2699        2752        1        1
2725        2778        1        1
2752        2778        1        1
2778        2805        1        1
2805        2831        1        1
2831        2831        1        1
2831        2858        1        1
2831        2831        1        1
2831        2805        1        1
2805        2805        1        1
2805        2778        1        1
2778        2778        1        1
2778        2752        1        1
2752        2725        1        1
2725        2699        1        1
2725        2672        1        1
2725        2646        1        1
2699        2619        1        1
2699        2593        1        1
2699        2566        1        1
2699        2540        1        1
2699        2514        1        1
2699        2487        1        1
2699        2461        1        1
2699        2434        1        1
2699        2408        1        1
2699        2381        1        1
2699        2355        1        1
2699        2328        1        1
2725        2302        1        1
2725        2275        1        1
2725        2249        1        1
2725        2223        1        1
2752        2196        1        1
2752        2170        1        1
2752        2143        1        1
2778        2117        1        1
2778        2090        1        1
2778        2064        1        1
2805        2037        1        1
2805        2011        1        1
2805        1984        1        1
2805        1958        1        1
2805        1931        1        1
2831        1931        1        1
2831        1905        1        1
2831        1879        1        1
2831        1852        1        1
2831        1826        1        1
2831        1799        1        1
2858        1773        1        1
2858        1746        1        1
2858        1720        1        1
2858        1693        1        1
2858        1667        1        1
2884        1640        1        1
2884        1614        1        1
2884        1588        1        1
2884        1561        1        1
2884        1535        1        1
2884        1508        1        1
2910        1508        1        1
2910        1482        1        1
2910        1455        1        1
2884        1455        1        1
2884        1429        1        1
PEN_UP                  0
PEN_DOWN
2858        2355        1        2
2858        2328        1        2
2831        2302        1        2
2805        2302        1        2
2805        2275        1        2
2778        2275        1        2
2778        2249        1        2
2752        2249        1        2
2752        2223        1        2
2725        2223        1        2
2725        2196        1        2
2752        2196        1        2
2778        2196        1        2
2805        2223        1        2
2858        2223        1        2
2884        2249        1        2
2910        2249        1        2
2937        2249        1        2
2990        2249        1        2
3016        2275        1        2
3043        2275        1        2
3069        2302        1        2
3096        2328        1        2
3122        2328        1        2
3149        2355        1        2
3175        2381        1        2
3201        2408        1        2
3201        2434        1        2
3228        2461        1        2
3228        2487        1        2
3254        2514        1        2
3281        2514        1        2
3281        2540        1        2
3307        2566        1        2
3307        2593        1        2
3334        2619        1        2
3334        2646        1        2
3360        2646        1        2
3360        2672        1        2
3387        2699        1        2
3387        2725        1        2
3413        2725        1        2
3413        2752        1        2
3387        2725        1        2
3387        2699        1        2
3387        2672        1        2
3360        2646        1        2
3360        2619        1        2
3360        2593        1        2
3360        2566        1        2
3360        2540        1        2
3360        2514        1        2
3360        2487        1        2
3360        2461        1        2
3360        2434        1        2
3360        2408        1        2
3360        2381        1        2
3360        2328        1        2
3360        2302        1        2
3360        2275        1        2
3360        2249        1        2
3360        2196        1        2
3360        2170        1        2
3360        2143        1        2
3360        2117        1        2
3360        2090        1        2
3360        2037        1        2
3360        2011        1        2
3360        1984        1        2
3360        1958        1        2
3334        1931        1        2
3360        1905        1        2
3360        1879        1        2
3360        1852        1        2
3360        1826        1        2
3360        1799        1        2
3360        1773        1        2
3360        1746        1        2
3360        1720        1        2
3360        1693        1        2
3360        1667        1        2
3360        1640        1        2
3360        1614        1        2
3360        1588        1        2
3360        1561        1        2
3360        1535        1        2
3360        1508        1        2
3360        1482        1        2
3387        1482        1        2
3387        1455        1        2
3387        1429        1        2
3387        1402        1        2
3413        1402        1        2
3413        1376        1        2
PEN_UP                  0
END_CHARACTER: REE
