CHARACTER_NAME: GDH
STROKE_COUNT: 4
  X           Y   STYLUS_STATE STROKE
PEN_DOWN
1640        2408        1        1
1667        2408        1        1
1693        2408        1        1
1720        2408        1        1
1746        2408        1        1
1773        2408        1        1
1773        2381        1        1
1799        2381        1        1
1826        2381        1        1
1826        2355        1        1
1852        2355        1        1
1879        2355        1        1
1879        2328        1        1
1905        2328        1        1
1931        2328        1        1
1931        2302        1        1
1958        2302        1        1
1984        2302        1        1
1984        2275        1        1
2011        2275        1        1
2011        2249        1        1
2037        2249        1        1
2037        2223        1        1
2064        2223        1        1
2064        2196        1        1
2090        2170        1        1
2090        2143        1        1
2117        2117        1        1
2117        2090        1        1
2117        2064        1        1
2143        2037        1        1
2143        2011        1        1
2143        1984        1        1
2143        1958        1        1
2143        1931        1        1
2143        1905        1        1
2143        1879        1        1
2143        1852        1        1
2143        1826        1        1
2117        1826        1        1
2117        1799        1        1
2090        1773        1        1
2064        1773        1        1
2037        1773        1        1
2011        1773        1        1
1984        1773        1        1
1958        1799        1        1
1931        1799        1        1
1905        1799        1        1
1879        1799        1        1
1852        1826        1        1
1826        1826        1        1
1799        1826        1        1
1799        1852        1        1
1773        1852        1        1
1746        1852        1        1
1746        1879        1        1
1720        1879        1        1
1693        1879        1        1
1693        1905        1        1
1667        1905        1        1
1640        1931        1        1
1614        1958        1        1
1588        1984        1        1
1561        2011        1        1
1561        2037        1        1
1535        2037        1        1
1535        2064        1        1
1508        2090        1        1
1508        2117        1        1
1482        2117        1        1
1508        2117        1        1
1508        2090        1        1
1482        2090        1        1
1482        2064        1        1
1482        2037        1        1
1482        2011        1        1
1482        1984        1        1
1482        1958        1        1
1482        1931        1        1
1482        1905        1        1
1482        1879        1        1
1482        1852        1        1
1482        1826        1        1
1508        1826        1        1
1508        1799        1        1
1508        1773        1        1
1508        1746        1        1
1535        1746        1        1
1535        1720        1        1
1561        1720        1        1
1561        1693        1        1
1561        1667        1        1
1588        1667        1        1
1588        1640        1        1
1614        1640        1        1
1640        1614        1        1
1640        1588        1        1
1667        1588        1        1
1693        1561        1        1
1720        1561        1        1
1746        1535        1        1
1773        1535        1        1
1799        1508        1        1
1826        1508        1        1
1852        1508        1        1
1879        1508        1        1
1905        1508        1        1
1931        1508        1        1
1958        1482        1        1
1984        1482        1        1
2011        1482        1        1
2037        1482        1        1
2064        1482        1        1
2090        1482        1        1
2117        1508        1        1
2143        1508        1        1
2170        1508        1        1
2196        1508        1        1
2196        1535        1        1
2223        1535        1        1
2249        1535        1        1
2249        1561        1        1
2275        1561        1        1
2302        1561        1        1
2302        1588        1        1
2328        1588        1        1
2355        1614        1        1
2381        1614        1        1
2408        1640        1        1
2434        1667        1        1
2434        1693        1        1
2461        1693        1        1
2461        1720        1        1
2461        1746        1        1
2487        1746        1        1
2487        1773        1        1
2487        1799        1        1
2487        1826        1        1
2487        1852        1        1
2487        1879        1        1
2487        1905        1        1
2514        1905        1        1
2514        1958        1        1
2514        1984        1        1
2514        2011        1        1
2514        2037        1        1
2514        2064        1        1
2514        2090        1        1
2514        2117        1        1
2514        2170        1        1
2540        2196        1        1
2540        2223        1        1
2540        2249        1        1
2540        2302        1        1
2540        2328        1        1
2540        2355        1        1
2540        2381        1        1
2540        2408        1        1
2540        2434        1        1
2540        2461        1        1
2540        2487        1        1
2540        2514        1        1
2566        2514        1        1
2566        2540        1        1
2566        2514        1        1
2566        2487        1        1
2566        2461        1        1
2566        2434        1        1
2566        2408        1        1
2566        2381        1        1
2566        2355        1        1
2566        2328        1        1
2566        2302        1        1
2566        2275        1        1
2540        2223        1        1
2540        2196        1        1
2566        2170        1        1
2566        2143        1        1
2566        2117        1        1
2566        2090        1        1
2566        2064        1        1
2566        2037        1        1
2566        1984        1        1
2566        1958        1        1
2566        1931        1        1
2566        1905        1        1
2566        1879        1        1
2566        1852        1        1
2540        1826        1        1
2566        1799        1        1
2566        1773        1        1
2566        1746        1        1
2566        1720        1        1
2566        1693        1        1
2566        1667        1        1
2566        1640        1        1
2566        1614        1        1
2593        1588        1        1
2593        1561        1        1
2593        1535        1        1
2593        1508        1        1
2593        1482        1        1
2593        1455        1        1
2593        1429        1        1
2593        1455        1        1
2566        1482        1        1
2566        1508        1        1
2566        1535        1        1
2566        1561        1        1
2566        1588        1        1
2566        1614        1        1
2566        1640        1        1
2540        1693        1        1
2540        1720        1        1
2540        1746        1        1
2540        1773        1        1
2540        1826        1        1
2540        1852        1        1
2540        1905        1        1
2540        1931        1        1
2514        1984        1        1
2514        2037        1        1
2514        2090        1        1
2514        2143        1        1
2514        2196        1        1
2514        2249        1        1
2514        2302        1        1
2514        2355        1        1
2514        2408        1        1
2514        2434        1        1
2514        2487        1        1
2514        2540        1        1
2514        2593        1        1
2514        2619        1        1
2514        2672        1        1
2514        2725        1        1
2514        2752        1        1
2487        2805        1        1
2487        2858        1        1
2487        2884        1        1
2487        2937        1        1
2487        2990        1        1
2487        3043        1        1
2487        3096        1        1
2487        3122        1        1
2461        3175        1        1
2461        3228        1        1
2461        3281        1        1
2461        3307        1        1
2461        3360        1        1
2461        3387        1        1
2461        3440        1        1
2461        3466        1        1
2461        3493        1        1
2461        3519        1        1
2461        3572        1        1
2461        3598        1        1
2461        3625        1        1
2461        3651        1        1
2461        3678        1        1
2461        3704        1        1
2487        3704        1        1
2487        3731        1        1
2487        3704        1        1
2461        3678        1        1
2461        3651        1        1
2434        3651        1        1
PEN_UP                  0
PEN_DOWN
2461        2540        1        2
2434        2566        1        2
2408        2566        1        2
2408        2593        1        2
2381        2593        1        2
2355        2619        1        2
2328        2646        1        2
2302        2672        1        2
2275        2699        1        2
2249        2699        1        2
2249        2725        1        2
2223        2752        1        2
2223        2778        1        2
2196        2805        1        2
2170        2831        1        2
2170        2858        1        2
2143        2884        1        2
2117        2910        1        2
2090        2937        1        2
2064        2963        1        2
2037        2990        1        2
2011        3016        1        2
1984        3069        1        2
1958        3096        1        2
1931        3122        1        2
1905        3149        1        2
1905        3175        1        2
1879        3201        1        2
1852        3228        1        2
1826        3254        1        2
1852        3254        1        2
1852        3281        1        2
1879        3281        1        2
1905        3281        1        2
1931        3281        1        2
1958        3281        1        2
1958        3307        1        2
1984        3307        1        2
2011        3307        1        2
2011        3334        1        2
2037        3334        1        2
2064        3360        1        2
2090        3387        1        2
2117        3387        1        2
2117        3413        1        2
2143        3440        1        2
2170        3466        1        2
2170        3493        1        2
2196        3493        1        2
2196        3519        1        2
2223        3545        1        2
2223        3572        1        2
2249        3572        1        2
2249        3598        1        2
2275        3625        1        2
2302        3651        1        2
2302        3678        1        2
2328        3678        1        2
2328        3704        1        2
2355        3704        1        2
2355        3731        1        2
2381        3757        1        2
2381        3784        1        2
2408        3784        1        2
2408        3810        1        2
2434        3836        1        2
2434        3863        1        2
2461        3863        1        2
2434        3863        1        2
2434        3836        1        2
2408        3836        1        2
2381        3836        1        2
2381        3810        1        2
2355        3810        1        2
PEN_UP                  0
PEN_DOWN
2514        2566        1        3
2540        2593        1        3
2566        2593        1        3
2593        2593        1        3
2619        2593        1        3
2619        2619        1        3
2646        2619        1        3
2672        2619        1        3
2699        2646        1        3
2725        2646        1        3
2752        2646        1        3
2778        2646        1        3
2805        2646        1        3
2831        2646        1        3
2858        2646        1        3
2858        2672        1        3
2858        2699        1        3
2831        2699        1        3
2831        2725        1        3
2831        2752        1        3
2805        2778        1        3
2805        2805        1        3
2805        2831        1        3
2805        2858        1        3
2805        2884        1        3
2805        2910        1        3
2778        2937        1        3
2778        2963        1        3
2778        2990        1        3
2778        3016        1        3
2778        3043        1        3
2778        3096        1        3
2778        3122        1        3
2805        3149        1        3
2805        3201        1        3
2805        3228        1        3
2805        3281        1        3
2805        3307        1        3
2805        3360        1        3
2805        3387        1        3
2831        3440        1        3
2831        3466        1        3
2831        3519        1        3
2858        3545        1        3
2858        3572        1        3
2884        3625        1        3
2884        3651        1        3
2910        3678        1        3
2910        3704        1        3
2937        3731        1        3
2963        3757        1        3
2963        3784        1        3
2990        3784        1        3
3016        3810        1        3
3016        3836        1        3
3043        3836        1        3
3043        3863        1        3
3069        3863        1        3
3069        3889        1        3
3069        3863        1        3
3043        3863        1        3
3043        3836        1        3
3016        3810        1        3
PEN_UP                  0
PEN_DOWN
2540        1244        1        4
2514        1244        1        4
2514        1270        1        4
2487        1270        1        4
2514        1270        1        4
2540        1270        1        4
2593        1270        1        4
2619        1270        1        4
2699        1270        1        4
2778        1270        1        4
2858        1270        1        4
2937        1244        1        4
3043        1244        1        4
3122        1244        1        4
3201        1244        1        4
3281        1244        1        4
3334        1244        1        4
3387        1244        1        4
3440        1244        1        4
3466        1270        1        4
3493        1270        1        4
3519        1270        1        4
PEN_UP                  0
END_CHARACTER: GDH
