CHARACTER_NAME: GM
STROKE_COUNT: 3
  X           Y   STYLUS_STATE STROKE
PEN_DOWN
1693        1958        1        1
1720        1958        1        1
1746        1958        1        1
1773        1958        1        1
1799        1958        1        1
1826        1958        1        1
1826        1931        1        1
1852        1931        1        1
1879        1905        1        1
1905        1905        1        1
1905        1879        1        1
1931        1879        1        1
1931        1852        1        1
1958        1852        1        1
1958        1826        1        1
1984        1826        1        1
1984        1799        1        1
1984        1773        1        1
2011        1773        1        1
2011        1746        1        1
2011        1720        1        1
2011        1693        1        1
2011        1667        1        1
2011        1640        1        1
1984        1640        1        1
1984        1614        1        1
1958        1614        1        1
1931        1588        1        1
1905        1588        1        1
1905        1561        1        1
1879        1561        1        1
1852        1561        1        1
1852        1535        1        1
1826        1535        1        1
1799        1535        1        1
1773        1535        1        1
1746        1535        1        1
1720        1535        1        1
1693        1535        1        1
1667        1535        1        1
1640        1535        1        1
1614        1561        1        1
1588        1561        1        1
1561        1561        1        1
1535        1561        1        1
1535        1588        1        1
1508        1588        1        1
1482        1588        1        1
1482        1614        1        1
1455        1614        1        1
1429        1640        1        1
1402        1667        1        1
1402        1640        1        1
1429        1640        1        1
1429        1614        1        1
1429        1588        1        1
1429        1561        1        1
1429        1535        1        1
1455        1508        1        1
1455        1482        1        1
1482        1455        1        1
1482        1429        1        1
1482        1402        1        1
1508        1402        1        1
1508        1376        1        1
1535        1376        1        1
1535        1349        1        1
1535        1323        1        1
1561        1323        1        1
1561        1296        1        1
1588        1296        1        1
1588        1270        1        1
1614        1270        1        1
1614        1244        1        1
1640        1244        1        1
1640        1217        1        1
1667        1217        1        1
1693        1191        1        1
1720        1191        1        1
1746        1191        1        1
1746        1164        1        1
1773        1164        1        1
1799        1164        1        1
1826        1138        1        1
1852        1138        1        1
1879        1138        1        1
1905        1138        1        1
1931        1138        1        1
1958        1111        1        1
1984        1138        1        1
2011        1138        1        1
2037        1138        1        1
2064        1138        1        1
2064        1164        1        1
2090        1164        1        1
2117        1164        1        1
2117        1191        1        1
2143        1191        1        1
2143        1217        1        1
2170        1217        1        1
2196        1244        1        1
2223        1270        1        1
2223        1296        1        1
2249        1296        1        1
2249        1323        1        1
2275        1323        1        1
2275        1349        1        1
2275        1376        1        1
2302        1376        1        1
2302        1402        1        1
2302        1429        1        1
2328        1429        1        1
2328        1455        1        1
2328        1482        1        1
2355        1508        1        1
2381        1535        1        1
2381        1561        1        1
2381        1588        1        1
2408        1588        1        1
2408        1614        1        1
2434        1640        1        1
2434        1667        1        1
2434        1693        1        1
2461        1693        1        1
2461        1720        1        1
2461        1746        1        1
2487        1746        1        1
2487        1773        1        1
2487        1799        1        1
2487        1826        1        1
2514        1826        1        1
2514        1852        1        1
2514        1879        1        1
2514        1905        1        1
2514        1931        1        1
2514        1958        1        1
2514        1984        1        1
2540        2011        1        1
2540        2037        1        1
2540        2064        1        1
2540        2090        1        1
2540        2117        1        1
2540        2143        1        1
2540        2170        1        1
2540        2196        1        1
2540        2223        1        1
2540        2249        1        1
2540        2275        1        1
2540        2302        1        1
2540        2328        1        1
2566        2355        1        1
2566        2381        1        1
2566        2408        1        1
2566        2434        1        1
2566        2461        1        1
2566        2487        1        1
2566        2514        1        1
2566        2540        1        1
2566        2566        1        1
2566        2593        1        1
2566        2566        1        1
2593        2566        1        1
2593        2540        1        1
2566        2514        1        1
2566        2487        1        1
2566        2461        1        1
2566        2434        1        1
2566        2408        1        1
2566        2381        1        1
2566        2328        1        1
2566        2302        1        1
2566        2275        1        1
2566        2223        1        1
2593        2196        1        1
2593        2170        1        1
2593        2143        1        1
2593        2090        1        1
2593        2064        1        1
2593        2037        1        1
2593        2011        1        1
2593        1984        1        1
2593        1958        1        1
2593        1931        1        1
2593        1905        1        1
2593        1879        1        1
2593        1852        1        1
2593        1826        1        1
2593        1799        1        1
2566        1773        1        1
2566        1746        1        1
2566        1720        1        1
2566        1693        1        1
2593        1693        1        1
2593        1667        1        1
2593        1640        1        1
2593        1614        1        1
2593        1588        1        1
2593        1561        1        1
2593        1535        1        1
2593        1508        1        1
2593        1482        1        1
2593        1455        1        1
2593        1429        1        1
2566        1429        1        1
2566        1455        1        1
2566        1482        1        1
2540        1482        1        1
2540        1455        1        1
PEN_UP                  0
PEN_DOWN
2514        2593        1        2
2514        2566        1        2
2514        2540        1        2
2540        2540        1        2
2514        2514        1        2
2540        2514        1        2
2540        2487        1        2
2540        2514        1        2
2540        2540        1        2
2540        2566        1        2
2540        2593        1        2
2540        2619        1        2
2540        2646        1        2
2540        2672        1        2
2540        2699        1        2
2514        2725        1        2
2514        2752        1        2
2514        2778        1        2
2487        2778        1        2
2487        2805        1        2
2461        2831        1        2
2434        2858        1        2
2408        2884        1        2
2381        2884        1        2
2355        2910        1        2
2328        2910        1        2
2302        2910        1        2
2275        2910        1        2
2249        2884        1        2
2223        2884        1        2
2223        2858        1        2
2223        2831        1        2
2196        2805        1        2
2196        2778        1        2
2196        2752        1        2
2196        2725        1        2
2223        2725        1        2
2223        2699        1        2
2223        2672        1        2
2249        2646        1        2
2275        2646        1        2
2275        2619        1        2
2302        2619        1        2
2328        2619        1        2
2355        2619        1        2
2381        2619        1        2
2408        2619        1        2
2434        2619        1        2
2461        2646        1        2
2487        2646        1        2
2514        2646        1        2
2540        2672        1        2
2566        2672        1        2
2593        2699        1        2
2619        2699        1        2
2646        2699        1        2
2646        2725        1        2
2672        2725        1        2
2699        2752        1        2
2725        2752        1        2
2725        2778        1        2
2752        2805        1        2
2778        2805        1        2
2805        2831        1        2
2805        2858        1        2
2831        2858        1        2
2858        2884        1        2
2884        2910        1        2
2884        2937        1        2
2910        2937        1        2
2937        2963        1        2
2937        2990        1        2
2963        3016        1        2
2963        3043        1        2
2990        3069        1        2
3016        3096        1        2
3016        3122        1        2
3043        3149        1        2
3043        3201        1        2
3069        3228        1        2
3069        3254        1        2
3096        3281        1        2
3122        3334        1        2
3122        3360        1        2
3149        3387        1        2
3175        3440        1        2
3201        3466        1        2
3201        3493        1        2
3228        3519        1        2
3254        3572        1        2
3254        3598        1        2
3281        3625        1        2
3281        3651        1        2
3307        3678        1        2
3307        3704        1        2
3334        3704        1        2
3334        3731        1        2
3307        3731        1        2
3307        3704        1        2
3307        3678        1        2
3307        3651        1        2
3281        3625        1        2
3281        3598        1        2
3254        3572        1        2
3254        3545        1        2
3254        3493        1        2
3254        3440        1        2
3254        3413        1        2
3228        3360        1        2
3228        3334        1        2
3228        3281        1        2
3228        3228        1        2
3228        3175        1        2
3228        3149        1        2
3228        3096        1        2
3228        3069        1        2
3228        3016        1        2
3228        2990        1        2
3228        2963        1        2
3228        2910        1        2
3201        2884        1        2
3201        2858        1        2
3201        2805        1        2
3201        2778        1        2
3228        2752        1        2
3201        2725        1        2
3201        2672        1        2
3201        2646        1        2
3201        2619        1        2
3201        2593        1        2
3201        2540        1        2
3201        2514        1        2
3201        2487        1        2
3201        2434        1        2
3201        2408        1        2
3201        2355        1        2
3201        2328        1        2
3201        2275        1        2
3201        2249        1        2
3201        2196        1        2
3201        2170        1        2
3201        2143        1        2
3201        2090        1        2
3201        2064        1        2
3201        2011        1        2
3201        1984        1        2
3201        1958        1        2
3201        1931        1        2
3201        1905        1        2
3201        1879        1        2
3201        1826        1        2
3201        1799        1        2
3201        1773        1        2
3201        1746        1        2
3201        1720        1        2
3201        1693        1        2
3201        1667        1        2
3201        1640        1        2
3201        1614        1        2
3201        1588        1        2
3201        1561        1        2
3201        1535        1        2
3201        1508        1        2
3201        1482        1        2
3201        1455        1        2
3228        1455        1        2
3228        1429        1        2
3228        1402        1        2
3228        1376        1        2
3228        1349        1        2
3228        1323        1        2
3228        1296        1        2
3228        1270        1        2
3201        1270        1        2
3175        1296        1        2
PEN_UP                  0
PEN_DOWN
2434        1244        1        3
2461        1244        1        3
2487        1217        1        3
2514        1217        1        3
2540        1217        1        3
2566        1217        1        3
2619        1217        1        3
2672        1191        1        3
2752        1191        1        3
2831        1191        1        3
2910        1164        1        3
2990        1164        1        3
3069        1164        1        3
3149        1138        1        3
3228        1138        1        3
3281        1138        1        3
3360        1138        1        3
3413        1138        1        3
3466        1138        1        3
3519        1164        1        3
3572        1164        1        3
3598        1164        1        3
3651        1164        1        3
3704        1164        1        3
3731        1164        1        3
3757        1138        1        3
3784        1138        1        3
3810        1138        1        3
3836        1138        1        3
3863        1138        1        3
3836        1138        1        3
3836        1164        1        3
3810        1164        1        3
PEN_UP                  0
END_CHARACTER: GM
