CHARACTER_NAME: GHN
STROKE_COUNT: 3
  X           Y   STYLUS_STATE STROKE
PEN_DOWN
2037         820        1        1
2011         820        1        1
1984         820        1        1
1984         847        1        1
1958         847        1        1
1931         873        1        1
1905         873        1        1
1905         900        1        1
1879         900        1        1
1879         926        1        1
1852         926        1        1
1852         953        1        1
1826         953        1        1
1826         979        1        1
1799        1005        1        1
1799        1032        1        1
1773        1058        1        1
1773        1085        1        1
1773        1111        1        1
1746        1111        1        1
1746        1138        1        1
1746        1164        1        1
1746        1191        1        1
1720        1217        1        1
1720        1244        1        1
1720        1270        1        1
1720        1296        1        1
1720        1323        1        1
1720        1349        1        1
1720        1376        1        1
1720        1402        1        1
1720        1429        1        1
1720        1455        1        1
1720        1482        1        1
1746        1482        1        1
1746        1508        1        1
1746        1535        1        1
1773        1535        1        1
1773        1561        1        1
1773        1588        1        1
1799        1588        1        1
1799        1614        1        1
1826        1640        1        1
1852        1667        1        1
1879        1667        1        1
1879        1693        1        1
1905        1693        1        1
1931        1693        1        1
1931        1720        1        1
1958        1720        1        1
1984        1720        1        1
2011        1720        1        1
2037        1720        1        1
2064        1720        1        1
2090        1720        1        1
2117        1720        1        1
2143        1693        1        1
2170        1693        1        1
2196        1693        1        1
2223        1667        1        1
2249        1667        1        1
2275        1667        1        1
2275        1640        1        1
2302        1640        1        1
2328        1640        1        1
2355        1640        1        1
2381        1614        1        1
2408        1614        1        1
2408        1588        1        1
2434        1588        1        1
2461        1561        1        1
2487        1561        1        1
2487        1535        1        1
2514        1535        1        1
2514        1508        1        1
2487        1535        1        1
2461        1535        1        1
2461        1561        1        1
2434        1561        1        1
2408        1588        1        1
2381        1588        1        1
2355        1588        1        1
2355        1614        1        1
2328        1614        1        1
2302        1640        1        1
2275        1667        1        1
2249        1667        1        1
2249        1693        1        1
2223        1693        1        1
2223        1720        1        1
2196        1720        1        1
2196        1746        1        1
2170        1746        1        1
2170        1773        1        1
2143        1773        1        1
2143        1799        1        1
2117        1799        1        1
2117        1826        1        1
2090        1852        1        1
2090        1879        1        1
2064        1879        1        1
2064        1905        1        1
2064        1931        1        1
2064        1958        1        1
2064        1984        1        1
2037        1984        1        1
2037        2011        1        1
2037        2037        1        1
2037        2064        1        1
2037        2090        1        1
2011        2090        1        1
2011        2117        1        1
2037        2117        1        1
2064        2090        1        1
2090        2090        1        1
2117        2090        1        1
2143        2090        1        1
2170        2090        1        1
2196        2090        1        1
2223        2090        1        1
2249        2090        1        1
2275        2090        1        1
2302        2090        1        1
2328        2117        1        1
2355        2117        1        1
2381        2143        1        1
2408        2143        1        1
2434        2143        1        1
2461        2170        1        1
2487        2170        1        1
2514        2196        1        1
2540        2223        1        1
2540        2249        1        1
2566        2249        1        1
2593        2275        1        1
2593        2302        1        1
2619        2328        1        1
2646        2355        1        1
2672        2381        1        1
2672        2408        1        1
2699        2434        1        1
2725        2461        1        1
2725        2487        1        1
2752        2514        1        1
2752        2540        1        1
2778        2540        1        1
2778        2566        1        1
2805        2593        1        1
2805        2619        1        1
2831        2646        1        1
2831        2672        1        1
2858        2699        1        1
2858        2725        1        1
2858        2752        1        1
2858        2778        1        1
2858        2805        1        1
2858        2831        1        1
2858        2858        1        1
2858        2831        1        1
2858        2805        1        1
2858        2778        1        1
2858        2752        1        1
2858        2725        1        1
2858        2699        1        1
2858        2672        1        1
2858        2646        1        1
2858        2619        1        1
2858        2593        1        1
2831        2593        1        1
2831        2566        1        1
2831        2540        1        1
2831        2514        1        1
2831        2487        1        1
2831        2461        1        1
2831        2434        1        1
2831        2408        1        1
2831        2381        1        1
2831        2355        1        1
2831        2328        1        1
2831        2302        1        1
2831        2275        1        1
2831        2249        1        1
2831        2196        1        1
2831        2170        1        1
2831        2143        1        1
2805        2117        1        1
2805        2064        1        1
2805        2037        1        1
2805        1984        1        1
2805        1958        1        1
2805        1931        1        1
2805        1905        1        1
2805        1879        1        1
2805        1852        1        1
2805        1826        1        1
2805        1799        1        1
2805        1773        1        1
2805        1746        1        1
2805        1720        1        1
2805        1693        1        1
2805        1667        1        1
2805        1640        1        1
2805        1614        1        1
2805        1588        1        1
2805        1561        1        1
2805        1535        1        1
2805        1508        1        1
2805        1482        1        1
2805        1455        1        1
2805        1429        1        1
2805        1402        1        1
2805        1376        1        1
2778        1349        1        1
2778        1323        1        1
2778        1296        1        1
2778        1270        1        1
2778        1244        1        1
2778        1217        1        1
2778        1191        1        1
2778        1164        1        1
2778        1138        1        1
2778        1111        1        1
2778        1085        1        1
2778        1058        1        1
2805        1032        1        1
2805        1005        1        1
2805         979        1        1
2805         953        1        1
2805         926        1        1
2805         900        1        1
2805         873        1        1
2805         847        1        1
2805         820        1        1
2805         794        1        1
PEN_UP                  0
PEN_DOWN
1640         847        1        2
1667         847        1        2
1693         847        1        2
1720         847        1        2
1746         847        1        2
1773         847        1        2
1799         847        1        2
1826         847        1        2
1852         847        1        2
1879         847        1        2
1905         847        1        2
1931         847        1        2
1958         847        1        2
1984         847        1        2
2011         847        1        2
2037         847        1        2
2064         820        1        2
2117         820        1        2
2143         820        1        2
2170         820        1        2
2196         820        1        2
2223         820        1        2
2249         820        1        2
2302         820        1        2
2328         820        1        2
2355         820        1        2
2381         820        1        2
2408         820        1        2
2434         820        1        2
2461         820        1        2
2487         820        1        2
2514         847        1        2
2566         847        1        2
2593         847        1        2
2619         847        1        2
2646         847        1        2
2699         847        1        2
2725         847        1        2
2778         847        1        2
2805         847        1        2
2858         847        1        2
2910         820        1        2
2937         820        1        2
2990         820        1        2
3016         820        1        2
3069         820        1        2
3096         820        1        2
3149         820        1        2
3175         820        1        2
3228         820        1        2
3254         820        1        2
3281         820        1        2
3307         820        1        2
3334         820        1        2
3360         820        1        2
3387         820        1        2
3413         820        1        2
3440         820        1        2
3466         820        1        2
3493         820        1        2
3519         820        1        2
3519         847        1        2
3493         847        1        2
3466         873        1        2
3440         900        1        2
PEN_UP                  0
PEN_DOWN
2831        2805        1        3
2805        2805        1        3
2831        2805        1        3
2831        2778        1        3
2858        2778        1        3
2884        2778        1        3
2884        2805        1        3
2884        2831        1        3
2884        2858        1        3
2884        2884        1        3
2884        2910        1        3
2884        2937        1        3
2884        2963        1        3
2884        2990        1        3
2884        3016        1        3
2884        3043        1        3
2884        3069        1        3
2884        3096        1        3
2884        3122        1        3
2884        3149        1        3
2884        3175        1        3
2884        3201        1        3
2884        3228        1        3
2884        3254        1        3
2884        3281        1        3
2884        3307        1        3
2884        3281        1        3
2884        3254        1        3
2884        3228        1        3
2884        3201        1        3
2858        3175        1        3
2858        3149        1        3
2858        3122        1        3
2858        3096        1        3
2858        3069        1        3
2858        3043        1        3
2858        3016        1        3
2858        2990        1        3
2858        2963        1        3
2858        2937        1        3
2858        2910        1        3
2858        2884        1        3
2858        2858        1        3
2831        2831        1        3
2831        2805        1        3
2831        2778        1        3
2831        2752        1        3
2805        2752        1        3
2805        2725        1        3
2778        2725        1        3
2778        2699        1        3
2752        2699        1        3
2752        2672        1        3
2725        2672        1        3
2699        2672        1        3
2699        2646        1        3
2672        2646        1        3
2646        2646        1        3
2619        2619        1        3
2593        2619        1        3
2566        2619        1        3
2540        2619        1        3
2514        2593        1        3
2487        2593        1        3
2461        2619        1        3
2434        2619        1        3
2408        2619        1        3
2381        2619        1        3
2355        2619        1        3
2328        2619        1        3
2302        2619        1        3
2275        2619        1        3
2275        2646        1        3
2249        2646        1        3
2223        2646        1        3
2196        2646        1        3
2170        2646        1        3
2143        2672        1        3
2117        2672        1        3
2090        2672        1        3
2090        2699        1        3
2064        2699        1        3
2064        2725        1        3
2037        2725        1        3
2037        2752        1        3
2011        2752        1        3
2011        2778        1        3
2011        2805        1        3
2011        2831        1        3
2011        2858        1        3
2011        2884        1        3
2037        2884        1        3
2037        2910        1        3
2037        2937        1        3
2064        2937        1        3
2064        2963        1        3
2090        2963        1        3
2117        2990        1        3
2143        2990        1        3
2143        2963        1        3
2170        2963        1        3
2196        2937        1        3
2223        2910        1        3
2223        2884        1        3
2223        2858        1        3
2223        2831        1        3
2196        2831        1        3
2196        2805        1        3
2196        2778        1        3
2170        2778        1        3
2143        2778        1        3
2117        2778        1        3
2143        2752        1        3
PEN_UP                  0
END_CHARACTER: GHN
