CHARACTER_NAME: MDD
STROKE_COUNT: 3
  X           Y   STYLUS_STATE STROKE
PEN_DOWN
1085        1217        1        1
1058        1217        1        1
1085        1217        1        1
1085        1244        1        1
1058        1244        1        1
1058        1270        1        1
1085        1270        1        1
1058        1270        1        1
1058        1296        1        1
1058        1323        1        1
1058        1349        1        1
1058        1376        1        1
1058        1402        1        1
1058        1429        1        1
1058        1455        1        1
1058        1482        1        1
1058        1508        1        1
1058        1535        1        1
1058        1561        1        1
1058        1588        1        1
1058        1614        1        1
1058        1640        1        1
1058        1667        1        1
1058        1693        1        1
1058        1720        1        1
1058        1746        1        1
1058        1773        1        1
1058        1799        1        1
1058        1773        1        1
1085        1773        1        1
1085        1746        1        1
1111        1720        1        1
1138        1720        1        1
1138        1693        1        1
1164        1693        1        1
1164        1667        1        1
1191        1667        1        1
1191        1640        1        1
1217        1640        1        1
1244        1614        1        1
1270        1614        1        1
1270        1588        1        1
1296        1588        1        1
1296        1561        1        1
1323        1561        1        1
1349        1561        1        1
1349        1535        1        1
1376        1535        1        1
1402        1535        1        1
1402        1508        1        1
1429        1508        1        1
1455        1508        1        1
1482        1508        1        1
1508        1508        1        1
1535        1508        1        1
1561        1508        1        1
1588        1508        1        1
1588        1535        1        1
1614        1535        1        1
1614        1561        1        1
1640        1561        1        1
1667        1588        1        1
1667        1614        1        1
1693        1614        1        1
1693        1640        1        1
1720        1667        1        1
1720        1693        1        1
1720        1720        1        1
1720        1746        1        1
1720        1773        1        1
1720        1799        1        1
1720        1826        1        1
1720        1852        1        1
1720        1879        1        1
1720        1905        1        1
1693        1931        1        1
1693        1958        1        1
1693        1984        1        1
1667        2011        1        1
1667        2037        1        1
1667        2064        1        1
1640        2090        1        1
1640        2117        1        1
1614        2143        1        1
1588        2170        1        1
1588        2196        1        1
1561        2223        1        1
1535        2249        1        1
1508        2275        1        1
1482        2302        1        1
1455        2302        1        1
1429        2328        1        1
1402        2328        1        1
1376        2355        1        1
1349        2355        1        1
1323        2381        1        1
1296        2381        1        1
1270        2408        1        1
1244        2408        1        1
1217        2408        1        1
1191        2408        1        1
1164        2408        1        1
1138        2408        1        1
1111        2408        1        1
1085        2408        1        1
1058        2381        1        1
1032        2381        1        1
1005        2381        1        1
 979        2355        1        1
 953        2328        1        1
 926        2328        1        1
 900        2302        1        1
 873        2249        1        1
 847        2223        1        1
 847        2196        1        1
 820        2170        1        1
 794        2143        1        1
 767        2117        1        1
 741        2090        1        1
 741        2064        1        1
 714        2037        1        1
 714        1984        1        1
 688        1958        1        1
 661        1931        1        1
 661        1905        1        1
 635        1879        1        1
 635        1852        1        1
 635        1826        1        1
 609        1826        1        1
 609        1799        1        1
 609        1773        1        1
 582        1773        1        1
 582        1746        1        1
 582        1720        1        1
 582        1693        1        1
 556        1693        1        1
 556        1667        1        1
 582        1667        1        1
 609        1667        1        1
PEN_UP                  0
PEN_DOWN
2037        1217        1        2
2037        1191        1        2
2011        1191        1        2
2037        1191        1        2
2011        1191        1        2
2011        1164        1        2
2011        1191        1        2
2011        1217        1        2
2011        1244        1        2
2011        1270        1        2
2011        1296        1        2
2011        1323        1        2
2011        1349        1        2
2011        1376        1        2
2011        1402        1        2
2011        1429        1        2
1984        1455        1        2
1984        1482        1        2
1984        1508        1        2
1984        1535        1        2
1984        1561        1        2
1984        1588        1        2
1984        1614        1        2
1958        1640        1        2
1958        1667        1        2
1958        1693        1        2
1958        1720        1        2
1958        1746        1        2
1958        1773        1        2
1958        1746        1        2
1984        1746        1        2
2011        1720        1        2
2011        1693        1        2
2037        1693        1        2
2037        1667        1        2
2064        1667        1        2
2090        1640        1        2
2117        1640        1        2
2117        1614        1        2
2143        1614        1        2
2170        1588        1        2
2196        1588        1        2
2223        1561        1        2
2249        1561        1        2
2275        1561        1        2
2275        1535        1        2
2302        1535        1        2
2328        1535        1        2
2355        1535        1        2
2381        1535        1        2
2408        1535        1        2
2408        1561        1        2
2434        1561        1        2
2461        1561        1        2
2461        1588        1        2
2487        1588        1        2
2514        1588        1        2
2514        1614        1        2
2540        1614        1        2
2540        1640        1        2
2566        1640        1        2
2566        1667        1        2
2593        1667        1        2
2593        1693        1        2
2619        1693        1        2
2619        1720        1        2
2646        1720        1        2
2646        1746        1        2
2672        1773        1        2
2672        1799        1        2
2672        1826        1        2
2672        1852        1        2
2672        1879        1        2
2672        1905        1        2
2699        1905        1        2
2699        1931        1        2
2699        1958        1        2
2699        1984        1        2
2699        2011        1        2
2699        2037        1        2
2699        2064        1        2
2699        2090        1        2
2699        2117        1        2
2699        2143        1        2
2699        2170        1        2
2699        2196        1        2
2672        2223        1        2
2672        2249        1        2
2672        2275        1        2
2672        2302        1        2
2672        2328        1        2
2672        2355        1        2
2672        2381        1        2
2646        2381        1        2
2646        2408        1        2
2646        2434        1        2
2619        2461        1        2
2619        2487        1        2
2593        2514        1        2
2593        2540        1        2
2566        2566        1        2
2540        2593        1        2
2540        2619        1        2
2514        2646        1        2
2487        2672        1        2
2461        2699        1        2
2434        2725        1        2
2408        2725        1        2
2381        2752        1        2
2355        2778        1        2
2328        2778        1        2
2328        2805        1        2
2302        2805        1        2
2275        2805        1        2
2249        2805        1        2
2223        2805        1        2
2196        2805        1        2
2170        2805        1        2
2143        2805        1        2
2117        2778        1        2
2090        2778        1        2
2064        2778        1        2
2037        2752        1        2
2011        2752        1        2
1984        2752        1        2
1984        2725        1        2
1958        2725        1        2
1931        2699        1        2
1905        2699        1        2
1879        2699        1        2
1879        2672        1        2
1852        2672        1        2
1826        2646        1        2
1799        2619        1        2
1773        2619        1        2
1773        2593        1        2
1746        2593        1        2
1746        2566        1        2
1720        2566        1        2
1720        2540        1        2
1693        2540        1        2
1693        2514        1        2
1667        2487        1        2
1667        2461        1        2
1640        2434        1        2
1640        2408        1        2
1614        2381        1        2
1614        2355        1        2
1588        2328        1        2
1588        2302        1        2
1561        2275        1        2
1561        2249        1        2
1535        2223        1        2
1535        2196        1        2
1535        2170        1        2
1561        2170        1        2
PEN_UP                  0
PEN_DOWN
 397        1164        1        3
 423        1164        1        3
 450        1164        1        3
 476        1164        1        3
 503        1164        1        3
 529        1164        1        3
 556        1164        1        3
 582        1164        1        3
 609        1164        1        3
 635        1164        1        3
 661        1164        1        3
 714        1164        1        3
 741        1164        1        3
 767        1164        1        3
 820        1164        1        3
 847        1164        1        3
 900        1164        1        3
 953        1164        1        3
 979        1164        1        3
1032        1164        1        3
1085        1164        1        3
1138        1164        1        3
1191        1164        1        3
1244        1164        1        3
1296        1164        1        3
1349        1164        1        3
1402        1164        1        3
1455        1164        1        3
1508        1138        1        3
1561        1138        1        3
1614        1138        1        3
1640        1164        1        3
1693        1164        1        3
1746        1164        1        3
1773        1164        1        3
1826        1164        1        3
1879        1164        1        3
1905        1164        1        3
1958        1164        1        3
1984        1164        1        3
2037        1164        1        3
2090        1164        1        3
2143        1164        1        3
2170        1164        1        3
2223        1164        1        3
2275        1164        1        3
2328        1164        1        3
2355        1164        1        3
2408        1164        1        3
2461        1164        1        3
2514        1164        1        3
2566        1164        1        3
2619        1164        1        3
2672        1164        1        3
2725        1164        1        3
2752        1164        1        3
2805        1138        1        3
2831        1138        1        3
2858        1138        1        3
2884        1138        1        3
2910        1138        1        3
2884        1138        1        3
PEN_UP                  0
END_CHARACTER: MDD
