CHARACTER_NAME: NT
STROKE_COUNT: 4
  X           Y   STYLUS_STATE STROKE
PEN_DOWN
1799        1614        1        1
1799        1640        1        1
1799        1667        1        1
1799        1693        1        1
1799        1720        1        1
1799        1746        1        1
1799        1773        1        1
1799        1799        1        1
1799        1826        1        1
1799        1852        1        1
1799        1879        1        1
1799        1905        1        1
1799        1931        1        1
1799        1958        1        1
1799        1984        1        1
1826        1984        1        1
1826        2011        1        1
1826        2037        1        1
1826        2064        1        1
1826        2090        1        1
1826        2117        1        1
1826        2143        1        1
1826        2170        1        1
1826        2196        1        1
1826        2223        1        1
1826        2249        1        1
1826        2275        1        1
1826        2302        1        1
1826        2328        1        1
1826        2355        1        1
1826        2381        1        1
1826        2408        1        1
1826        2434        1        1
1826        2461        1        1
1852        2487        1        1
1852        2514        1        1
1852        2540        1        1
1852        2566        1        1
1852        2593        1        1
1852        2619        1        1
1852        2646        1        1
1852        2672        1        1
1852        2699        1        1
1852        2725        1        1
1852        2752        1        1
1852        2778        1        1
1852        2805        1        1
1852        2831        1        1
1879        2858        1        1
1879        2884        1        1
1879        2910        1        1
1879        2937        1        1
1879        2963        1        1
1879        2990        1        1
1879        3016        1        1
1879        3043        1        1
1879        3069        1        1
1879        3096        1        1
1879        3122        1        1
1905        3149        1        1
1905        3175        1        1
1905        3201        1        1
1905        3228        1        1
1905        3254        1        1
1905        3281        1        1
1905        3307        1        1
1905        3334        1        1
1931        3334        1        1
1905        3334        1        1
1931        3334        1        1
1931        3360        1        1
1931        3387        1        1
1958        3387        1        1
1958        3413        1        1
1984        3413        1        1
2011        3413        1        1
2037        3413        1        1
2064        3413        1        1
2064        3387        1        1
2090        3387        1        1
2117        3387        1        1
2117        3360        1        1
2143        3360        1        1
2170        3334        1        1
2196        3334        1        1
2196        3307        1        1
2223        3307        1        1
2223        3281        1        1
2249        3281        1        1
2249        3254        1        1
2275        3254        1        1
2275        3228        1        1
2302        3228        1        1
2302        3201        1        1
2328        3201        1        1
2328        3175        1        1
2355        3175        1        1
2381        3149        1        1
2408        3122        1        1
2434        3096        1        1
2461        3096        1        1
2461        3069        1        1
2487        3043        1        1
2514        3016        1        1
2540        2990        1        1
2566        2963        1        1
2566        2937        1        1
2593        2937        1        1
2593        2910        1        1
2619        2910        1        1
2619        2884        1        1
2646        2858        1        1
2646        2831        1        1
2672        2831        1        1
2672        2805        1        1
2699        2805        1        1
2699        2778        1        1
2699        2752        1        1
2725        2752        1        1
2725        2725        1        1
2752        2699        1        1
2752        2672        1        1
2752        2646        1        1
2752        2619        1        1
2752        2593        1        1
2725        2566        1        1
2725        2540        1        1
2699        2540        1        1
2699        2514        1        1
2672        2487        1        1
2646        2461        1        1
2619        2461        1        1
2619        2434        1        1
2593        2434        1        1
2566        2461        1        1
2540        2461        1        1
2514        2487        1        1
2487        2514        1        1
2487        2540        1        1
2487        2566        1        1
2514        2593        1        1
2514        2619        1        1
2540        2619        1        1
2540        2646        1        1
2566        2646        1        1
2593        2646        1        1
2593        2672        1        1
2619        2672        1        1
2646        2672        1        1
2672        2646        1        1
2699        2646        1        1
2725        2646        1        1
2752        2646        1        1
2778        2646        1        1
2805        2619        1        1
2831        2619        1        1
2858        2619        1        1
2858        2593        1        1
2884        2566        1        1
2858        2566        1        1
2858        2540        1        1
2831        2540        1        1
2805        2566        1        1
2752        2540        1        1
PEN_UP                  0
PEN_DOWN
2328        1508        1        2
2328        1535        1        2
2328        1561        1        2
2302        1561        1        2
2328        1588        1        2
2302        1588        1        2
2302        1614        1        2
2328        1588        1        2
2328        1561        1        2
2328        1535        1        2
2328        1508        1        2
2355        1508        1        2
2355        1482        1        2
2328        1482        1        2
2328        1455        1        2
2328        1429        1        2
2328        1402        1        2
2302        1402        1        2
2302        1376        1        2
2275        1349        1        2
2275        1323        1        2
2275        1296        1        2
2249        1296        1        2
2249        1270        1        2
2223        1244        1        2
2196        1217        1        2
2196        1191        1        2
2170        1191        1        2
2143        1164        1        2
2117        1164        1        2
2090        1138        1        2
2064        1138        1        2
2037        1138        1        2
2011        1138        1        2
2011        1111        1        2
1984        1111        1        2
1958        1111        1        2
1931        1111        1        2
1905        1111        1        2
1879        1085        1        2
1852        1085        1        2
1826        1085        1        2
1799        1085        1        2
1773        1085        1        2
1746        1085        1        2
1746        1058        1        2
1720        1058        1        2
1693        1058        1        2
1667        1032        1        2
1640        1032        1        2
1614        1032        1        2
1588        1005        1        2
1561        1005        1        2
1561         979        1        2
1535         979        1        2
1508         953        1        2
1482         953        1        2
1482         926        1        2
1455         926        1        2
1455         900        1        2
1429         873        1        2
1402         873        1        2
1402         847        1        2
1376         820        1        2
1376         794        1        2
1349         767        1        2
1349         741        1        2
1349         714        1        2
1349         688        1        2
1349         661        1        2
1349         635        1        2
1349         609        1        2
1376         609        1        2
1376         582        1        2
1376         556        1        2
1402         529        1        2
1402         503        1        2
1402         476        1        2
1429         476        1        2
1429         450        1        2
1429         423        1        2
1455         423        1        2
1429         450        1        2
PEN_UP                  0
PEN_DOWN
1931        2514        1        3
1905        2540        1        3
1879        2540        1        3
1879        2566        1        3
1879        2540        1        3
1879        2514        1        3
1879        2487        1        3
1852        2461        1        3
1852        2434        1        3
1852        2408        1        3
1852        2381        1        3
1852        2355        1        3
1852        2328        1        3
1852        2302        1        3
1852        2275        1        3
1852        2249        1        3
1852        2223        1        3
1852        2196        1        3
1852        2170        1        3
1879        2170        1        3
1879        2143        1        3
1879        2117        1        3
1879        2090        1        3
1879        2064        1        3
1879        2037        1        3
1879        2011        1        3
1879        1984        1        3
1879        1958        1        3
1852        1931        1        3
1852        1905        1        3
1852        1879        1        3
1826        1879        1        3
1826        1852        1        3
1799        1852        1        3
1799        1826        1        3
1773        1826        1        3
1773        1799        1        3
1746        1799        1        3
1746        1773        1        3
1720        1773        1        3
1693        1773        1        3
1693        1746        1        3
1667        1746        1        3
1640        1746        1        3
1614        1746        1        3
1588        1720        1        3
1588        1746        1        3
1561        1746        1        3
1561        1720        1        3
1535        1720        1        3
1535        1746        1        3
1508        1746        1        3
1482        1746        1        3
1455        1746        1        3
1429        1746        1        3
1402        1746        1        3
1376        1773        1        3
1349        1773        1        3
1349        1799        1        3
1323        1799        1        3
1296        1826        1        3
1296        1852        1        3
1270        1852        1        3
1270        1879        1        3
1270        1905        1        3
1270        1931        1        3
1270        1958        1        3
1270        1984        1        3
1270        2011        1        3
1270        2037        1        3
1296        2037        1        3
1296        2064        1        3
1296        2090        1        3
1323        2117        1        3
1323        2143        1        3
1323        2170        1        3
1349        2170        1        3
1376        2170        1        3
1376        2196        1        3
1402        2196        1        3
1429        2170        1        3
1455        2170        1        3
1455        2143        1        3
1482        2143        1        3
1482        2117        1        3
1482        2090        1        3
1508        2064        1        3
1508        2037        1        3
1508        2011        1        3
1508        1984        1        3
1482        1984        1        3
1482        1958        1        3
1455        1958        1        3
1429        1931        1        3
1402        1931        1        3
1376        1931        1        3
1349        1931        1        3
1323        1931        1        3
1296        1931        1        3
1296        1958        1        3
1323        1958        1        3
1323        1984        1        3
PEN_UP                  0
PEN_DOWN
2090        1561        1        4
2064        1561        1        4
2037        1561        1        4
2011        1561        1        4
1984        1561        1        4
1958        1561        1        4
1931        1561        1        4
1905        1561        1        4
1879        1561        1        4
1905        1561        1        4
1931        1561        1        4
1958        1561        1        4
2011        1561        1        4
2037        1561        1        4
2064        1561        1        4
2117        1561        1        4
2143        1561        1        4
2196        1561        1        4
2249        1561        1        4
2302        1561        1        4
2355        1561        1        4
2434        1561        1        4
2487        1561        1        4
2540        1561        1        4
2619        1561        1        4
2672        1535        1        4
2725        1535        1        4
2752        1535        1        4
2805        1535        1        4
2831        1535        1        4
2858        1535        1        4
2884        1535        1        4
2910        1535        1        4
2884        1535        1        4
2858        1535        1        4
PEN_UP                  0
END_CHARACTER: NT
