CHARACTER_NAME: NN
STROKE_COUNT: 4
  X           Y   STYLUS_STATE STROKE
PEN_DOWN
1508        1376        1        1
1482        1376        1        1
1482        1349        1        1
1508        1349        1        1
1508        1323        1        1
1535        1323        1        1
1535        1349        1        1
1561        1349        1        1
1561        1376        1        1
1588        1402        1        1
1561        1429        1        1
1561        1455        1        1
1535        1455        1        1
1535        1429        1        1
1535        1402        1        1
1535        1376        1        1
1561        1349        1        1
1588        1349        1        1
1614        1349        1        1
1640        1349        1        1
1667        1376        1        1
1693        1376        1        1
1693        1402        1        1
1693        1429        1        1
1720        1429        1        1
1720        1455        1        1
1693        1455        1        1
1693        1482        1        1
1693        1508        1        1
1667        1508        1        1
1640        1482        1        1
1614        1482        1        1
1614        1455        1        1
1588        1455        1        1
1588        1429        1        1
1614        1429        1        1
1614        1455        1        1
1614        1482        1        1
1588        1482        1        1
1588        1508        1        1
1561        1508        1        1
1535        1508        1        1
1535        1482        1        1
1508        1482        1        1
1482        1482        1        1
1455        1482        1        1
1455        1455        1        1
1429        1429        1        1
1429        1402        1        1
1429        1376        1        1
1429        1349        1        1
1455        1349        1        1
1455        1323        1        1
1455        1296        1        1
1482        1296        1        1
1482        1270        1        1
1482        1244        1        1
1508        1244        1        1
1508        1217        1        1
1535        1191        1        1
1535        1164        1        1
1561        1164        1        1
1588        1138        1        1
1614        1138        1        1
1640        1111        1        1
1667        1111        1        1
1693        1111        1        1
1693        1085        1        1
1720        1085        1        1
1746        1085        1        1
1773        1085        1        1
1799        1085        1        1
1826        1085        1        1
1852        1085        1        1
1879        1085        1        1
1905        1085        1        1
1931        1085        1        1
1958        1085        1        1
1958        1111        1        1
1984        1111        1        1
2011        1138        1        1
2037        1138        1        1
2037        1164        1        1
2064        1164        1        1
2064        1191        1        1
2090        1217        1        1
2090        1244        1        1
2117        1244        1        1
2117        1270        1        1
2117        1296        1        1
2143        1296        1        1
2143        1323        1        1
2143        1349        1        1
2143        1376        1        1
2143        1402        1        1
2143        1429        1        1
2143        1455        1        1
2143        1482        1        1
2143        1508        1        1
2143        1535        1        1
2143        1561        1        1
2143        1588        1        1
2143        1614        1        1
2143        1640        1        1
2143        1667        1        1
2143        1693        1        1
2117        1693        1        1
2117        1720        1        1
2143        1720        1        1
2143        1746        1        1
2117        1746        1        1
2117        1773        1        1
2117        1799        1        1
2117        1826        1        1
2117        1852        1        1
2143        1826        1        1
2143        1799        1        1
2143        1773        1        1
2143        1746        1        1
2143        1720        1        1
2143        1693        1        1
2143        1667        1        1
2143        1640        1        1
2143        1614        1        1
2143        1588        1        1
2143        1561        1        1
2143        1535        1        1
2170        1535        1        1
2170        1508        1        1
2170        1482        1        1
2170        1455        1        1
2170        1429        1        1
2170        1402        1        1
2170        1376        1        1
2170        1349        1        1
2170        1323        1        1
2170        1296        1        1
2170        1270        1        1
2170        1244        1        1
2170        1217        1        1
2170        1191        1        1
2170        1164        1        1
2170        1138        1        1
2196        1138        1        1
2196        1111        1        1
2196        1085        1        1
2196        1058        1        1
2196        1032        1        1
2170        1058        1        1
2170        1085        1        1
2170        1111        1        1
2170        1138        1        1
2170        1164        1        1
2170        1191        1        1
2170        1217        1        1
2170        1244        1        1
2170        1270        1        1
2143        1296        1        1
2143        1349        1        1
2143        1376        1        1
2143        1402        1        1
2143        1455        1        1
2117        1482        1        1
2117        1508        1        1
2117        1561        1        1
2117        1588        1        1
2117        1640        1        1
2090        1693        1        1
2090        1746        1        1
2090        1799        1        1
2064        1852        1        1
2064        1905        1        1
2064        1958        1        1
2037        2011        1        1
2037        2064        1        1
2037        2117        1        1
2037        2170        1        1
2037        2223        1        1
2037        2275        1        1
2037        2328        1        1
2011        2381        1        1
2011        2434        1        1
2011        2487        1        1
2011        2540        1        1
2011        2593        1        1
2011        2646        1        1
2011        2699        1        1
2011        2752        1        1
2011        2778        1        1
2037        2831        1        1
2037        2884        1        1
2037        2937        1        1
2037        2990        1        1
2037        3043        1        1
2037        3096        1        1
2037        3122        1        1
2037        3175        1        1
2037        3201        1        1
2037        3254        1        1
2037        3281        1        1
2037        3307        1        1
2037        3334        1        1
2037        3360        1        1
2037        3387        1        1
2037        3360        1        1
2037        3334        1        1
2064        3307        1        1
2064        3254        1        1
2064        3228        1        1
2064        3175        1        1
2064        3122        1        1
2064        3069        1        1
PEN_UP                  0
PEN_DOWN
PEN_UP                  0
1535        1984        1        2
PEN_DOWN
1535        2223        1        3
1535        2249        1        3
1535        2275        1        3
1508        2302        1        3
1508        2275        1        3
1535        2275        1        3
1535        2249        1        3
1535        2275        1        3
1535        2302        1        3
1535        2328        1        3
1508        2328        1        3
1508        2302        1        3
1508        2275        1        3
1508        2249        1        3
1535        2249        1        3
1535        2223        1        3
1561        2249        1        3
1561        2275        1        3
1588        2302        1        3
1588        2328        1        3
1588        2355        1        3
1561        2381        1        3
1561        2355        1        3
1535        2355        1        3
1508        2355        1        3
1508        2328        1        3
1482        2302        1        3
1482        2275        1        3
1482        2249        1        3
1508        2249        1        3
1535        2275        1        3
1561        2302        1        3
1561        2328        1        3
1535        2355        1        3
1508        2355        1        3
1482        2355        1        3
1482        2328        1        3
1455        2328        1        3
1429        2328        1        3
1429        2302        1        3
1429        2275        1        3
1429        2249        1        3
1429        2223        1        3
1429        2196        1        3
1429        2170        1        3
1455        2170        1        3
1455        2143        1        3
1455        2117        1        3
1482        2117        1        3
1482        2090        1        3
1482        2064        1        3
1508        2064        1        3
1508        2037        1        3
1535        2011        1        3
1561        2011        1        3
1561        1984        1        3
1588        1984        1        3
1614        1984        1        3
1640        1984        1        3
1667        1984        1        3
1693        1984        1        3
1720        1984        1        3
1746        1984        1        3
1773        2011        1        3
1799        2011        1        3
1826        2011        1        3
1826        2037        1        3
1852        2037        1        3
1879        2037        1        3
1879        2064        1        3
1905        2064        1        3
1905        2090        1        3
1931        2117        1        3
1931        2143        1        3
1931        2170        1        3
1958        2196        1        3
1958        2223        1        3
1958        2249        1        3
1958        2275        1        3
1958        2302        1        3
1958        2328        1        3
1958        2355        1        3
1984        2381        1        3
1984        2408        1        3
1984        2434        1        3
1984        2461        1        3
1984        2487        1        3
1984        2514        1        3
1984        2540        1        3
2011        2540        1        3
2011        2566        1        3
2011        2593        1        3
2011        2619        1        3
2011        2646        1        3
2011        2672        1        3
2011        2699        1        3
2037        2699        1        3
2037        2725        1        3
2011        2699        1        3
2011        2672        1        3
2011        2646        1        3
PEN_UP                  0
PEN_DOWN
2514        1138        1        4
2487        1111        1        4
2514        1111        1        4
2540        1111        1        4
2593        1111        1        4
2619        1085        1        4
2672        1085        1        4
2752        1085        1        4
2805        1085        1        4
2858        1085        1        4
2937        1085        1        4
2990        1085        1        4
3043        1085        1        4
3069        1085        1        4
3122        1058        1        4
3149        1058        1        4
3175        1058        1        4
3201        1058        1        4
3228        1058        1        4
3201        1085        1        4
PEN_UP                  0
END_CHARACTER: NN
