CHARACTER_NAME: NMM
STROKE_COUNT: 3
  X           Y   STYLUS_STATE STROKE
PEN_DOWN
1058        1296        1        1
1085        1296        1        1
1085        1270        1        1
1111        1244        1        1
1138        1244        1        1
1138        1270        1        1
1164        1270        1        1
1164        1296        1        1
1191        1323        1        1
1164        1349        1        1
1164        1376        1        1
1138        1376        1        1
1138        1402        1        1
1111        1402        1        1
1085        1376        1        1
1085        1349        1        1
1085        1323        1        1
1085        1296        1        1
1111        1270        1        1
1138        1270        1        1
1164        1296        1        1
1164        1323        1        1
1191        1349        1        1
1191        1376        1        1
1164        1402        1        1
1164        1429        1        1
1138        1402        1        1
1138        1376        1        1
1138        1349        1        1
1164        1349        1        1
1164        1323        1        1
1191        1323        1        1
1217        1349        1        1
1244        1376        1        1
1244        1402        1        1
1244        1429        1        1
1217        1429        1        1
1217        1455        1        1
1191        1455        1        1
1164        1455        1        1
1164        1429        1        1
1138        1429        1        1
1111        1429        1        1
1111        1402        1        1
1085        1402        1        1
1058        1376        1        1
1058        1349        1        1
1032        1349        1        1
1032        1323        1        1
1032        1296        1        1
1032        1270        1        1
1032        1244        1        1
1032        1217        1        1
1032        1191        1        1
1058        1191        1        1
1058        1164        1        1
1058        1138        1        1
1085        1111        1        1
1111        1085        1        1
1111        1058        1        1
1138        1058        1        1
1164        1058        1        1
1164        1032        1        1
1191        1032        1        1
1217        1005        1        1
1244        1005        1        1
1270        1005        1        1
1296        1005        1        1
1323        1005        1        1
1349        1005        1        1
1376        1005        1        1
1402        1005        1        1
1429        1032        1        1
1455        1032        1        1
1482        1032        1        1
1508        1058        1        1
1535        1058        1        1
1535        1085        1        1
1561        1085        1        1
1588        1111        1        1
1614        1138        1        1
1640        1138        1        1
1667        1164        1        1
1693        1191        1        1
1720        1217        1        1
1746        1244        1        1
1746        1270        1        1
1773        1270        1        1
1773        1296        1        1
1773        1323        1        1
1799        1349        1        1
1799        1376        1        1
1826        1402        1        1
1826        1429        1        1
1852        1455        1        1
1852        1482        1        1
1852        1508        1        1
1879        1535        1        1
1879        1561        1        1
1905        1561        1        1
1879        1561        1        1
1879        1535        1        1
1852        1535        1        1
1826        1508        1        1
1799        1482        1        1
PEN_UP                  0
PEN_DOWN
2143         847        1        2
2117         847        1        2
2117         873        1        2
2117         900        1        2
2090         900        1        2
2117         900        1        2
2090         926        1        2
2090         953        1        2
2064         953        1        2
2064         979        1        2
2064        1005        1        2
2064        1032        1        2
2037        1032        1        2
2037        1058        1        2
2037        1085        1        2
2011        1085        1        2
2011        1111        1        2
2011        1138        1        2
2011        1164        1        2
1984        1164        1        2
1984        1191        1        2
1984        1217        1        2
1958        1217        1        2
1958        1244        1        2
1958        1270        1        2
1958        1296        1        2
1931        1296        1        2
1931        1323        1        2
1931        1349        1        2
1931        1376        1        2
1905        1376        1        2
1905        1402        1        2
1905        1429        1        2
1905        1455        1        2
1905        1482        1        2
1879        1482        1        2
1879        1508        1        2
1879        1535        1        2
1879        1561        1        2
1852        1588        1        2
1852        1614        1        2
1852        1640        1        2
1852        1667        1        2
1826        1693        1        2
1826        1720        1        2
1799        1746        1        2
1799        1773        1        2
1773        1799        1        2
1773        1826        1        2
1746        1852        1        2
1746        1879        1        2
1720        1879        1        2
1720        1905        1        2
1720        1931        1        2
1693        1958        1        2
1693        1984        1        2
1667        1984        1        2
1667        2011        1        2
1640        2037        1        2
1614        2064        1        2
1588        2090        1        2
1561        2090        1        2
1535        2090        1        2
1535        2117        1        2
1508        2117        1        2
1508        2090        1        2
1482        2090        1        2
1482        2064        1        2
1455        2064        1        2
1455        2037        1        2
1429        2037        1        2
1429        2011        1        2
1429        1984        1        2
1429        1958        1        2
1429        1931        1        2
1429        1905        1        2
1455        1905        1        2
1455        1879        1        2
1482        1852        1        2
1508        1852        1        2
1508        1826        1        2
1535        1826        1        2
1561        1826        1        2
1588        1826        1        2
1614        1799        1        2
1640        1799        1        2
1667        1826        1        2
1693        1826        1        2
1720        1826        1        2
1746        1826        1        2
1773        1826        1        2
1799        1852        1        2
1826        1852        1        2
1852        1852        1        2
1879        1879        1        2
1905        1879        1        2
1931        1879        1        2
1931        1905        1        2
1958        1905        1        2
1984        1905        1        2
1984        1931        1        2
2011        1931        1        2
2011        1958        1        2
2037        1958        1        2
2064        1984        1        2
2090        2011        1        2
2117        2037        1        2
2143        2064        1        2
2170        2090        1        2
2196        2117        1        2
2223        2143        1        2
2223        2170        1        2
2249        2170        1        2
2275        2196        1        2
2275        2223        1        2
2302        2249        1        2
2302        2275        1        2
2328        2302        1        2
2328        2328        1        2
2328        2355        1        2
2355        2381        1        2
2355        2408        1        2
2381        2434        1        2
2381        2461        1        2
2381        2487        1        2
2381        2514        1        2
2408        2540        1        2
2408        2566        1        2
2408        2593        1        2
2434        2619        1        2
2434        2646        1        2
2434        2672        1        2
2434        2699        1        2
2434        2725        1        2
2434        2752        1        2
2434        2778        1        2
2461        2831        1        2
2461        2858        1        2
2461        2884        1        2
2461        2910        1        2
2461        2963        1        2
2461        2990        1        2
2487        3016        1        2
2487        3043        1        2
2487        3069        1        2
2487        3096        1        2
2487        3122        1        2
2514        3149        1        2
2514        3175        1        2
2514        3149        1        2
2514        3122        1        2
2514        3096        1        2
2514        3069        1        2
2514        3043        1        2
2514        3016        1        2
2514        2990        1        2
2514        2937        1        2
2540        2910        1        2
2540        2884        1        2
2540        2831        1        2
2540        2778        1        2
2540        2752        1        2
2566        2699        1        2
2566        2672        1        2
2566        2619        1        2
2566        2593        1        2
2566        2540        1        2
2566        2514        1        2
2566        2461        1        2
2566        2408        1        2
2566        2381        1        2
2566        2328        1        2
2593        2275        1        2
2566        2223        1        2
2566        2170        1        2
2593        2117        1        2
2593        2090        1        2
2593        2037        1        2
2593        1984        1        2
2593        1931        1        2
2593        1905        1        2
2593        1852        1        2
2593        1826        1        2
2593        1799        1        2
2593        1746        1        2
2593        1720        1        2
2593        1693        1        2
2593        1640        1        2
2593        1614        1        2
2593        1588        1        2
2593        1535        1        2
2593        1508        1        2
2593        1482        1        2
2593        1455        1        2
2593        1429        1        2
2593        1402        1        2
2593        1376        1        2
2593        1349        1        2
2593        1323        1        2
2593        1296        1        2
2593        1270        1        2
2593        1244        1        2
2593        1217        1        2
2593        1191        1        2
2619        1164        1        2
2619        1138        1        2
2619        1111        1        2
2619        1085        1        2
2619        1058        1        2
2619        1032        1        2
PEN_UP                  0
PEN_DOWN
1958         794        1        3
1931         794        1        3
1905         794        1        3
1879         794        1        3
1905         794        1        3
1931         794        1        3
1958         794        1        3
2011         794        1        3
2037         794        1        3
2064         794        1        3
2117         794        1        3
2170         794        1        3
2196         794        1        3
2249         794        1        3
2302         794        1        3
2381         794        1        3
2434         794        1        3
2514         794        1        3
2593         794        1        3
2672         794        1        3
2778         794        1        3
2858         794        1        3
2910         794        1        3
2990         767        1        3
3069         767        1        3
3122         794        1        3
3149         794        1        3
3201         794        1        3
3228         794        1        3
3254         794        1        3
3281         794        1        3
3254         794        1        3
3228         820        1        3
PEN_UP                  0
END_CHARACTER: NMM
