CHARACTER_NAME: TTT
STROKE_COUNT: 2
  X           Y   STYLUS_STATE STROKE
PEN_DOWN
1852        1217        1        1
1826        1217        1        1
1826        1191        1        1
1852        1191        1        1
1852        1164        1        1
1879        1191        1        1
1879        1217        1        1
1879        1244        1        1
1852        1270        1        1
1852        1296        1        1
1826        1296        1        1
1826        1323        1        1
1799        1323        1        1
1799        1296        1        1
1799        1270        1        1
1826        1244        1        1
1826        1217        1        1
1826        1191        1        1
1852        1191        1        1
1852        1164        1        1
1879        1191        1        1
1879        1217        1        1
1879        1244        1        1
1879        1270        1        1
1879        1296        1        1
1852        1296        1        1
1852        1270        1        1
1852        1244        1        1
1852        1217        1        1
1879        1244        1        1
1879        1270        1        1
1879        1296        1        1
1852        1323        1        1
1852        1349        1        1
1826        1349        1        1
1826        1323        1        1
1826        1296        1        1
1826        1270        1        1
1826        1296        1        1
1852        1296        1        1
1852        1323        1        1
1852        1349        1        1
1852        1323        1        1
1826        1323        1        1
1826        1296        1        1
1826        1270        1        1
1852        1296        1        1
1852        1323        1        1
1852        1349        1        1
1852        1376        1        1
1826        1376        1        1
1826        1349        1        1
1799        1349        1        1
1799        1323        1        1
1826        1323        1        1
1826        1349        1        1
1826        1376        1        1
1799        1376        1        1
1773        1376        1        1
1746        1349        1        1
1720        1349        1        1
1720        1323        1        1
1693        1323        1        1
1693        1296        1        1
1667        1296        1        1
1667        1270        1        1
1667        1244        1        1
1667        1217        1        1
1693        1191        1        1
1693        1164        1        1
1720        1138        1        1
1746        1111        1        1
1773        1085        1        1
1773        1058        1        1
1799        1058        1        1
1826        1032        1        1
1852        1032        1        1
1879        1005        1        1
1905        1005        1        1
1931        1005        1        1
1958         979        1        1
1984         979        1        1
2011         979        1        1
2037         979        1        1
2064         979        1        1
2090         979        1        1
2117         979        1        1
2143         979        1        1
2170         979        1        1
2196         979        1        1
2223        1005        1        1
2249        1005        1        1
2275        1032        1        1
2302        1032        1        1
2328        1058        1        1
2355        1058        1        1
2355        1085        1        1
2381        1111        1        1
2408        1111        1        1
2408        1138        1        1
2434        1138        1        1
2434        1164        1        1
2461        1164        1        1
2461        1191        1        1
2487        1191        1        1
2487        1217        1        1
2487        1244        1        1
2487        1270        1        1
2487        1296        1        1
2487        1323        1        1
2487        1349        1        1
2461        1349        1        1
2461        1376        1        1
2434        1402        1        1
2434        1429        1        1
2408        1429        1        1
2408        1455        1        1
2381        1455        1        1
2381        1482        1        1
2355        1508        1        1
2328        1508        1        1
2328        1535        1        1
2302        1561        1        1
2275        1561        1        1
2275        1588        1        1
2249        1588        1        1
2249        1614        1        1
2223        1614        1        1
2223        1640        1        1
2196        1640        1        1
2196        1667        1        1
2170        1667        1        1
2170        1693        1        1
2143        1693        1        1
2170        1693        1        1
2170        1667        1        1
2170        1640        1        1
2196        1640        1        1
2196        1614        1        1
2223        1614        1        1
2223        1588        1        1
2249        1588        1        1
2275        1614        1        1
2302        1614        1        1
2302        1640        1        1
2328        1640        1        1
2302        1667        1        1
2302        1693        1        1
2275        1693        1        1
2275        1667        1        1
2302        1667        1        1
2302        1693        1        1
2302        1720        1        1
2275        1746        1        1
2249        1746        1        1
2249        1773        1        1
2223        1773        1        1
2196        1746        1        1
2170        1746        1        1
2170        1720        1        1
2143        1720        1        1
2143        1693        1        1
2170        1693        1        1
2170        1667        1        1
2170        1640        1        1
2170        1614        1        1
2196        1614        1        1
2196        1588        1        1
2223        1588        1        1
2223        1561        1        1
2249        1561        1        1
2275        1535        1        1
2302        1535        1        1
2328        1535        1        1
2355        1535        1        1
2381        1535        1        1
2408        1535        1        1
2434        1535        1        1
2461        1535        1        1
2487        1561        1        1
2514        1561        1        1
2540        1561        1        1
2566        1588        1        1
2593        1588        1        1
2593        1614        1        1
2619        1614        1        1
2646        1640        1        1
2646        1667        1        1
2672        1667        1        1
2672        1693        1        1
2699        1720        1        1
2699        1746        1        1
2699        1773        1        1
2699        1799        1        1
2699        1826        1        1
2699        1852        1        1
2699        1879        1        1
2699        1905        1        1
2699        1931        1        1
2672        1958        1        1
2672        1984        1        1
2672        2011        1        1
2646        2037        1        1
2646        2064        1        1
2619        2117        1        1
2619        2143        1        1
2593        2170        1        1
2566        2196        1        1
2540        2223        1        1
2540        2249        1        1
2514        2275        1        1
2461        2275        1        1
2434        2302        1        1
2408        2328        1        1
2381        2355        1        1
2355        2381        1        1
2302        2381        1        1
2275        2408        1        1
2249        2408        1        1
2223        2434        1        1
2196        2434        1        1
2143        2434        1        1
2117        2461        1        1
2090        2461        1        1
2064        2434        1        1
2011        2434        1        1
1984        2434        1        1
1958        2434        1        1
1905        2408        1        1
1879        2381        1        1
1826        2355        1        1
1773        2328        1        1
1746        2275        1        1
1693        2249        1        1
1667        2196        1        1
1640        2143        1        1
1588        2090        1        1
1561        2037        1        1
1535        2011        1        1
1508        1958        1        1
1482        1905        1        1
1455        1879        1        1
1429        1826        1        1
1429        1799        1        1
1402        1746        1        1
1376        1720        1        1
1376        1693        1        1
1349        1667        1        1
1349        1640        1        1
1323        1640        1        1
1323        1614        1        1
1323        1588        1        1
1296        1588        1        1
1296        1561        1        1
1323        1561        1        1
1323        1535        1        1
PEN_UP                  0
PEN_DOWN
2037         794        1        2
2011         794        1        2
1984         794        1        2
1958         794        1        2
1931         794        1        2
1958         794        1        2
1984         794        1        2
2011         794        1        2
2037         794        1        2
2064         794        1        2
2117         794        1        2
2143         820        1        2
2170         820        1        2
2196         820        1        2
2249         820        1        2
2275         820        1        2
2328         847        1        2
2381         847        1        2
2434         847        1        2
2487         847        1        2
2540         847        1        2
2593         847        1        2
2646         847        1        2
2699         847        1        2
2752         847        1        2
2805         847        1        2
2831         847        1        2
2858         820        1        2
2884         820        1        2
2910         820        1        2
2937         820        1        2
2937         847        1        2
2910         847        1        2
PEN_UP                  0
END_CHARACTER: TTT
