CHARACTER_NAME: TTB
STROKE_COUNT: 3
  X           Y   STYLUS_STATE STROKE
PEN_DOWN
1561        1614        1        1
1561        1640        1        1
1535        1640        1        1
1535        1614        1        1
1561        1614        1        1
1561        1588        1        1
1588        1614        1        1
1588        1640        1        1
1614        1640        1        1
1614        1667        1        1
1614        1693        1        1
1588        1693        1        1
1561        1693        1        1
1561        1667        1        1
1535        1667        1        1
1535        1640        1        1
1561        1614        1        1
1561        1588        1        1
1588        1561        1        1
1614        1535        1        1
1640        1535        1        1
1667        1561        1        1
1693        1561        1        1
1720        1561        1        1
1720        1588        1        1
1746        1588        1        1
1746        1614        1        1
1746        1640        1        1
1746        1667        1        1
1720        1667        1        1
1720        1693        1        1
1693        1667        1        1
1667        1667        1        1
1667        1640        1        1
1667        1614        1        1
1667        1588        1        1
1667        1561        1        1
1693        1561        1        1
1720        1561        1        1
1720        1588        1        1
1720        1614        1        1
1720        1640        1        1
1693        1640        1        1
1693        1667        1        1
1667        1640        1        1
1640        1614        1        1
1667        1614        1        1
1667        1588        1        1
1667        1561        1        1
1693        1561        1        1
1720        1561        1        1
1720        1588        1        1
1720        1614        1        1
1693        1640        1        1
1693        1614        1        1
1693        1640        1        1
1667        1640        1        1
1667        1667        1        1
1640        1667        1        1
1640        1693        1        1
1614        1693        1        1
1588        1693        1        1
1561        1693        1        1
1561        1667        1        1
1535        1667        1        1
1535        1640        1        1
1508        1640        1        1
1508        1614        1        1
1508        1588        1        1
1508        1561        1        1
1508        1535        1        1
1535        1508        1        1
1535        1482        1        1
1561        1482        1        1
1561        1455        1        1
1588        1455        1        1
1588        1429        1        1
1614        1429        1        1
1614        1402        1        1
1640        1402        1        1
1640        1376        1        1
1667        1376        1        1
1693        1376        1        1
1693        1349        1        1
1720        1349        1        1
1746        1349        1        1
1773        1349        1        1
1799        1323        1        1
1826        1323        1        1
1852        1323        1        1
1879        1323        1        1
1905        1323        1        1
1958        1323        1        1
1984        1323        1        1
2011        1323        1        1
2037        1323        1        1
2064        1349        1        1
2090        1349        1        1
2117        1349        1        1
2143        1349        1        1
2170        1349        1        1
2196        1376        1        1
2223        1376        1        1
2249        1376        1        1
2275        1402        1        1
2302        1402        1        1
2328        1402        1        1
2355        1429        1        1
2381        1429        1        1
2408        1455        1        1
2434        1455        1        1
2434        1482        1        1
2461        1482        1        1
2461        1508        1        1
2487        1508        1        1
2487        1535        1        1
2514        1535        1        1
2514        1561        1        1
2540        1561        1        1
2540        1588        1        1
2566        1588        1        1
2566        1614        1        1
2566        1640        1        1
2593        1667        1        1
2593        1693        1        1
2593        1720        1        1
2593        1746        1        1
2593        1773        1        1
2566        1799        1        1
2566        1826        1        1
2540        1852        1        1
2540        1879        1        1
2514        1905        1        1
2487        1931        1        1
2487        1958        1        1
2461        1984        1        1
2434        2011        1        1
2434        2037        1        1
2408        2037        1        1
2408        2064        1        1
2381        2090        1        1
2355        2090        1        1
2355        2117        1        1
2328        2117        1        1
2328        2143        1        1
2302        2143        1        1
2302        2170        1        1
2275        2170        1        1
2249        2170        1        1
2249        2196        1        1
2223        2196        1        1
2196        2196        1        1
2170        2196        1        1
2143        2223        1        1
2117        2223        1        1
2090        2196        1        1
2064        2196        1        1
2037        2196        1        1
2037        2170        1        1
2011        2170        1        1
2037        2143        1        1
2064        2143        1        1
2064        2117        1        1
2090        2117        1        1
2117        2117        1        1
2143        2090        1        1
2170        2090        1        1
2196        2090        1        1
2196        2064        1        1
2223        2064        1        1
2249        2064        1        1
2249        2090        1        1
2249        2117        1        1
2223        2117        1        1
2223        2143        1        1
2196        2117        1        1
2196        2090        1        1
2223        2090        1        1
2223        2064        1        1
2249        2064        1        1
2275        2090        1        1
2249        2090        1        1
2249        2117        1        1
2223        2143        1        1
2196        2143        1        1
2196        2170        1        1
2196        2143        1        1
2170        2143        1        1
2170        2117        1        1
2196        2090        1        1
2223        2064        1        1
2249        2090        1        1
2223        2090        1        1
2223        2117        1        1
2196        2143        1        1
2170        2143        1        1
2170        2170        1        1
2143        2170        1        1
2143        2143        1        1
2117        2143        1        1
2143        2117        1        1
2143        2143        1        1
2117        2117        1        1
2117        2090        1        1
2143        2090        1        1
2143        2064        1        1
2170        2064        1        1
2170        2037        1        1
2196        2037        1        1
2196        2011        1        1
2223        2011        1        1
2249        2011        1        1
2275        2011        1        1
2302        2011        1        1
2302        2037        1        1
2328        2037        1        1
2355        2037        1        1
2381        2037        1        1
2408        2064        1        1
2434        2064        1        1
2461        2064        1        1
2461        2090        1        1
2487        2090        1        1
2514        2117        1        1
2540        2117        1        1
2566        2117        1        1
2566        2143        1        1
2593        2143        1        1
2593        2170        1        1
2619        2196        1        1
2619        2223        1        1
2646        2223        1        1
2646        2249        1        1
2672        2275        1        1
2672        2302        1        1
2672        2328        1        1
2672        2355        1        1
2672        2381        1        1
2672        2408        1        1
2646        2434        1        1
2646        2461        1        1
2646        2487        1        1
2619        2514        1        1
2619        2540        1        1
2593        2566        1        1
2593        2593        1        1
2566        2619        1        1
2540        2646        1        1
2540        2672        1        1
2514        2672        1        1
2487        2699        1        1
2461        2725        1        1
2434        2725        1        1
2408        2752        1        1
2381        2752        1        1
2355        2752        1        1
2328        2778        1        1
2302        2778        1        1
2275        2778        1        1
2223        2805        1        1
2196        2805        1        1
2170        2805        1        1
2143        2805        1        1
2117        2805        1        1
2064        2805        1        1
2037        2778        1        1
2011        2778        1        1
1984        2778        1        1
1931        2778        1        1
1905        2752        1        1
1879        2752        1        1
1826        2752        1        1
1799        2725        1        1
1773        2725        1        1
1720        2725        1        1
1693        2699        1        1
1640        2672        1        1
1614        2672        1        1
1561        2646        1        1
1535        2619        1        1
1482        2619        1        1
1455        2593        1        1
1402        2566        1        1
1376        2540        1        1
1323        2514        1        1
1296        2487        1        1
1244        2461        1        1
1217        2434        1        1
1164        2381        1        1
1138        2355        1        1
1085        2328        1        1
1058        2275        1        1
1032        2249        1        1
1005        2223        1        1
 953        2196        1        1
 926        2143        1        1
 900        2117        1        1
 873        2090        1        1
 847        2064        1        1
 820        2037        1        1
 820        2011        1        1
 794        1984        1        1
 767        1958        1        1
 741        1931        1        1
 741        1905        1        1
 714        1905        1        1
 741        1905        1        1
 767        1905        1        1
 794        1931        1        1
PEN_UP                  0
PEN_DOWN
2223        2805        1        2
2223        2778        1        2
2196        2778        1        2
2196        2805        1        2
2170        2805        1        2
2170        2831        1        2
2143        2831        1        2
2117        2858        1        2
2090        2884        1        2
2064        2884        1        2
2064        2910        1        2
2037        2910        1        2
2011        2937        1        2
1984        2963        1        2
1958        2963        1        2
1931        2990        1        2
1905        3016        1        2
1852        3043        1        2
1826        3069        1        2
1799        3096        1        2
1773        3096        1        2
1746        3122        1        2
1720        3149        1        2
1693        3175        1        2
1667        3175        1        2
1640        3201        1        2
1614        3201        1        2
1614        3228        1        2
1640        3228        1        2
1667        3228        1        2
1667        3254        1        2
1693        3254        1        2
1720        3281        1        2
1746        3281        1        2
1773        3307        1        2
1799        3334        1        2
1826        3334        1        2
1879        3360        1        2
1905        3387        1        2
1931        3413        1        2
1958        3440        1        2
1984        3466        1        2
2011        3493        1        2
2037        3519        1        2
2064        3572        1        2
2064        3598        1        2
2090        3625        1        2
2117        3678        1        2
2143        3704        1        2
2170        3757        1        2
2170        3784        1        2
2196        3810        1        2
2196        3836        1        2
2223        3863        1        2
2223        3889        1        2
2249        3916        1        2
2249        3942        1        2
2275        3969        1        2
2275        3942        1        2
2275        3916        1        2
2275        3889        1        2
2275        3863        1        2
2249        3836        1        2
2249        3810        1        2
2249        3784        1        2
2249        3731        1        2
2275        3704        1        2
2249        3678        1        2
2275        3651        1        2
2275        3598        1        2
2249        3572        1        2
2275        3545        1        2
2275        3519        1        2
2249        3466        1        2
2275        3440        1        2
2275        3413        1        2
2249        3387        1        2
2249        3360        1        2
2249        3307        1        2
2249        3281        1        2
2249        3254        1        2
2249        3228        1        2
2249        3201        1        2
2249        3175        1        2
2249        3149        1        2
2249        3122        1        2
2249        3096        1        2
2249        3069        1        2
2249        3043        1        2
2249        3016        1        2
2249        2990        1        2
2249        2963        1        2
2249        2937        1        2
2249        2910        1        2
2249        2884        1        2
2249        2858        1        2
2249        2831        1        2
2249        2805        1        2
2249        2778        1        2
2223        2752        1        2
PEN_UP                  0
PEN_DOWN
1535         926        1        3
1535         953        1        3
1535         979        1        3
1508         979        1        3
1508        1005        1        3
1508        1032        1        3
1508        1058        1        3
1508        1085        1        3
1482        1111        1        3
1455        1138        1        3
1429        1138        1        3
1402        1138        1        3
1402        1164        1        3
1376        1164        1        3
1402        1164        1        3
1429        1164        1        3
1455        1191        1        3
1508        1191        1        3
1535        1191        1        3
1588        1191        1        3
1614        1191        1        3
1667        1191        1        3
1720        1191        1        3
1773        1217        1        3
1826        1217        1        3
1879        1217        1        3
1958        1217        1        3
2011        1191        1        3
2064        1191        1        3
2117        1191        1        3
2196        1191        1        3
2249        1191        1        3
2328        1164        1        3
2381        1164        1        3
2434        1164        1        3
2514        1164        1        3
2566        1164        1        3
2646        1164        1        3
2699        1164        1        3
2752        1164        1        3
2805        1164        1        3
2858        1164        1        3
2910        1164        1        3
2963        1164        1        3
2990        1164        1        3
3043        1164        1        3
3069        1164        1        3
3122        1164        1        3
3149        1164        1        3
3175        1164        1        3
3201        1164        1        3
3175        1164        1        3
PEN_UP                  0
END_CHARACTER: TTB
