CHARACTER_NAME: TM
STROKE_COUNT: 3
  X           Y   STYLUS_STATE STROKE
PEN_DOWN
1826        1640        1        1
1826        1614        1        1
1826        1588        1        1
1826        1561        1        1
1852        1561        1        1
1852        1535        1        1
1879        1535        1        1
1905        1561        1        1
1931        1561        1        1
1931        1588        1        1
1931        1614        1        1
1931        1640        1        1
1905        1640        1        1
1905        1667        1        1
1879        1667        1        1
1852        1667        1        1
1852        1640        1        1
1852        1614        1        1
1852        1588        1        1
1852        1561        1        1
1879        1561        1        1
1905        1561        1        1
1931        1561        1        1
1931        1588        1        1
1958        1614        1        1
1958        1640        1        1
1931        1667        1        1
1931        1693        1        1
1905        1693        1        1
1905        1667        1        1
1931        1640        1        1
1931        1614        1        1
1958        1614        1        1
1958        1640        1        1
1958        1667        1        1
1931        1667        1        1
1931        1693        1        1
1905        1693        1        1
1905        1667        1        1
1905        1640        1        1
1905        1614        1        1
1931        1614        1        1
1931        1640        1        1
1931        1667        1        1
1905        1693        1        1
1905        1667        1        1
1879        1667        1        1
1879        1640        1        1
1852        1640        1        1
1852        1614        1        1
1852        1588        1        1
1852        1561        1        1
1879        1561        1        1
1905        1535        1        1
1931        1535        1        1
1958        1535        1        1
1984        1535        1        1
2011        1535        1        1
2037        1535        1        1
2064        1535        1        1
2090        1535        1        1
2090        1561        1        1
2117        1561        1        1
2143        1561        1        1
2170        1561        1        1
2196        1588        1        1
2223        1588        1        1
2249        1588        1        1
2275        1614        1        1
2302        1640        1        1
2328        1640        1        1
2355        1667        1        1
2355        1693        1        1
2381        1693        1        1
2381        1720        1        1
2408        1746        1        1
2408        1773        1        1
2434        1773        1        1
2434        1799        1        1
2434        1826        1        1
2434        1852        1        1
2434        1879        1        1
2434        1905        1        1
2434        1931        1        1
2434        1958        1        1
2434        1984        1        1
2408        2011        1        1
2408        2037        1        1
2381        2037        1        1
2381        2064        1        1
2355        2090        1        1
2328        2117        1        1
2328        2143        1        1
2302        2143        1        1
2275        2170        1        1
2249        2196        1        1
2223        2223        1        1
2196        2223        1        1
2170        2249        1        1
2143        2249        1        1
2117        2249        1        1
2117        2275        1        1
2090        2275        1        1
2064        2275        1        1
2037        2275        1        1
2011        2275        1        1
1984        2275        1        1
1958        2275        1        1
1931        2275        1        1
1905        2275        1        1
1852        2275        1        1
1826        2275        1        1
1799        2249        1        1
1773        2249        1        1
1746        2249        1        1
1693        2249        1        1
1667        2223        1        1
1640        2223        1        1
1614        2223        1        1
1588        2196        1        1
1561        2196        1        1
1535        2196        1        1
1508        2170        1        1
1482        2170        1        1
1455        2143        1        1
1429        2143        1        1
1402        2117        1        1
1349        2117        1        1
1323        2090        1        1
1296        2090        1        1
1270        2064        1        1
1244        2037        1        1
1217        2037        1        1
1191        2011        1        1
1164        1984        1        1
1138        1984        1        1
1111        1958        1        1
1085        1931        1        1
1058        1931        1        1
1032        1905        1        1
1005        1905        1        1
1005        1879        1        1
 979        1879        1        1
 953        1852        1        1
 926        1852        1        1
 926        1826        1        1
 900        1826        1        1
 873        1826        1        1
 873        1799        1        1
 847        1799        1        1
 820        1773        1        1
 847        1773        1        1
 873        1746        1        1
 900        1746        1        1
PEN_UP                  0
PEN_DOWN
2170        2355        1        2
2143        2381        1        2
2170        2381        1        2
2170        2408        1        2
2170        2434        1        2
2196        2461        1        2
2196        2487        1        2
2170        2487        1        2
2170        2514        1        2
2143        2514        1        2
2143        2487        1        2
2143        2461        1        2
2143        2434        1        2
2170        2434        1        2
2170        2461        1        2
2170        2487        1        2
2170        2514        1        2
2170        2540        1        2
2143        2566        1        2
2117        2566        1        2
2090        2540        1        2
2090        2514        1        2
2064        2514        1        2
2090        2514        1        2
2117        2514        1        2
2117        2540        1        2
2143        2540        1        2
2117        2540        1        2
2117        2566        1        2
2090        2566        1        2
2090        2593        1        2
2064        2593        1        2
2037        2593        1        2
2011        2593        1        2
1984        2593        1        2
1984        2566        1        2
1958        2566        1        2
1958        2540        1        2
1931        2540        1        2
1931        2514        1        2
1931        2487        1        2
1931        2461        1        2
1931        2434        1        2
1958        2408        1        2
1958        2381        1        2
1984        2381        1        2
1984        2355        1        2
2011        2355        1        2
2011        2328        1        2
2037        2328        1        2
2064        2328        1        2
2090        2328        1        2
2117        2328        1        2
2143        2328        1        2
2170        2328        1        2
2196        2328        1        2
2196        2355        1        2
2223        2355        1        2
2249        2355        1        2
2275        2355        1        2
2275        2381        1        2
2302        2381        1        2
2328        2381        1        2
2328        2408        1        2
2355        2408        1        2
2381        2434        1        2
2408        2434        1        2
2434        2461        1        2
2461        2461        1        2
2487        2487        1        2
2514        2487        1        2
2514        2514        1        2
2540        2514        1        2
2566        2540        1        2
2593        2540        1        2
2593        2566        1        2
2619        2566        1        2
2646        2593        1        2
2646        2619        1        2
2672        2619        1        2
2699        2646        1        2
2699        2672        1        2
2725        2699        1        2
2752        2725        1        2
2752        2752        1        2
2778        2778        1        2
2805        2805        1        2
2805        2831        1        2
2831        2858        1        2
2831        2884        1        2
2831        2910        1        2
2858        2910        1        2
2858        2937        1        2
2884        2963        1        2
2884        2990        1        2
2884        2963        1        2
2884        2937        1        2
2884        2910        1        2
2858        2910        1        2
2858        2884        1        2
2858        2858        1        2
2858        2831        1        2
2858        2805        1        2
2858        2778        1        2
2858        2752        1        2
2831        2725        1        2
2831        2699        1        2
2831        2672        1        2
2831        2646        1        2
2831        2619        1        2
2831        2593        1        2
2831        2566        1        2
2831        2540        1        2
2831        2514        1        2
2831        2487        1        2
2831        2461        1        2
2831        2434        1        2
2831        2408        1        2
2831        2381        1        2
2831        2355        1        2
2831        2328        1        2
2831        2302        1        2
2831        2275        1        2
2831        2223        1        2
2858        2196        1        2
2858        2170        1        2
2858        2143        1        2
2858        2117        1        2
2858        2090        1        2
2858        2064        1        2
2858        2037        1        2
2858        1984        1        2
2858        1958        1        2
2858        1931        1        2
2858        1905        1        2
2831        1879        1        2
2831        1852        1        2
2831        1826        1        2
2831        1799        1        2
2831        1773        1        2
2831        1746        1        2
2831        1720        1        2
2831        1693        1        2
2831        1667        1        2
2831        1640        1        2
2831        1614        1        2
2831        1588        1        2
2805        1588        1        2
2778        1588        1        2
PEN_UP                  0
PEN_DOWN
2223        1482        1        3
2196        1482        1        3
2170        1482        1        3
2143        1482        1        3
2143        1508        1        3
2170        1508        1        3
2196        1508        1        3
2223        1508        1        3
2249        1508        1        3
2275        1508        1        3
2302        1508        1        3
2328        1508        1        3
2381        1535        1        3
2408        1535        1        3
2461        1535        1        3
2514        1535        1        3
2566        1535        1        3
2593        1535        1        3
2646        1535        1        3
2725        1535        1        3
2778        1535        1        3
2831        1535        1        3
2910        1508        1        3
2963        1508        1        3
3043        1508        1        3
3096        1508        1        3
3149        1508        1        3
3201        1482        1        3
3228        1482        1        3
3281        1482        1        3
3307        1482        1        3
3334        1482        1        3
3360        1482        1        3
3387        1482        1        3
3413        1508        1        3
3413        1482        1        3
3387        1508        1        3
3360        1508        1        3
3334        1535        1        3
3307        1535        1        3
PEN_UP                  0
END_CHARACTER: TM
