CHARACTER_NAME: AE
STROKE_COUNT: 1
  X           Y   STYLUS_STATE STROKE
PEN_DOWN
2011        1455        1        1
2011        1429        1        1
1984        1429        1        1
1984        1402        1        1
2011        1402        1        1
2011        1429        1        1
2037        1429        1        1
2011        1455        1        1
2011        1482        1        1
2011        1508        1        1
1984        1508        1        1
1958        1508        1        1
1931        1508        1        1
1931        1482        1        1
1931        1455        1        1
1931        1429        1        1
1958        1429        1        1
1958        1455        1        1
1958        1482        1        1
1958        1508        1        1
1931        1535        1        1
1931        1508        1        1
1905        1508        1        1
1931        1482        1        1
1931        1508        1        1
1931        1535        1        1
1931        1508        1        1
1905        1508        1        1
1905        1482        1        1
1905        1455        1        1
1905        1429        1        1
1905        1402        1        1
1905        1376        1        1
1905        1349        1        1
1931        1349        1        1
1931        1323        1        1
1958        1323        1        1
1958        1296        1        1
1984        1296        1        1
1984        1270        1        1
2011        1270        1        1
2037        1270        1        1
2064        1270        1        1
2090        1270        1        1
2117        1270        1        1
2143        1296        1        1
2170        1296        1        1
2170        1323        1        1
2196        1323        1        1
2196        1349        1        1
2223        1349        1        1
2223        1376        1        1
2249        1376        1        1
2249        1402        1        1
2275        1429        1        1
2275        1455        1        1
2275        1482        1        1
2302        1482        1        1
2302        1508        1        1
2302        1535        1        1
2302        1561        1        1
2302        1588        1        1
2275        1588        1        1
2275        1614        1        1
2302        1614        1        1
2275        1614        1        1
2275        1640        1        1
2275        1667        1        1
2275        1693        1        1
2275        1720        1        1
2275        1746        1        1
2275        1773        1        1
2249        1799        1        1
2249        1826        1        1
2249        1852        1        1
2249        1879        1        1
2249        1905        1        1
2249        1931        1        1
2249        1958        1        1
2249        1984        1        1
2249        2011        1        1
2249        2037        1        1
2249        2064        1        1
2249        2090        1        1
2223        2090        1        1
2223        2117        1        1
2223        2143        1        1
2223        2170        1        1
2223        2196        1        1
2223        2223        1        1
2223        2249        1        1
2223        2275        1        1
2223        2302        1        1
2223        2328        1        1
2223        2355        1        1
2223        2381        1        1
2223        2408        1        1
2223        2434        1        1
2223        2461        1        1
2223        2487        1        1
2223        2514        1        1
2223        2540        1        1
2223        2566        1        1
2223        2593        1        1
2223        2619        1        1
2223        2646        1        1
2223        2672        1        1
2223        2699        1        1
2223        2725        1        1
2223        2752        1        1
2223        2778        1        1
2223        2805        1        1
2223        2831        1        1
2223        2858        1        1
2223        2884        1        1
2223        2910        1        1
2223        2884        1        1
2223        2858        1        1
2223        2831        1        1
2223        2805        1        1
2223        2778        1        1
2223        2752        1        1
2196        2752        1        1
2196        2725        1        1
2196        2699        1        1
2196        2672        1        1
2170        2672        1        1
2170        2646        1        1
2143        2646        1        1
2117        2646        1        1
2117        2619        1        1
2090        2619        1        1
2064        2619        1        1
2037        2619        1        1
2011        2619        1        1
1984        2619        1        1
1958        2619        1        1
1931        2646        1        1
1905        2646        1        1
1879        2646        1        1
1852        2646        1        1
1826        2672        1        1
1799        2672        1        1
1799        2699        1        1
1773        2699        1        1
1746        2725        1        1
1720        2725        1        1
1720        2752        1        1
1693        2752        1        1
1693        2778        1        1
1667        2778        1        1
1667        2805        1        1
1640        2805        1        1
1614        2831        1        1
1588        2858        1        1
1561        2858        1        1
1561        2884        1        1
1535        2884        1        1
1508        2884        1        1
1508        2910        1        1
1482        2910        1        1
1455        2910        1        1
1429        2937        1        1
1402        2937        1        1
1376        2937        1        1
1349        2963        1        1
1323        2963        1        1
1296        2963        1        1
1270        2963        1        1
1244        2963        1        1
1217        2963        1        1
1191        2963        1        1
1164        2963        1        1
1138        2963        1        1
1111        2963        1        1
1085        2937        1        1
1058        2937        1        1
1032        2910        1        1
1005        2910        1        1
 979        2884        1        1
 979        2858        1        1
 953        2831        1        1
 926        2831        1        1
 926        2805        1        1
 900        2778        1        1
 873        2752        1        1
 873        2725        1        1
 873        2699        1        1
 847        2672        1        1
 847        2646        1        1
 847        2593        1        1
 820        2540        1        1
 820        2514        1        1
 820        2487        1        1
 820        2461        1        1
 820        2434        1        1
 820        2408        1        1
 847        2408        1        1
 847        2381        1        1
 820        2381        1        1
 847        2381        1        1
 847        2355        1        1
 873        2355        1        1
 900        2328        1        1
PEN_UP                  0
END_CHARACTER: AE
