CHARACTER_NAME: TR
STROKE_COUNT: 2
  X           Y   STYLUS_STATE STROKE
PEN_DOWN
1984        2064        1        1
2011        2064        1        1
2011        2090        1        1
1984        2090        1        1
1984        2064        1        1
1984        2037        1        1
2011        2064        1        1
2011        2090        1        1
1984        2090        1        1
1984        2117        1        1
1958        2117        1        1
1958        2090        1        1
1931        2090        1        1
1931        2064        1        1
1931        2037        1        1
1958        2037        1        1
1958        2064        1        1
1984        2064        1        1
1984        2090        1        1
1958        2064        1        1
1984        2064        1        1
1958        2064        1        1
1958        2090        1        1
1984        2090        1        1
1984        2117        1        1
2011        2117        1        1
2011        2143        1        1
2011        2170        1        1
2011        2196        1        1
2011        2223        1        1
1984        2223        1        1
1958        2223        1        1
1931        2223        1        1
1905        2223        1        1
1879        2196        1        1
1852        2170        1        1
1826        2143        1        1
1826        2117        1        1
1826        2090        1        1
1799        2090        1        1
1799        2064        1        1
1826        2064        1        1
1799        2064        1        1
1799        2037        1        1
1799        2011        1        1
1826        2011        1        1
1826        1984        1        1
1826        1958        1        1
1826        1931        1        1
1852        1905        1        1
1852        1879        1        1
1852        1852        1        1
1879        1852        1        1
1879        1826        1        1
1905        1826        1        1
1905        1799        1        1
1931        1799        1        1
1931        1773        1        1
1958        1773        1        1
1958        1746        1        1
1984        1746        1        1
1984        1720        1        1
2011        1720        1        1
2037        1693        1        1
2064        1693        1        1
2090        1693        1        1
2090        1667        1        1
2117        1667        1        1
2143        1667        1        1
2170        1667        1        1
2196        1667        1        1
2223        1667        1        1
2249        1667        1        1
2275        1667        1        1
2275        1693        1        1
2302        1693        1        1
2328        1693        1        1
2355        1720        1        1
2381        1720        1        1
2381        1746        1        1
2408        1746        1        1
2408        1773        1        1
2434        1773        1        1
2434        1799        1        1
2461        1799        1        1
2461        1826        1        1
2487        1826        1        1
2487        1852        1        1
2487        1879        1        1
2487        1905        1        1
2514        1905        1        1
2514        1931        1        1
2514        1958        1        1
2514        1984        1        1
2514        2011        1        1
2514        2037        1        1
2514        2064        1        1
2514        2090        1        1
2514        2117        1        1
2540        2117        1        1
2540        2143        1        1
2540        2170        1        1
2540        2196        1        1
2540        2223        1        1
2540        2249        1        1
2540        2275        1        1
2540        2302        1        1
2540        2328        1        1
2540        2355        1        1
2540        2381        1        1
2540        2408        1        1
2540        2434        1        1
2540        2461        1        1
2540        2487        1        1
2540        2514        1        1
2540        2540        1        1
2540        2566        1        1
2566        2566        1        1
2566        2593        1        1
2566        2619        1        1
2566        2646        1        1
2566        2672        1        1
2566        2699        1        1
2593        2699        1        1
2593        2725        1        1
2593        2752        1        1
2593        2778        1        1
2593        2805        1        1
2619        2805        1        1
2619        2831        1        1
2619        2858        1        1
2619        2884        1        1
2619        2910        1        1
2619        2937        1        1
2619        2963        1        1
2619        2990        1        1
2646        3016        1        1
2646        3043        1        1
2646        3069        1        1
2646        3096        1        1
2646        3122        1        1
2646        3149        1        1
2646        3175        1        1
2646        3201        1        1
2646        3228        1        1
2646        3254        1        1
2646        3281        1        1
2672        3307        1        1
2672        3334        1        1
2672        3360        1        1
2672        3334        1        1
2672        3307        1        1
2646        3307        1        1
2646        3281        1        1
2646        3254        1        1
2646        3228        1        1
2646        3201        1        1
2646        3175        1        1
2646        3149        1        1
2646        3122        1        1
2619        3096        1        1
2619        3069        1        1
2619        3043        1        1
2619        3016        1        1
2593        3016        1        1
2593        2990        1        1
2566        2990        1        1
2566        2963        1        1
2540        2963        1        1
2514        2963        1        1
2514        2990        1        1
2487        2990        1        1
2461        2990        1        1
2461        3016        1        1
2434        3016        1        1
2408        3016        1        1
2408        3043        1        1
2381        3043        1        1
2381        3069        1        1
2355        3069        1        1
2355        3096        1        1
2328        3096        1        1
2302        3122        1        1
2302        3149        1        1
2275        3149        1        1
2275        3175        1        1
2249        3201        1        1
2223        3228        1        1
2223        3254        1        1
2196        3254        1        1
2196        3281        1        1
2170        3281        1        1
2143        3307        1        1
2117        3334        1        1
2090        3334        1        1
2064        3360        1        1
2037        3360        1        1
2011        3360        1        1
1984        3360        1        1
1958        3360        1        1
1931        3360        1        1
1905        3360        1        1
1879        3360        1        1
1852        3334        1        1
1826        3334        1        1
1799        3334        1        1
1773        3334        1        1
1746        3334        1        1
1720        3307        1        1
1667        3307        1        1
1640        3307        1        1
1614        3281        1        1
1588        3254        1        1
1561        3254        1        1
1561        3228        1        1
1535        3201        1        1
1508        3175        1        1
1482        3149        1        1
1455        3122        1        1
1429        3096        1        1
1402        3069        1        1
1376        3043        1        1
1376        3016        1        1
1349        2990        1        1
1323        2963        1        1
1323        2937        1        1
1296        2937        1        1
1296        2910        1        1
1270        2884        1        1
1244        2858        1        1
1244        2831        1        1
1217        2805        1        1
1217        2778        1        1
1217        2752        1        1
1191        2725        1        1
1191        2699        1        1
1191        2672        1        1
1164        2646        1        1
1164        2619        1        1
1164        2593        1        1
1164        2566        1        1
1164        2540        1        1
1138        2540        1        1
PEN_UP                  0
PEN_DOWN
1826        1614        1        2
1799        1614        1        2
1773        1614        1        2
1773        1640        1        2
1799        1640        1        2
1826        1640        1        2
1852        1640        1        2
1879        1640        1        2
1905        1640        1        2
1931        1640        1        2
1958        1640        1        2
1984        1640        1        2
2011        1640        1        2
2037        1640        1        2
2064        1640        1        2
2090        1640        1        2
2117        1640        1        2
2143        1640        1        2
2170        1640        1        2
2196        1640        1        2
2223        1640        1        2
2249        1640        1        2
2275        1640        1        2
2328        1640        1        2
2355        1640        1        2
2381        1614        1        2
2408        1614        1        2
2434        1614        1        2
2461        1614        1        2
2487        1614        1        2
2514        1614        1        2
2540        1614        1        2
2566        1614        1        2
2619        1614        1        2
2646        1614        1        2
2672        1614        1        2
2699        1614        1        2
2725        1614        1        2
2752        1614        1        2
2805        1614        1        2
2831        1614        1        2
2858        1614        1        2
2910        1614        1        2
2937        1614        1        2
2990        1614        1        2
3016        1588        1        2
3043        1588        1        2
3069        1588        1        2
3122        1588        1        2
3149        1588        1        2
3175        1588        1        2
3201        1588        1        2
3228        1588        1        2
3228        1561        1        2
3201        1561        1        2
3175        1561        1        2
PEN_UP                  0
END_CHARACTER: TR
