CHARACTER_NAME: NTT
STROKE_COUNT: 3
  X           Y   STYLUS_STATE STROKE
PEN_DOWN
1773        2090        1        1
1773        2064        1        1
1773        2090        1        1
1746        2090        1        1
1720        2090        1        1
1720        2064        1        1
1720        2037        1        1
1746        2037        1        1
1746        2011        1        1
1773        2011        1        1
1799        2037        1        1
1826        2064        1        1
1826        2090        1        1
1799        2117        1        1
1773        2090        1        1
1773        2064        1        1
1799        2064        1        1
1799        2037        1        1
1826        2011        1        1
1852        2011        1        1
1852        2037        1        1
1879        2037        1        1
1879        2064        1        1
1879        2090        1        1
1879        2117        1        1
1852        2143        1        1
1852        2117        1        1
1826        2117        1        1
1826        2090        1        1
1826        2064        1        1
1852        2064        1        1
1852        2037        1        1
1879        2037        1        1
1879        2011        1        1
1905        2037        1        1
1931        2064        1        1
1931        2090        1        1
1931        2117        1        1
1905        2143        1        1
1905        2170        1        1
1879        2170        1        1
1879        2143        1        1
1852        2143        1        1
1879        2117        1        1
1879        2090        1        1
1905        2090        1        1
1931        2090        1        1
1931        2117        1        1
1931        2143        1        1
1905        2170        1        1
1879        2196        1        1
1852        2196        1        1
1826        2196        1        1
1799        2196        1        1
1773        2196        1        1
1746        2196        1        1
1720        2170        1        1
1693        2143        1        1
1667        2117        1        1
1667        2090        1        1
1667        2064        1        1
1667        2037        1        1
1667        2011        1        1
1667        1984        1        1
1693        1984        1        1
1693        1958        1        1
1693        1931        1        1
1720        1931        1        1
1720        1905        1        1
1746        1905        1        1
1746        1879        1        1
1773        1879        1        1
1799        1879        1        1
1826        1879        1        1
1852        1879        1        1
1879        1879        1        1
1905        1879        1        1
1931        1879        1        1
1958        1879        1        1
1984        1879        1        1
1984        1905        1        1
2011        1905        1        1
2037        1905        1        1
2064        1905        1        1
2064        1931        1        1
2090        1931        1        1
2090        1958        1        1
2117        1958        1        1
2143        1984        1        1
2170        1984        1        1
2170        2011        1        1
2196        2037        1        1
2196        2064        1        1
2223        2090        1        1
2223        2117        1        1
2223        2143        1        1
2249        2143        1        1
2249        2170        1        1
2275        2196        1        1
2275        2223        1        1
2275        2249        1        1
2302        2249        1        1
2302        2275        1        1
2302        2302        1        1
2302        2328        1        1
2302        2355        1        1
2328        2381        1        1
2328        2408        1        1
2328        2434        1        1
2328        2461        1        1
2355        2487        1        1
2355        2514        1        1
2381        2514        1        1
2381        2540        1        1
2408        2540        1        1
2434        2540        1        1
2461        2540        1        1
2487        2540        1        1
2514        2540        1        1
2540        2514        1        1
2566        2514        1        1
2593        2514        1        1
2593        2487        1        1
2619        2487        1        1
2646        2487        1        1
2646        2461        1        1
2672        2461        1        1
2699        2434        1        1
2699        2408        1        1
2725        2408        1        1
2725        2381        1        1
2752        2381        1        1
2752        2355        1        1
2778        2328        1        1
2778        2302        1        1
2805        2275        1        1
2805        2249        1        1
2805        2223        1        1
2831        2196        1        1
2831        2170        1        1
2831        2143        1        1
2831        2117        1        1
2831        2090        1        1
2831        2064        1        1
2831        2037        1        1
2831        2011        1        1
2831        1984        1        1
2831        1958        1        1
2831        1931        1        1
2831        1905        1        1
2831        1879        1        1
2805        1852        1        1
2805        1826        1        1
2805        1799        1        1
2778        1773        1        1
2778        1746        1        1
2778        1720        1        1
2752        1693        1        1
2752        1667        1        1
2752        1640        1        1
2725        1640        1        1
2725        1614        1        1
2725        1588        1        1
2699        1588        1        1
2672        1561        1        1
PEN_UP                  0
PEN_DOWN
2514        2619        1        2
2540        2619        1        2
2566        2646        1        2
2566        2672        1        2
2593        2672        1        2
2566        2699        1        2
2566        2725        1        2
2540        2725        1        2
2514        2725        1        2
2487        2725        1        2
2461        2699        1        2
2434        2672        1        2
2461        2646        1        2
2461        2619        1        2
2487        2619        1        2
2514        2619        1        2
2540        2646        1        2
2566        2646        1        2
2566        2672        1        2
2540        2699        1        2
2540        2725        1        2
2514        2725        1        2
2514        2752        1        2
2487        2752        1        2
2461        2752        1        2
2434        2725        1        2
2408        2725        1        2
2408        2699        1        2
2408        2672        1        2
2434        2672        1        2
2434        2646        1        2
2461        2646        1        2
2461        2619        1        2
2487        2619        1        2
2487        2646        1        2
2514        2646        1        2
2514        2672        1        2
2514        2699        1        2
2487        2699        1        2
2487        2725        1        2
2461        2725        1        2
2434        2752        1        2
2408        2752        1        2
2408        2725        1        2
2381        2725        1        2
2355        2725        1        2
2355        2699        1        2
2328        2699        1        2
2328        2672        1        2
2355        2672        1        2
2355        2646        1        2
2355        2619        1        2
2381        2619        1        2
2381        2593        1        2
2408        2593        1        2
2408        2566        1        2
2434        2566        1        2
2434        2540        1        2
2461        2540        1        2
2487        2540        1        2
2514        2540        1        2
2514        2514        1        2
2540        2514        1        2
2566        2514        1        2
2593        2514        1        2
2619        2514        1        2
2646        2514        1        2
2672        2540        1        2
2699        2540        1        2
2725        2540        1        2
2752        2566        1        2
2778        2566        1        2
2805        2593        1        2
2831        2593        1        2
2831        2619        1        2
2858        2619        1        2
2858        2646        1        2
2884        2672        1        2
2884        2699        1        2
2910        2725        1        2
2910        2752        1        2
2937        2778        1        2
2937        2805        1        2
2937        2831        1        2
2937        2858        1        2
2937        2884        1        2
2937        2910        1        2
2937        2937        1        2
2937        2963        1        2
2937        2990        1        2
2937        3043        1        2
2910        3069        1        2
2910        3096        1        2
2910        3122        1        2
2884        3175        1        2
2858        3201        1        2
2858        3228        1        2
2831        3254        1        2
2805        3281        1        2
2778        3307        1        2
2752        3334        1        2
2725        3334        1        2
2699        3360        1        2
2672        3387        1        2
2619        3387        1        2
2593        3413        1        2
2540        3413        1        2
2487        3440        1        2
2461        3440        1        2
2408        3440        1        2
2381        3440        1        2
2328        3440        1        2
2302        3440        1        2
2249        3440        1        2
2223        3440        1        2
2196        3413        1        2
2143        3413        1        2
2117        3413        1        2
2064        3387        1        2
2037        3387        1        2
1984        3360        1        2
1958        3334        1        2
1905        3334        1        2
1852        3307        1        2
1799        3281        1        2
1746        3254        1        2
1693        3228        1        2
1667        3175        1        2
1614        3149        1        2
1588        3122        1        2
1535        3096        1        2
1508        3043        1        2
1455        3016        1        2
1429        2990        1        2
1376        2937        1        2
1349        2910        1        2
1323        2884        1        2
1270        2831        1        2
1244        2805        1        2
1191        2778        1        2
1164        2725        1        2
1138        2699        1        2
1085        2672        1        2
1058        2646        1        2
1032        2593        1        2
1005        2566        1        2
 979        2540        1        2
 953        2514        1        2
 926        2487        1        2
 900        2461        1        2
 900        2434        1        2
 873        2408        1        2
 847        2381        1        2
 847        2355        1        2
 820        2328        1        2
 794        2302        1        2
 767        2275        1        2
 767        2249        1        2
 794        2249        1        2
 820        2249        1        2
 820        2223        1        2
PEN_UP                  0
PEN_DOWN
2011        1640        1        3
1984        1640        1        3
1958        1640        1        3
1931        1640        1        3
1931        1614        1        3
1931        1640        1        3
1958        1640        1        3
1984        1640        1        3
2011        1640        1        3
2037        1640        1        3
2064        1640        1        3
2090        1614        1        3
2143        1614        1        3
2170        1614        1        3
2223        1614        1        3
2275        1614        1        3
2328        1614        1        3
2381        1588        1        3
2461        1588        1        3
2514        1588        1        3
2593        1588        1        3
2646        1588        1        3
2725        1588        1        3
2778        1588        1        3
2858        1561        1        3
2910        1561        1        3
2990        1561        1        3
3043        1561        1        3
3096        1561        1        3
3149        1561        1        3
3201        1561        1        3
3254        1561        1        3
3307        1535        1        3
3360        1535        1        3
3413        1535        1        3
3466        1535        1        3
3493        1535        1        3
3545        1535        1        3
3572        1535        1        3
3598        1508        1        3
3625        1508        1        3
3651        1508        1        3
3678        1508        1        3
3704        1508        1        3
3731        1508        1        3
3704        1508        1        3
3678        1508        1        3
PEN_UP                  0
END_CHARACTER: NTT
