CHARACTER_NAME: RRG
STROKE_COUNT: 4
  X           Y   STYLUS_STATE STROKE
PEN_DOWN
1905        1535        1        1
1905        1508        1        1
1879        1508        1        1
1879        1535        1        1
1879        1561        1        1
1879        1588        1        1
1879        1614        1        1
1852        1614        1        1
1852        1640        1        1
1852        1667        1        1
1852        1693        1        1
1852        1720        1        1
1852        1746        1        1
1852        1773        1        1
1852        1799        1        1
1852        1826        1        1
1852        1852        1        1
1852        1879        1        1
1852        1905        1        1
1852        1931        1        1
1852        1984        1        1
1852        2011        1        1
1852        2037        1        1
1852        2090        1        1
1852        2117        1        1
1852        2170        1        1
1852        2196        1        1
1852        2223        1        1
1852        2249        1        1
1852        2302        1        1
1852        2328        1        1
1852        2355        1        1
1852        2381        1        1
1852        2408        1        1
1852        2434        1        1
1852        2408        1        1
1879        2381        1        1
1879        2355        1        1
1905        2355        1        1
1905        2328        1        1
1905        2302        1        1
1931        2302        1        1
1931        2275        1        1
1958        2249        1        1
1958        2223        1        1
1984        2223        1        1
1984        2196        1        1
2011        2170        1        1
2011        2143        1        1
2037        2117        1        1
2064        2090        1        1
2090        2064        1        1
2117        2037        1        1
2143        2011        1        1
2170        2011        1        1
2170        1984        1        1
2196        1984        1        1
2196        1958        1        1
2223        1958        1        1
2249        1958        1        1
2275        1958        1        1
2302        1958        1        1
2328        1958        1        1
2355        1958        1        1
2355        1984        1        1
2381        1984        1        1
2408        1984        1        1
2434        2011        1        1
2461        2011        1        1
2487        2011        1        1
2487        2037        1        1
2514        2037        1        1
2540        2064        1        1
2540        2090        1        1
2566        2090        1        1
2593        2117        1        1
2593        2143        1        1
2619        2143        1        1
2619        2170        1        1
2646        2196        1        1
2646        2223        1        1
2646        2249        1        1
2672        2275        1        1
2672        2302        1        1
2672        2328        1        1
2672        2355        1        1
2672        2381        1        1
2699        2408        1        1
2699        2434        1        1
2672        2461        1        1
2672        2487        1        1
2672        2514        1        1
2672        2540        1        1
2646        2593        1        1
2646        2619        1        1
2619        2646        1        1
2619        2672        1        1
2593        2699        1        1
2593        2725        1        1
2566        2752        1        1
2540        2778        1        1
2540        2805        1        1
2514        2831        1        1
2514        2858        1        1
2487        2858        1        1
2461        2884        1        1
2461        2910        1        1
2434        2910        1        1
2408        2937        1        1
2381        2937        1        1
2381        2963        1        1
2355        2963        1        1
2328        2963        1        1
2302        2990        1        1
2275        2990        1        1
2249        2990        1        1
2196        2990        1        1
2170        2990        1        1
2143        3016        1        1
2117        2990        1        1
2064        2990        1        1
2037        2990        1        1
2011        2990        1        1
1984        2990        1        1
1958        2990        1        1
1931        2963        1        1
1905        2963        1        1
1879        2963        1        1
1852        2937        1        1
1826        2937        1        1
1799        2910        1        1
1773        2884        1        1
1746        2884        1        1
1693        2858        1        1
1667        2831        1        1
1640        2831        1        1
1614        2805        1        1
1588        2778        1        1
1561        2752        1        1
1535        2725        1        1
1482        2699        1        1
1455        2672        1        1
1429        2646        1        1
1402        2619        1        1
1376        2593        1        1
1376        2540        1        1
1349        2514        1        1
1323        2487        1        1
1296        2461        1        1
1270        2434        1        1
1270        2381        1        1
1244        2355        1        1
1217        2328        1        1
1191        2302        1        1
1191        2249        1        1
1164        2223        1        1
1138        2196        1        1
1138        2170        1        1
1111        2117        1        1
1085        2090        1        1
1085        2064        1        1
1058        2037        1        1
1058        2011        1        1
1058        1984        1        1
1032        1984        1        1
1032        1958        1        1
1032        1931        1        1
1032        1905        1        1
1032        1879        1        1
1032        1852        1        1
1032        1826        1        1
1032        1852        1        1
1058        1879        1        1
1058        1905        1        1
PEN_UP                  0
PEN_DOWN
1984        3387        1        2
1958        3387        1        2
1958        3360        1        2
1958        3334        1        2
1984        3334        1        2
1984        3307        1        2
2011        3307        1        2
2011        3334        1        2
2011        3360        1        2
1984        3360        1        2
1984        3334        1        2
1984        3307        1        2
1984        3281        1        2
1958        3281        1        2
1984        3254        1        2
1984        3281        1        2
2011        3281        1        2
2011        3307        1        2
2011        3334        1        2
2011        3360        1        2
1984        3360        1        2
1984        3334        1        2
1958        3334        1        2
1958        3307        1        2
1958        3281        1        2
1958        3307        1        2
1984        3307        1        2
1984        3334        1        2
1958        3307        1        2
PEN_UP                  0
PEN_DOWN
2646        2196        1        3
2672        2196        1        3
2672        2170        1        3
2699        2170        1        3
2699        2143        1        3
2725        2117        1        3
2725        2090        1        3
2725        2064        1        3
2752        2064        1        3
2752        2037        1        3
2752        2011        1        3
2752        1984        1        3
2752        1958        1        3
2752        1931        1        3
2752        1905        1        3
2725        1905        1        3
2725        1879        1        3
2725        1852        1        3
2725        1826        1        3
2699        1826        1        3
2699        1799        1        3
2672        1773        1        3
2646        1773        1        3
2646        1746        1        3
2619        1746        1        3
2593        1720        1        3
2566        1720        1        3
2540        1720        1        3
2540        1693        1        3
2514        1693        1        3
2487        1693        1        3
2461        1693        1        3
2434        1693        1        3
2408        1693        1        3
2381        1693        1        3
2355        1693        1        3
2355        1720        1        3
2328        1720        1        3
2302        1746        1        3
2275        1746        1        3
2275        1773        1        3
2249        1773        1        3
2249        1799        1        3
2223        1799        1        3
2223        1826        1        3
2196        1852        1        3
2196        1879        1        3
2170        1879        1        3
2196        1879        1        3
2196        1852        1        3
2196        1826        1        3
2196        1799        1        3
2196        1773        1        3
2196        1746        1        3
2196        1720        1        3
2223        1720        1        3
2223        1693        1        3
2223        1667        1        3
2223        1640        1        3
2223        1614        1        3
2249        1614        1        3
2249        1588        1        3
2249        1561        1        3
2275        1561        1        3
2275        1535        1        3
2302        1535        1        3
2302        1508        1        3
2328        1508        1        3
2328        1482        1        3
2355        1482        1        3
2381        1482        1        3
2408        1482        1        3
2434        1455        1        3
2461        1455        1        3
2487        1455        1        3
2514        1455        1        3
2540        1455        1        3
2566        1455        1        3
2593        1455        1        3
2619        1455        1        3
2646        1455        1        3
2672        1455        1        3
2699        1455        1        3
2725        1455        1        3
2752        1455        1        3
2778        1455        1        3
2805        1482        1        3
2831        1482        1        3
2858        1482        1        3
2884        1482        1        3
2884        1508        1        3
2910        1508        1        3
2937        1535        1        3
2937        1561        1        3
2963        1561        1        3
2963        1588        1        3
2963        1614        1        3
2990        1614        1        3
2990        1640        1        3
2990        1667        1        3
3016        1693        1        3
3016        1720        1        3
3016        1746        1        3
3043        1773        1        3
3043        1799        1        3
3043        1826        1        3
3043        1852        1        3
3069        1879        1        3
3069        1905        1        3
3069        1931        1        3
3069        1958        1        3
3069        2011        1        3
3096        2037        1        3
3096        2090        1        3
3096        2117        1        3
3096        2170        1        3
3096        2196        1        3
3096        2249        1        3
3096        2302        1        3
3096        2328        1        3
3096        2381        1        3
3096        2408        1        3
3096        2434        1        3
3096        2487        1        3
3096        2514        1        3
3096        2540        1        3
3096        2566        1        3
3122        2593        1        3
3122        2619        1        3
3122        2593        1        3
3096        2593        1        3
3122        2566        1        3
3122        2540        1        3
3122        2514        1        3
3122        2487        1        3
3122        2461        1        3
3122        2434        1        3
3122        2381        1        3
3122        2355        1        3
3122        2328        1        3
3122        2302        1        3
3122        2275        1        3
3122        2249        1        3
3122        2223        1        3
3122        2196        1        3
3122        2170        1        3
3149        2143        1        3
3149        2117        1        3
3149        2090        1        3
3149        2064        1        3
3149        2037        1        3
3149        2011        1        3
3149        1984        1        3
3149        1958        1        3
3149        1931        1        3
3149        1905        1        3
3149        1879        1        3
3149        1852        1        3
3149        1826        1        3
3149        1799        1        3
3149        1773        1        3
3122        1746        1        3
3122        1720        1        3
3122        1693        1        3
3122        1667        1        3
3122        1640        1        3
3122        1614        1        3
3122        1588        1        3
3122        1561        1        3
3122        1535        1        3
3122        1508        1        3
3122        1482        1        3
3149        1482        1        3
3122        1455        1        3
3122        1429        1        3
3122        1402        1        3
3122        1429        1        3
3149        1429        1        3
3149        1455        1        3
3149        1482        1        3
3149        1508        1        3
3149        1535        1        3
3149        1561        1        3
3149        1588        1        3
3149        1614        1        3
3149        1667        1        3
3149        1720        1        3
3149        1746        1        3
3149        1799        1        3
3149        1852        1        3
3149        1905        1        3
3149        1984        1        3
3149        2037        1        3
3149        2117        1        3
3122        2170        1        3
3122        2249        1        3
3122        2302        1        3
3122        2355        1        3
3122        2434        1        3
3122        2487        1        3
3122        2566        1        3
3122        2619        1        3
3122        2672        1        3
3122        2725        1        3
3149        2778        1        3
3149        2831        1        3
3149        2910        1        3
3149        2963        1        3
3149        3043        1        3
3149        3096        1        3
3149        3149        1        3
3149        3201        1        3
3149        3254        1        3
3149        3307        1        3
3149        3334        1        3
3149        3387        1        3
3149        3413        1        3
3149        3440        1        3
3149        3466        1        3
3149        3493        1        3
3149        3519        1        3
3149        3545        1        3
3149        3519        1        3
3122        3519        1        3
3122        3493        1        3
3122        3466        1        3
3122        3413        1        3
3122        3360        1        3
3096        3281        1        3
PEN_UP                  0
PEN_DOWN
1773        1323        1        4
1746        1323        1        4
1720        1323        1        4
1693        1323        1        4
1720        1323        1        4
1746        1323        1        4
1773        1296        1        4
1799        1296        1        4
1852        1296        1        4
1879        1296        1        4
1931        1296        1        4
1958        1296        1        4
1984        1296        1        4
2037        1296        1        4
2064        1296        1        4
2117        1296        1        4
2143        1323        1        4
2170        1323        1        4
2223        1323        1        4
2249        1323        1        4
2302        1323        1        4
2355        1323        1        4
2381        1323        1        4
2434        1296        1        4
2487        1296        1        4
2540        1296        1        4
2566        1296        1        4
2619        1296        1        4
2672        1296        1        4
2725        1296        1        4
2752        1296        1        4
2805        1296        1        4
2858        1296        1        4
2884        1296        1        4
2937        1296        1        4
2963        1296        1        4
2990        1296        1        4
3016        1296        1        4
3043        1296        1        4
3069        1296        1        4
3096        1296        1        4
3069        1296        1        4
3069        1270        1        4
PEN_UP                  0
END_CHARACTER: RRG
