CHARACTER_NAME: NDD
STROKE_COUNT: 2
  X           Y   STYLUS_STATE STROKE
PEN_DOWN
1429        2196        1        1
1429        2170        1        1
1455        2170        1        1
1455        2143        1        1
1482        2143        1        1
1482        2170        1        1
1482        2196        1        1
1482        2223        1        1
1455        2249        1        1
1429        2249        1        1
1429        2275        1        1
1402        2249        1        1
1376        2223        1        1
1402        2196        1        1
1402        2170        1        1
1402        2143        1        1
1429        2117        1        1
1455        2090        1        1
1482        2090        1        1
1508        2090        1        1
1508        2117        1        1
1508        2143        1        1
1508        2170        1        1
1508        2196        1        1
1508        2223        1        1
1482        2249        1        1
1455        2275        1        1
1429        2275        1        1
1402        2275        1        1
1402        2249        1        1
1402        2223        1        1
1402        2196        1        1
1429        2196        1        1
1429        2143        1        1
1455        2143        1        1
1455        2117        1        1
1482        2117        1        1
1482        2090        1        1
1508        2090        1        1
1508        2117        1        1
1508        2143        1        1
1535        2143        1        1
1535        2170        1        1
1535        2196        1        1
1508        2196        1        1
1508        2223        1        1
1508        2249        1        1
1482        2223        1        1
1482        2196        1        1
1482        2170        1        1
1508        2170        1        1
1508        2196        1        1
1508        2223        1        1
1508        2249        1        1
1482        2249        1        1
1482        2275        1        1
1455        2275        1        1
1429        2275        1        1
1402        2275        1        1
1376        2275        1        1
1349        2275        1        1
1323        2249        1        1
1296        2249        1        1
1296        2223        1        1
1270        2223        1        1
1270        2196        1        1
1244        2170        1        1
1244        2143        1        1
1244        2117        1        1
1244        2090        1        1
1244        2064        1        1
1270        2064        1        1
1270        2037        1        1
1270        2011        1        1
1296        2011        1        1
1296        1984        1        1
1323        1984        1        1
1323        1958        1        1
1349        1958        1        1
1376        1931        1        1
1402        1931        1        1
1429        1931        1        1
1455        1931        1        1
1482        1931        1        1
1508        1931        1        1
1535        1931        1        1
1561        1931        1        1
1588        1931        1        1
1614        1931        1        1
1640        1931        1        1
1667        1958        1        1
1693        1958        1        1
1720        1958        1        1
1746        1984        1        1
1773        1984        1        1
1799        2011        1        1
1826        2011        1        1
1852        2037        1        1
1879        2037        1        1
1905        2064        1        1
1931        2090        1        1
1958        2117        1        1
1984        2143        1        1
1984        2170        1        1
2011        2170        1        1
2011        2196        1        1
2037        2223        1        1
2037        2249        1        1
2064        2275        1        1
2064        2302        1        1
2090        2328        1        1
2090        2355        1        1
2090        2381        1        1
2090        2408        1        1
2090        2434        1        1
2117        2434        1        1
2117        2461        1        1
2117        2487        1        1
2117        2461        1        1
2117        2434        1        1
2117        2408        1        1
2117        2381        1        1
2117        2355        1        1
2117        2328        1        1
2117        2302        1        1
2117        2275        1        1
2117        2249        1        1
2117        2223        1        1
2117        2196        1        1
2117        2170        1        1
2117        2143        1        1
2090        2117        1        1
2090        2090        1        1
2090        2064        1        1
2090        2037        1        1
2090        2011        1        1
2090        1984        1        1
2090        1958        1        1
2090        1931        1        1
2090        1905        1        1
2090        1879        1        1
2090        1852        1        1
2090        1826        1        1
2064        1799        1        1
2064        1773        1        1
2064        1746        1        1
2064        1720        1        1
2064        1693        1        1
2064        1667        1        1
2064        1640        1        1
2064        1667        1        1
2064        1693        1        1
2064        1720        1        1
2064        1746        1        1
2064        1773        1        1
2064        1799        1        1
2064        1826        1        1
2064        1852        1        1
2064        1879        1        1
2064        1905        1        1
2064        1958        1        1
2064        1984        1        1
2064        2011        1        1
2064        2037        1        1
2064        2090        1        1
2064        2117        1        1
2064        2143        1        1
2064        2196        1        1
2064        2223        1        1
2064        2275        1        1
2064        2302        1        1
2064        2355        1        1
2064        2381        1        1
2064        2408        1        1
2064        2461        1        1
2064        2487        1        1
2064        2514        1        1
2064        2566        1        1
2090        2593        1        1
2090        2619        1        1
2090        2646        1        1
2090        2672        1        1
2090        2699        1        1
2064        2725        1        1
2064        2752        1        1
2064        2778        1        1
2064        2805        1        1
2064        2831        1        1
2064        2858        1        1
2064        2884        1        1
2064        2910        1        1
2064        2937        1        1
2090        2963        1        1
2090        2990        1        1
2090        3016        1        1
2090        3043        1        1
2090        3016        1        1
2090        2990        1        1
2090        2963        1        1
2117        2937        1        1
2117        2910        1        1
2117        2884        1        1
2143        2884        1        1
2143        2858        1        1
2143        2831        1        1
2143        2805        1        1
2170        2805        1        1
2170        2778        1        1
2196        2752        1        1
2196        2725        1        1
2196        2699        1        1
2223        2699        1        1
2223        2672        1        1
2249        2646        1        1
2249        2619        1        1
2275        2593        1        1
2302        2566        1        1
2302        2540        1        1
2328        2540        1        1
2328        2514        1        1
2355        2487        1        1
2381        2487        1        1
2381        2461        1        1
2408        2434        1        1
2434        2434        1        1
2461        2408        1        1
2487        2381        1        1
2514        2355        1        1
2514        2328        1        1
2540        2302        1        1
2566        2302        1        1
2593        2275        1        1
2619        2249        1        1
2672        2249        1        1
2699        2223        1        1
2725        2196        1        1
2752        2196        1        1
2778        2170        1        1
2805        2170        1        1
2831        2143        1        1
2858        2143        1        1
2884        2117        1        1
2884        2143        1        1
2858        2143        1        1
2858        2170        1        1
2858        2196        1        1
2831        2196        1        1
2831        2223        1        1
2805        2249        1        1
2805        2275        1        1
2778        2302        1        1
2752        2328        1        1
2752        2355        1        1
2725        2408        1        1
2699        2434        1        1
2672        2461        1        1
2672        2487        1        1
2646        2514        1        1
2619        2566        1        1
2619        2593        1        1
2593        2619        1        1
2593        2646        1        1
2566        2699        1        1
2566        2725        1        1
2540        2778        1        1
2540        2805        1        1
2514        2858        1        1
2514        2910        1        1
2514        2963        1        1
2514        2990        1        1
2487        3043        1        1
2487        3096        1        1
2487        3149        1        1
2514        3201        1        1
2514        3254        1        1
2514        3307        1        1
2514        3360        1        1
2514        3413        1        1
2540        3466        1        1
2540        3519        1        1
2566        3545        1        1
2566        3598        1        1
2593        3651        1        1
2593        3678        1        1
2619        3704        1        1
2646        3757        1        1
2672        3784        1        1
2672        3810        1        1
2699        3836        1        1
2725        3863        1        1
2752        3863        1        1
2805        3889        1        1
2831        3916        1        1
2858        3916        1        1
2910        3942        1        1
2937        3942        1        1
2990        3969        1        1
3016        3969        1        1
3043        3995        1        1
3069        3995        1        1
3122        4022        1        1
3149        4022        1        1
3175        4022        1        1
3175        4048        1        1
3201        4048        1        1
3201        4022        1        1
3175        3995        1        1
3175        3969        1        1
3149        3942        1        1
PEN_UP                  0
PEN_DOWN
1879        1535        1        2
1852        1535        1        2
1879        1561        1        2
1905        1561        1        2
1931        1535        1        2
1958        1535        1        2
1984        1535        1        2
2011        1535        1        2
2037        1535        1        2
2064        1535        1        2
2117        1535        1        2
2143        1535        1        2
2196        1508        1        2
2249        1508        1        2
2302        1508        1        2
2355        1508        1        2
2408        1508        1        2
2487        1508        1        2
2540        1508        1        2
2619        1508        1        2
2672        1482        1        2
2725        1482        1        2
2778        1482        1        2
2831        1482        1        2
2884        1482        1        2
2937        1482        1        2
2963        1482        1        2
2990        1482        1        2
3016        1482        1        2
3043        1482        1        2
3069        1482        1        2
3043        1482        1        2
3016        1482        1        2
PEN_UP                  0
END_CHARACTER: NDD
