CHARACTER_NAME: NTH
STROKE_COUNT: 2
  X           Y   STYLUS_STATE STROKE
PEN_DOWN
1323        1376        1        1
1323        1402        1        1
1296        1402        1        1
1270        1402        1        1
1270        1376        1        1
1270        1349        1        1
1296        1349        1        1
1296        1323        1        1
1323        1323        1        1
1349        1296        1        1
1376        1296        1        1
1402        1296        1        1
1429        1296        1        1
1455        1296        1        1
1482        1323        1        1
1508        1349        1        1
1482        1349        1        1
1482        1376        1        1
1455        1402        1        1
1429        1402        1        1
1402        1402        1        1
1402        1376        1        1
1376        1376        1        1
1376        1349        1        1
1376        1323        1        1
1402        1323        1        1
1402        1296        1        1
1429        1270        1        1
1455        1270        1        1
1482        1296        1        1
1482        1323        1        1
1482        1349        1        1
1482        1376        1        1
1455        1402        1        1
1429        1376        1        1
1429        1349        1        1
1455        1349        1        1
1455        1376        1        1
1455        1402        1        1
1429        1402        1        1
1402        1402        1        1
1402        1376        1        1
1429        1376        1        1
1429        1402        1        1
1402        1429        1        1
1376        1429        1        1
1349        1429        1        1
1323        1429        1        1
1323        1402        1        1
1296        1402        1        1
1296        1376        1        1
1296        1349        1        1
1296        1323        1        1
1323        1323        1        1
1323        1296        1        1
1349        1296        1        1
1349        1270        1        1
1376        1270        1        1
1402        1244        1        1
1429        1244        1        1
1429        1270        1        1
1455        1270        1        1
1482        1270        1        1
1508        1270        1        1
1508        1296        1        1
1535        1296        1        1
1561        1296        1        1
1588        1296        1        1
1614        1323        1        1
1640        1349        1        1
1667        1376        1        1
1693        1402        1        1
1693        1429        1        1
1720        1429        1        1
1720        1455        1        1
1720        1482        1        1
1746        1482        1        1
1746        1508        1        1
1746        1535        1        1
1746        1561        1        1
1773        1588        1        1
1773        1614        1        1
1773        1640        1        1
1799        1667        1        1
1799        1693        1        1
1799        1720        1        1
1799        1746        1        1
1826        1773        1        1
1826        1799        1        1
1826        1826        1        1
1826        1852        1        1
1826        1879        1        1
1852        1879        1        1
1826        1879        1        1
1826        1852        1        1
1826        1826        1        1
1826        1799        1        1
1799        1799        1        1
1799        1773        1        1
1799        1746        1        1
1799        1720        1        1
1799        1693        1        1
1799        1667        1        1
1799        1640        1        1
1799        1614        1        1
1799        1588        1        1
1826        1561        1        1
1826        1535        1        1
1826        1508        1        1
1826        1482        1        1
1826        1455        1        1
1826        1402        1        1
1826        1376        1        1
1826        1349        1        1
1826        1323        1        1
1826        1296        1        1
1826        1270        1        1
1826        1244        1        1
1826        1217        1        1
1826        1191        1        1
1826        1164        1        1
1826        1138        1        1
1826        1111        1        1
1826        1085        1        1
1826        1058        1        1
1826        1032        1        1
1826        1005        1        1
1826         979        1        1
1826        1005        1        1
1826        1032        1        1
1826        1058        1        1
1826        1085        1        1
1826        1111        1        1
1826        1138        1        1
1826        1164        1        1
1826        1191        1        1
1826        1217        1        1
1826        1244        1        1
1852        1270        1        1
1852        1323        1        1
1852        1349        1        1
1852        1376        1        1
1852        1402        1        1
1852        1429        1        1
1879        1455        1        1
1879        1508        1        1
1879        1535        1        1
1879        1561        1        1
1879        1588        1        1
1905        1614        1        1
1905        1640        1        1
1905        1667        1        1
1905        1693        1        1
1905        1720        1        1
1905        1746        1        1
1905        1773        1        1
1905        1799        1        1
1905        1826        1        1
1905        1852        1        1
1905        1879        1        1
1905        1905        1        1
1931        1905        1        1
1905        1931        1        1
1905        1958        1        1
1905        1984        1        1
1905        2011        1        1
1905        2037        1        1
1931        2037        1        1
1931        2064        1        1
1931        2090        1        1
1905        2090        1        1
1879        2090        1        1
1852        2117        1        1
1826        2117        1        1
1799        2117        1        1
1799        2090        1        1
1773        2090        1        1
1773        2064        1        1
1746        2037        1        1
1746        2011        1        1
1746        1984        1        1
1746        1958        1        1
1746        1931        1        1
1746        1905        1        1
1773        1879        1        1
1799        1852        1        1
1826        1852        1        1
1852        1852        1        1
1852        1826        1        1
1879        1826        1        1
1879        1852        1        1
1905        1852        1        1
1905        1879        1        1
1905        1905        1        1
1879        1931        1        1
1852        1958        1        1
1826        1958        1        1
1799        1958        1        1
1799        1931        1        1
1773        1905        1        1
1773        1879        1        1
1799        1852        1        1
1799        1826        1        1
1826        1826        1        1
1826        1799        1        1
1826        1826        1        1
1852        1826        1        1
1852        1852        1        1
1879        1852        1        1
1879        1879        1        1
1879        1905        1        1
1852        1905        1        1
1852        1931        1        1
1826        1958        1        1
1799        1931        1        1
1773        1905        1        1
1773        1879        1        1
1773        1852        1        1
1799        1852        1        1
1799        1826        1        1
1826        1826        1        1
1852        1826        1        1
1852        1799        1        1
1879        1799        1        1
1905        1799        1        1
1931        1799        1        1
1958        1799        1        1
1984        1799        1        1
2011        1799        1        1
2037        1799        1        1
2037        1826        1        1
2064        1826        1        1
2090        1826        1        1
2117        1826        1        1
2117        1852        1        1
2143        1852        1        1
2170        1852        1        1
2196        1852        1        1
2196        1879        1        1
2223        1879        1        1
2249        1879        1        1
2249        1905        1        1
2275        1905        1        1
2275        1931        1        1
2302        1958        1        1
2302        1984        1        1
2302        2011        1        1
2302        2037        1        1
2302        2064        1        1
2302        2090        1        1
2302        2117        1        1
2302        2143        1        1
2302        2170        1        1
2302        2196        1        1
2275        2223        1        1
2275        2249        1        1
2275        2275        1        1
2249        2302        1        1
2249        2328        1        1
2223        2355        1        1
2196        2355        1        1
2170        2381        1        1
2143        2408        1        1
2117        2434        1        1
2090        2461        1        1
2064        2461        1        1
2037        2487        1        1
1984        2514        1        1
1958        2514        1        1
1931        2540        1        1
1879        2540        1        1
1852        2540        1        1
1826        2540        1        1
1799        2540        1        1
1773        2540        1        1
1773        2514        1        1
1746        2514        1        1
1720        2514        1        1
1720        2487        1        1
1693        2487        1        1
1693        2461        1        1
1693        2434        1        1
1693        2408        1        1
1720        2408        1        1
1720        2381        1        1
1746        2355        1        1
1773        2355        1        1
1799        2355        1        1
1799        2328        1        1
1826        2328        1        1
1852        2328        1        1
1879        2328        1        1
1905        2328        1        1
1931        2355        1        1
1958        2355        1        1
1984        2355        1        1
1984        2381        1        1
2011        2381        1        1
2037        2408        1        1
2064        2408        1        1
2064        2434        1        1
2090        2461        1        1
2117        2487        1        1
2143        2514        1        1
2170        2540        1        1
2170        2566        1        1
2196        2593        1        1
2223        2619        1        1
2223        2646        1        1
2249        2672        1        1
2275        2699        1        1
2275        2725        1        1
2302        2752        1        1
2328        2778        1        1
2328        2805        1        1
2355        2831        1        1
2381        2858        1        1
2381        2910        1        1
2408        2937        1        1
2434        2963        1        1
2461        3016        1        1
2487        3043        1        1
2514        3096        1        1
2540        3149        1        1
2566        3175        1        1
2593        3228        1        1
2619        3254        1        1
2646        3307        1        1
2672        3334        1        1
2699        3360        1        1
2699        3387        1        1
2725        3413        1        1
2752        3440        1        1
2752        3466        1        1
2778        3466        1        1
2778        3493        1        1
2805        3493        1        1
2778        3493        1        1
2778        3466        1        1
2752        3440        1        1
2725        3440        1        1
PEN_UP                  0
PEN_DOWN
1535         794        1        2
1535         820        1        2
1535         794        1        2
1561         794        1        2
1588         794        1        2
1640         794        1        2
1667         794        1        2
1720         794        1        2
1799         794        1        2
1852         794        1        2
1905         794        1        2
1984         794        1        2
2064         794        1        2
2143         794        1        2
2223         794        1        2
2302         767        1        2
2381         767        1        2
2434         767        1        2
2514         767        1        2
2566         767        1        2
2619         767        1        2
2646         767        1        2
2672         767        1        2
2699         767        1        2
2725         767        1        2
2752         767        1        2
2725         767        1        2
2725         794        1        2
2699         794        1        2
PEN_UP                  0
END_CHARACTER: NTH
