CHARACTER_NAME: NDH
STROKE_COUNT: 3
  X           Y   STYLUS_STATE STROKE
PEN_DOWN
1640        1376        1        1
1614        1376        1        1
1588        1376        1        1
1614        1402        1        1
1640        1402        1        1
1667        1402        1        1
1693        1402        1        1
1720        1402        1        1
1746        1402        1        1
1773        1402        1        1
1799        1429        1        1
1826        1429        1        1
1852        1429        1        1
1879        1429        1        1
1905        1429        1        1
1931        1429        1        1
1958        1429        1        1
1984        1429        1        1
2011        1429        1        1
2037        1429        1        1
2064        1429        1        1
2090        1429        1        1
2117        1429        1        1
2143        1429        1        1
2170        1429        1        1
2196        1429        1        1
2223        1429        1        1
2249        1429        1        1
2275        1429        1        1
2302        1429        1        1
2328        1429        1        1
2355        1429        1        1
2408        1429        1        1
2434        1429        1        1
2461        1429        1        1
2487        1429        1        1
2514        1429        1        1
2540        1429        1        1
2566        1429        1        1
2593        1429        1        1
2619        1429        1        1
2672        1429        1        1
2699        1429        1        1
2725        1429        1        1
2752        1429        1        1
2778        1429        1        1
2805        1429        1        1
2831        1429        1        1
2858        1429        1        1
2884        1429        1        1
2910        1429        1        1
2937        1429        1        1
2963        1429        1        1
2990        1402        1        1
3016        1402        1        1
3043        1402        1        1
3069        1402        1        1
3096        1402        1        1
3069        1402        1        1
PEN_UP                  0
PEN_DOWN
2328        1535        1        2
2302        1535        1        2
2275        1508        1        2
2302        1508        1        2
2275        1508        1        2
2302        1508        1        2
2302        1535        1        2
2302        1561        1        2
2302        1588        1        2
2302        1614        1        2
2328        1614        1        2
2328        1640        1        2
2328        1667        1        2
2328        1693        1        2
2328        1720        1        2
2328        1746        1        2
2328        1773        1        2
2328        1799        1        2
2355        1799        1        2
2355        1826        1        2
2355        1852        1        2
2355        1879        1        2
2355        1905        1        2
2355        1931        1        2
2355        1958        1        2
2381        1984        1        2
2381        2011        1        2
2381        2037        1        2
2381        2064        1        2
2381        2090        1        2
2408        2117        1        2
2408        2143        1        2
2408        2170        1        2
2408        2196        1        2
2408        2223        1        2
2408        2249        1        2
2408        2223        1        2
2408        2196        1        2
2408        2170        1        2
2408        2143        1        2
2381        2143        1        2
2381        2117        1        2
2381        2090        1        2
2381        2064        1        2
2381        2037        1        2
2381        2011        1        2
2381        1984        1        2
2381        1958        1        2
2381        1931        1        2
2381        1905        1        2
2381        1879        1        2
2355        1879        1        2
2355        1852        1        2
2355        1826        1        2
2355        1799        1        2
2355        1773        1        2
2328        1746        1        2
2328        1720        1        2
2302        1720        1        2
2275        1720        1        2
2249        1720        1        2
2249        1693        1        2
2249        1720        1        2
2223        1720        1        2
2196        1720        1        2
2170        1720        1        2
2143        1720        1        2
2117        1720        1        2
2117        1746        1        2
2090        1746        1        2
2064        1746        1        2
2064        1773        1        2
2037        1773        1        2
2011        1799        1        2
1984        1799        1        2
1984        1826        1        2
1984        1852        1        2
1958        1852        1        2
1958        1879        1        2
1958        1905        1        2
1958        1931        1        2
1958        1958        1        2
1984        1958        1        2
1984        1984        1        2
2011        2011        1        2
2037        2011        1        2
2037        1984        1        2
2064        1984        1        2
2064        1958        1        2
2037        1958        1        2
2037        1931        1        2
2037        1905        1        2
2037        1879        1        2
2011        1879        1        2
2011        1852        1        2
PEN_UP                  0
PEN_DOWN
2514        2223        1        3
2487        2223        1        3
2461        2223        1        3
2434        2223        1        3
2408        2223        1        3
2408        2196        1        3
2381        2196        1        3
2381        2223        1        3
2381        2249        1        3
2355        2275        1        3
2355        2302        1        3
2328        2328        1        3
2302        2355        1        3
2302        2381        1        3
2275        2408        1        3
2249        2434        1        3
2249        2461        1        3
2223        2487        1        3
2196        2514        1        3
2196        2540        1        3
2170        2566        1        3
2143        2593        1        3
2143        2619        1        3
2117        2619        1        3
2117        2646        1        3
2090        2646        1        3
2090        2672        1        3
2064        2672        1        3
2064        2699        1        3
2090        2699        1        3
2117        2699        1        3
2143        2699        1        3
2170        2699        1        3
2196        2725        1        3
2223        2725        1        3
2249        2752        1        3
2275        2778        1        3
2302        2805        1        3
2328        2831        1        3
2355        2831        1        3
2381        2884        1        3
2408        2910        1        3
2434        2937        1        3
2461        2963        1        3
2461        2990        1        3
2487        3016        1        3
2514        3043        1        3
2514        3069        1        3
2514        3043        1        3
2514        3016        1        3
2514        2990        1        3
2514        2963        1        3
2514        2937        1        3
2514        2910        1        3
2514        2884        1        3
2514        2858        1        3
2487        2831        1        3
2487        2805        1        3
2487        2752        1        3
2487        2725        1        3
2487        2699        1        3
2487        2672        1        3
2487        2646        1        3
2487        2619        1        3
2461        2593        1        3
2461        2566        1        3
2461        2540        1        3
2461        2514        1        3
2461        2487        1        3
2461        2461        1        3
2434        2434        1        3
2434        2408        1        3
2434        2381        1        3
2434        2355        1        3
2434        2328        1        3
2434        2302        1        3
2434        2275        1        3
2434        2249        1        3
2434        2223        1        3
2434        2196        1        3
2434        2170        1        3
2461        2170        1        3
2487        2170        1        3
2514        2170        1        3
2540        2170        1        3
2566        2170        1        3
2593        2170        1        3
2619        2170        1        3
2646        2170        1        3
2672        2170        1        3
2699        2170        1        3
2725        2196        1        3
2752        2196        1        3
2778        2196        1        3
2805        2196        1        3
2831        2196        1        3
2831        2223        1        3
2858        2223        1        3
2884        2223        1        3
2884        2249        1        3
2884        2275        1        3
2884        2302        1        3
2884        2328        1        3
2884        2355        1        3
2884        2381        1        3
2884        2408        1        3
2884        2461        1        3
2884        2487        1        3
2910        2540        1        3
2910        2593        1        3
2910        2619        1        3
2910        2672        1        3
2937        2725        1        3
2937        2778        1        3
2937        2805        1        3
2937        2858        1        3
2963        2910        1        3
2963        2963        1        3
2963        3016        1        3
2990        3069        1        3
2990        3122        1        3
2990        3149        1        3
2990        3175        1        3
2990        3201        1        3
2990        3228        1        3
2990        3254        1        3
2990        3228        1        3
2990        3201        1        3
2990        3175        1        3
2963        3149        1        3
PEN_UP                  0
END_CHARACTER: NDH
