CHARACTER_NAME: NNN
STROKE_COUNT: 3
  X           Y   STYLUS_STATE STROKE
PEN_DOWN
2355        1058        1        1
2355        1085        1        1
2381        1085        1        1
2381        1111        1        1
2381        1138        1        1
2381        1164        1        1
2381        1191        1        1
2381        1217        1        1
2408        1244        1        1
2408        1270        1        1
2408        1296        1        1
2408        1323        1        1
2408        1349        1        1
2408        1376        1        1
2408        1402        1        1
2408        1429        1        1
2408        1455        1        1
2408        1482        1        1
2408        1508        1        1
2408        1535        1        1
2408        1561        1        1
2434        1588        1        1
2434        1614        1        1
2434        1667        1        1
2434        1693        1        1
2434        1720        1        1
2434        1746        1        1
2461        1773        1        1
2461        1799        1        1
2461        1826        1        1
2487        1852        1        1
2487        1905        1        1
2487        1931        1        1
2487        1958        1        1
2514        2011        1        1
2514        2037        1        1
2514        2090        1        1
2514        2143        1        1
2540        2170        1        1
2540        2223        1        1
2540        2249        1        1
2540        2302        1        1
2566        2328        1        1
2566        2355        1        1
2566        2408        1        1
2566        2434        1        1
2566        2461        1        1
2566        2487        1        1
2566        2514        1        1
2566        2487        1        1
2566        2461        1        1
2566        2434        1        1
2566        2381        1        1
2566        2355        1        1
2540        2328        1        1
2540        2302        1        1
2540        2249        1        1
2540        2223        1        1
2540        2196        1        1
2540        2143        1        1
2514        2117        1        1
2514        2090        1        1
2514        2037        1        1
2514        2011        1        1
2514        1984        1        1
2514        1958        1        1
2487        1931        1        1
2487        1905        1        1
2487        1879        1        1
2487        1852        1        1
2461        1826        1        1
2461        1799        1        1
2461        1773        1        1
2434        1746        1        1
2408        1720        1        1
2408        1693        1        1
2381        1693        1        1
2381        1667        1        1
2355        1667        1        1
2355        1640        1        1
2328        1640        1        1
2302        1614        1        1
2275        1614        1        1
2249        1614        1        1
2223        1614        1        1
2196        1614        1        1
2170        1614        1        1
2143        1614        1        1
2117        1614        1        1
2090        1614        1        1
2064        1614        1        1
2064        1640        1        1
2037        1640        1        1
2011        1667        1        1
1984        1667        1        1
1984        1693        1        1
1958        1720        1        1
1958        1746        1        1
1931        1746        1        1
1931        1773        1        1
1905        1799        1        1
1931        1826        1        1
1931        1852        1        1
1958        1879        1        1
1984        1879        1        1
2011        1905        1        1
2011        1879        1        1
2037        1879        1        1
2064        1879        1        1
2090        1852        1        1
2090        1826        1        1
2090        1799        1        1
2090        1773        1        1
2064        1746        1        1
2037        1746        1        1
PEN_UP                  0
PEN_DOWN
2646        2461        1        2
2619        2461        1        2
2619        2487        1        2
2593        2487        1        2
2593        2514        1        2
2593        2540        1        2
2566        2540        1        2
2566        2566        1        2
2566        2540        1        2
2566        2514        1        2
2566        2487        1        2
2566        2461        1        2
2566        2434        1        2
2566        2408        1        2
2540        2381        1        2
2540        2355        1        2
2540        2328        1        2
2514        2328        1        2
2514        2302        1        2
2514        2275        1        2
2514        2249        1        2
2487        2223        1        2
2487        2196        1        2
2487        2170        1        2
2461        2170        1        2
2461        2143        1        2
2434        2117        1        2
2434        2090        1        2
2434        2064        1        2
2408        2064        1        2
2408        2037        1        2
2381        2037        1        2
2381        2011        1        2
2355        2011        1        2
2355        1984        1        2
2328        1984        1        2
2302        1958        1        2
2275        1958        1        2
2249        1958        1        2
2223        1958        1        2
2196        1958        1        2
2196        1984        1        2
2170        1984        1        2
2143        1984        1        2
2117        2011        1        2
2090        2011        1        2
2064        2037        1        2
2064        2064        1        2
2037        2090        1        2
2037        2117        1        2
2037        2143        1        2
2011        2170        1        2
2011        2196        1        2
2011        2223        1        2
2011        2249        1        2
2037        2275        1        2
2037        2302        1        2
2064        2302        1        2
2090        2302        1        2
2117        2275        1        2
2143        2275        1        2
2143        2249        1        2
2170        2249        1        2
2170        2223        1        2
2143        2223        1        2
2143        2196        1        2
2143        2170        1        2
PEN_UP                  0
PEN_DOWN
2037        1138        1        3
2011        1138        1        3
1984        1138        1        3
2011        1138        1        3
2037        1138        1        3
2064        1138        1        3
2090        1138        1        3
2117        1138        1        3
2143        1138        1        3
2170        1138        1        3
2196        1138        1        3
2249        1138        1        3
2275        1111        1        3
2328        1111        1        3
2381        1111        1        3
2434        1111        1        3
2487        1111        1        3
2566        1111        1        3
2619        1111        1        3
2672        1085        1        3
2725        1085        1        3
2778        1085        1        3
2831        1085        1        3
2858        1085        1        3
2910        1085        1        3
2910        1058        1        3
2937        1058        1        3
2963        1058        1        3
2963        1085        1        3
PEN_UP                  0
END_CHARACTER: NNN
