CHARACTER_NAME: NB
STROKE_COUNT: 3
  X           Y   STYLUS_STATE STROKE
PEN_DOWN
2381         979        1        1
2381         953        1        1
2381         979        1        1
2381        1005        1        1
2381        1032        1        1
2381        1058        1        1
2381        1085        1        1
2381        1111        1        1
2381        1138        1        1
2381        1164        1        1
2381        1191        1        1
2381        1217        1        1
2381        1244        1        1
2408        1270        1        1
2408        1296        1        1
2408        1323        1        1
2408        1349        1        1
2408        1376        1        1
2408        1402        1        1
2408        1429        1        1
2408        1455        1        1
2408        1508        1        1
2408        1535        1        1
2408        1561        1        1
2408        1588        1        1
2408        1640        1        1
2408        1667        1        1
2408        1693        1        1
2408        1720        1        1
2408        1773        1        1
2408        1799        1        1
2408        1852        1        1
2408        1879        1        1
2408        1931        1        1
2408        1958        1        1
2408        2011        1        1
2408        2064        1        1
2408        2090        1        1
2408        2143        1        1
2408        2170        1        1
2408        2223        1        1
2408        2249        1        1
2408        2302        1        1
2408        2328        1        1
2408        2355        1        1
2408        2381        1        1
2408        2408        1        1
2408        2434        1        1
2408        2461        1        1
2408        2487        1        1
2408        2514        1        1
2408        2540        1        1
2408        2566        1        1
2408        2593        1        1
2408        2566        1        1
2408        2540        1        1
2408        2514        1        1
2408        2487        1        1
2408        2434        1        1
2408        2408        1        1
2408        2381        1        1
2408        2355        1        1
2408        2302        1        1
2434        2275        1        1
2434        2249        1        1
2434        2196        1        1
2434        2170        1        1
2434        2143        1        1
2434        2117        1        1
2434        2090        1        1
2434        2064        1        1
2434        2037        1        1
2434        2011        1        1
2434        1984        1        1
2434        1958        1        1
2434        1931        1        1
2434        1905        1        1
2434        1879        1        1
2434        1852        1        1
2434        1826        1        1
2434        1799        1        1
2434        1773        1        1
2434        1746        1        1
2434        1720        1        1
2434        1693        1        1
2434        1667        1        1
2408        1640        1        1
2408        1614        1        1
2408        1588        1        1
2381        1588        1        1
2381        1561        1        1
2355        1561        1        1
2355        1535        1        1
2328        1535        1        1
2302        1535        1        1
2275        1535        1        1
2275        1508        1        1
2249        1508        1        1
2223        1508        1        1
2196        1508        1        1
2170        1508        1        1
2143        1508        1        1
2143        1482        1        1
2117        1482        1        1
2090        1482        1        1
2064        1482        1        1
2037        1482        1        1
2011        1482        1        1
1984        1482        1        1
1958        1508        1        1
1931        1508        1        1
1905        1508        1        1
1905        1535        1        1
1879        1535        1        1
1852        1561        1        1
1826        1561        1        1
1826        1588        1        1
1799        1588        1        1
1799        1614        1        1
1773        1614        1        1
1773        1640        1        1
1746        1640        1        1
1746        1667        1        1
1746        1693        1        1
1746        1720        1        1
1746        1746        1        1
1746        1773        1        1
1773        1773        1        1
1773        1799        1        1
1799        1799        1        1
1826        1826        1        1
1852        1826        1        1
1879        1826        1        1
1905        1826        1        1
1931        1826        1        1
1931        1799        1        1
1958        1773        1        1
1958        1746        1        1
1931        1720        1        1
1931        1693        1        1
1905        1667        1        1
1879        1640        1        1
1852        1640        1        1
1852        1667        1        1
PEN_UP                  0
PEN_DOWN
2434        1984        1        2
2434        1958        1        2
2408        1958        1        2
2381        1931        1        2
2381        1958        1        2
2355        1958        1        2
2355        1984        1        2
2328        1984        1        2
2302        2011        1        2
2275        2037        1        2
2275        2064        1        2
2249        2090        1        2
2223        2117        1        2
2223        2143        1        2
2196        2170        1        2
2170        2196        1        2
2143        2223        1        2
2117        2249        1        2
2117        2275        1        2
2090        2302        1        2
2064        2302        1        2
2037        2328        1        2
2011        2355        1        2
1984        2381        1        2
1958        2381        1        2
1984        2381        1        2
2011        2355        1        2
2011        2381        1        2
2037        2381        1        2
2064        2381        1        2
2090        2381        1        2
2117        2381        1        2
2143        2408        1        2
2143        2434        1        2
2170        2434        1        2
2196        2461        1        2
2223        2487        1        2
2249        2514        1        2
2275        2540        1        2
2275        2566        1        2
2302        2593        1        2
2328        2646        1        2
2355        2672        1        2
2381        2699        1        2
2381        2725        1        2
2408        2752        1        2
2434        2778        1        2
2434        2805        1        2
2461        2831        1        2
2461        2858        1        2
2487        2884        1        2
2487        2858        1        2
2487        2831        1        2
2487        2805        1        2
2487        2778        1        2
2487        2752        1        2
2487        2725        1        2
2487        2699        1        2
2487        2672        1        2
2487        2646        1        2
2487        2619        1        2
2487        2593        1        2
2487        2566        1        2
2487        2540        1        2
2487        2514        1        2
2487        2487        1        2
2487        2461        1        2
2487        2434        1        2
2514        2434        1        2
2514        2408        1        2
2514        2381        1        2
2487        2355        1        2
PEN_UP                  0
PEN_DOWN
2090         873        1        3
2064         873        1        3
2090         873        1        3
2117         873        1        3
2143         873        1        3
2170         873        1        3
2196         873        1        3
2249         873        1        3
2302         873        1        3
2381         873        1        3
2434         873        1        3
2514         873        1        3
2619         873        1        3
2699         873        1        3
2805         873        1        3
2884         873        1        3
2963         873        1        3
3043         873        1        3
3122         873        1        3
3175         873        1        3
3228         873        1        3
3254         873        1        3
3281         847        1        3
3307         847        1        3
3334         847        1        3
3334         873        1        3
PEN_UP                  0
END_CHARACTER: NB
