CHARACTER_NAME: NS
STROKE_COUNT: 3
  X           Y   STYLUS_STATE STROKE
PEN_DOWN
1614        1508        1        1
1614        1482        1        1
1640        1482        1        1
1640        1455        1        1
1667        1455        1        1
1693        1455        1        1
1720        1455        1        1
1746        1429        1        1
1773        1429        1        1
1799        1429        1        1
1826        1429        1        1
1852        1429        1        1
1879        1429        1        1
1905        1429        1        1
1931        1429        1        1
1958        1429        1        1
1984        1455        1        1
2011        1455        1        1
2037        1455        1        1
2037        1482        1        1
2064        1482        1        1
2090        1508        1        1
2117        1535        1        1
2117        1561        1        1
2143        1561        1        1
2143        1588        1        1
2143        1614        1        1
2170        1640        1        1
2170        1667        1        1
2196        1693        1        1
2196        1720        1        1
2196        1746        1        1
2196        1773        1        1
2170        1799        1        1
2170        1826        1        1
2170        1852        1        1
2170        1879        1        1
2143        1905        1        1
2143        1931        1        1
2143        1958        1        1
2117        2011        1        1
2117        2037        1        1
2090        2064        1        1
2064        2090        1        1
2037        2143        1        1
2011        2170        1        1
1984        2196        1        1
1958        2223        1        1
1931        2249        1        1
1905        2302        1        1
1879        2302        1        1
1826        2328        1        1
1799        2355        1        1
1746        2381        1        1
1720        2381        1        1
1667        2408        1        1
1640        2408        1        1
1614        2434        1        1
1588        2434        1        1
1535        2434        1        1
1508        2434        1        1
1482        2434        1        1
1455        2408        1        1
1429        2408        1        1
1402        2408        1        1
1402        2381        1        1
1376        2381        1        1
1349        2381        1        1
1323        2355        1        1
1296        2355        1        1
1296        2328        1        1
1270        2328        1        1
1244        2302        1        1
1217        2275        1        1
1244        2275        1        1
1244        2302        1        1
1270        2302        1        1
1270        2328        1        1
1296        2328        1        1
1323        2328        1        1
1349        2355        1        1
1376        2355        1        1
1402        2355        1        1
1429        2381        1        1
1455        2381        1        1
1482        2381        1        1
1508        2381        1        1
1535        2381        1        1
1561        2381        1        1
1588        2381        1        1
1614        2381        1        1
1640        2381        1        1
1667        2381        1        1
1693        2381        1        1
1720        2381        1        1
1746        2381        1        1
1773        2381        1        1
1799        2355        1        1
1826        2355        1        1
1852        2355        1        1
1879        2328        1        1
1905        2328        1        1
1905        2302        1        1
1931        2302        1        1
1931        2275        1        1
1958        2249        1        1
1958        2223        1        1
1984        2196        1        1
1984        2170        1        1
1984        2143        1        1
2011        2143        1        1
2011        2117        1        1
2011        2090        1        1
2037        2064        1        1
2037        2037        1        1
2064        2011        1        1
2090        1984        1        1
2117        1958        1        1
2143        1931        1        1
2170        1905        1        1
2196        1905        1        1
2223        1879        1        1
2249        1879        1        1
2275        1879        1        1
2302        1879        1        1
2328        1879        1        1
2355        1879        1        1
2355        1905        1        1
2381        1905        1        1
2381        1931        1        1
2408        1931        1        1
2408        1958        1        1
2434        1984        1        1
2434        2011        1        1
2461        2037        1        1
2461        2064        1        1
2461        2090        1        1
2461        2117        1        1
2461        2143        1        1
2461        2170        1        1
2487        2196        1        1
2487        2223        1        1
2487        2249        1        1
2487        2302        1        1
2487        2328        1        1
2487        2355        1        1
2514        2381        1        1
2514        2434        1        1
2514        2461        1        1
2514        2514        1        1
2514        2540        1        1
2540        2593        1        1
2540        2619        1        1
2540        2672        1        1
2566        2725        1        1
2566        2752        1        1
2566        2805        1        1
2593        2831        1        1
2593        2884        1        1
2593        2910        1        1
2619        2937        1        1
2619        2963        1        1
2619        2990        1        1
2619        3016        1        1
2646        3016        1        1
2646        3043        1        1
2646        3069        1        1
2646        3043        1        1
2646        3016        1        1
2646        2990        1        1
2646        2963        1        1
2672        2937        1        1
2672        2910        1        1
2672        2884        1        1
2672        2831        1        1
2672        2778        1        1
2672        2752        1        1
2672        2699        1        1
2672        2646        1        1
2672        2593        1        1
2672        2566        1        1
2672        2514        1        1
2672        2461        1        1
2672        2408        1        1
2672        2355        1        1
2672        2302        1        1
2672        2249        1        1
2672        2196        1        1
2672        2143        1        1
2672        2090        1        1
2672        2037        1        1
2672        1984        1        1
2672        1958        1        1
2672        1905        1        1
2672        1852        1        1
2672        1826        1        1
2672        1773        1        1
2672        1720        1        1
2672        1693        1        1
2672        1640        1        1
2672        1588        1        1
2672        1561        1        1
2672        1508        1        1
2672        1482        1        1
2699        1429        1        1
2699        1402        1        1
2699        1376        1        1
2699        1349        1        1
2699        1323        1        1
2699        1296        1        1
2699        1270        1        1
2699        1244        1        1
2699        1270        1        1
2699        1296        1        1
2672        1296        1        1
PEN_UP                  0
PEN_DOWN
1429        1429        1        2
1402        1402        1        2
1429        1402        1        2
1455        1402        1        2
1455        1429        1        2
1482        1429        1        2
1508        1429        1        2
1561        1429        1        2
1588        1429        1        2
1640        1402        1        2
1720        1402        1        2
1773        1402        1        2
1852        1402        1        2
1931        1376        1        2
2011        1376        1        2
2117        1376        1        2
2223        1349        1        2
2328        1349        1        2
2434        1349        1        2
2540        1323        1        2
2646        1323        1        2
2725        1296        1        2
2831        1296        1        2
2910        1296        1        2
2963        1296        1        2
3043        1296        1        2
3069        1270        1        2
3122        1270        1        2
3149        1270        1        2
3175        1270        1        2
3201        1270        1        2
3175        1296        1        2
3149        1296        1        2
PEN_UP                  0
PEN_DOWN
2064        2117        1        3
2064        2090        1        3
2037        2090        1        3
2037        2064        1        3
2011        2037        1        3
2011        2011        1        3
1984        1984        1        3
1958        1958        1        3
1931        1931        1        3
1931        1905        1        3
1905        1905        1        3
1879        1879        1        3
1852        1852        1        3
1826        1852        1        3
1799        1852        1        3
1773        1826        1        3
1746        1826        1        3
1720        1826        1        3
1693        1852        1        3
1667        1852        1        3
1640        1852        1        3
1614        1852        1        3
1588        1879        1        3
1561        1879        1        3
1535        1879        1        3
1508        1905        1        3
1482        1905        1        3
1455        1931        1        3
1429        1931        1        3
1402        1958        1        3
1402        1984        1        3
1402        2011        1        3
1402        2037        1        3
1402        2064        1        3
1429        2064        1        3
1429        2090        1        3
1455        2090        1        3
1482        2090        1        3
1508        2064        1        3
1535        2064        1        3
1535        2037        1        3
1561        2011        1        3
1561        1984        1        3
1561        1958        1        3
1535        1958        1        3
1535        1931        1        3
1535        1958        1        3
1561        1958        1        3
PEN_UP                  0
END_CHARACTER: NS
