CHARACTER_NAME: NM
STROKE_COUNT: 3
  X           Y   STYLUS_STATE STROKE
PEN_DOWN
1984        1349        1        1
1984        1376        1        1
2011        1402        1        1
2011        1429        1        1
2011        1455        1        1
2011        1482        1        1
2037        1482        1        1
2037        1508        1        1
2037        1535        1        1
2037        1561        1        1
2037        1588        1        1
2037        1614        1        1
2064        1640        1        1
2064        1667        1        1
2064        1693        1        1
2064        1720        1        1
2064        1746        1        1
2064        1773        1        1
2064        1799        1        1
2064        1826        1        1
2090        1852        1        1
2090        1879        1        1
2090        1905        1        1
2090        1931        1        1
2090        1958        1        1
2090        1984        1        1
2090        2011        1        1
2064        2037        1        1
2064        2090        1        1
2064        2117        1        1
2064        2143        1        1
2064        2170        1        1
2037        2196        1        1
2037        2223        1        1
2037        2249        1        1
2011        2302        1        1
2011        2328        1        1
1984        2355        1        1
1984        2381        1        1
1984        2408        1        1
1958        2434        1        1
1931        2461        1        1
1905        2461        1        1
1905        2487        1        1
1879        2487        1        1
1852        2487        1        1
1826        2514        1        1
1799        2514        1        1
1773        2514        1        1
1746        2514        1        1
1720        2487        1        1
1693        2487        1        1
1667        2487        1        1
1640        2487        1        1
1640        2461        1        1
1614        2461        1        1
1614        2434        1        1
1614        2408        1        1
1588        2408        1        1
1614        2381        1        1
1614        2355        1        1
1614        2328        1        1
1614        2302        1        1
1640        2275        1        1
1640        2249        1        1
1667        2223        1        1
1693        2196        1        1
1720        2196        1        1
1746        2196        1        1
1773        2196        1        1
1799        2196        1        1
1826        2196        1        1
1852        2223        1        1
1879        2223        1        1
1905        2223        1        1
1905        2249        1        1
1931        2249        1        1
1958        2275        1        1
1984        2275        1        1
1984        2302        1        1
2011        2302        1        1
2037        2328        1        1
2064        2355        1        1
2064        2381        1        1
2090        2408        1        1
2117        2434        1        1
2143        2434        1        1
2170        2461        1        1
2170        2487        1        1
2196        2540        1        1
2223        2566        1        1
2223        2593        1        1
2249        2619        1        1
2275        2646        1        1
2302        2672        1        1
2328        2725        1        1
2328        2752        1        1
2355        2805        1        1
2381        2831        1        1
2408        2884        1        1
2408        2910        1        1
2434        2963        1        1
2461        3016        1        1
2461        3043        1        1
2487        3096        1        1
2514        3122        1        1
2514        3175        1        1
2540        3201        1        1
2540        3228        1        1
2566        3254        1        1
2566        3281        1        1
2566        3307        1        1
2593        3334        1        1
2593        3360        1        1
2619        3360        1        1
2619        3334        1        1
2619        3307        1        1
2619        3281        1        1
2593        3254        1        1
2593        3201        1        1
2593        3175        1        1
2593        3122        1        1
2593        3069        1        1
2566        3043        1        1
2566        2990        1        1
2566        2937        1        1
2540        2884        1        1
2540        2858        1        1
2540        2805        1        1
2540        2752        1        1
2540        2699        1        1
2514        2672        1        1
2514        2619        1        1
2514        2593        1        1
2514        2540        1        1
2514        2487        1        1
2514        2461        1        1
2514        2408        1        1
2514        2381        1        1
2514        2328        1        1
2514        2302        1        1
2514        2249        1        1
2514        2223        1        1
2514        2170        1        1
2514        2143        1        1
2514        2090        1        1
2487        2064        1        1
2487        2011        1        1
2487        1984        1        1
2487        1958        1        1
2487        1905        1        1
2487        1879        1        1
2487        1852        1        1
2487        1826        1        1
2487        1799        1        1
2487        1773        1        1
2487        1746        1        1
2487        1720        1        1
2487        1693        1        1
2487        1667        1        1
2487        1640        1        1
2487        1614        1        1
2487        1588        1        1
2487        1561        1        1
2514        1535        1        1
2487        1535        1        1
2461        1535        1        1
PEN_UP                  0
PEN_DOWN
1561        1429        1        2
1535        1429        1        2
1561        1402        1        2
1588        1402        1        2
1614        1402        1        2
1640        1402        1        2
1667        1402        1        2
1693        1402        1        2
1746        1376        1        2
1773        1376        1        2
1826        1376        1        2
1879        1376        1        2
1931        1376        1        2
1984        1349        1        2
2037        1349        1        2
2117        1349        1        2
2196        1349        1        2
2249        1323        1        2
2328        1323        1        2
2434        1323        1        2
2514        1296        1        2
2593        1296        1        2
2672        1296        1        2
2725        1296        1        2
2805        1270        1        2
2858        1270        1        2
2910        1270        1        2
2937        1270        1        2
2963        1244        1        2
2990        1244        1        2
3016        1244        1        2
3043        1244        1        2
3069        1244        1        2
3043        1244        1        2
3016        1270        1        2
PEN_UP                  0
PEN_DOWN
1984        2117        1        3
1984        2090        1        3
2011        2090        1        3
2011        2064        1        3
2011        2037        1        3
2011        2011        1        3
2011        1984        1        3
1984        1984        1        3
1984        1958        1        3
1984        1931        1        3
1958        1905        1        3
1931        1905        1        3
1931        1879        1        3
1905        1879        1        3
1879        1852        1        3
1852        1826        1        3
1826        1826        1        3
1799        1826        1        3
1773        1799        1        3
1746        1799        1        3
1720        1799        1        3
1693        1799        1        3
1667        1799        1        3
1640        1773        1        3
1588        1773        1        3
1561        1773        1        3
1535        1773        1        3
1508        1773        1        3
1455        1799        1        3
1429        1799        1        3
1402        1799        1        3
1376        1799        1        3
1349        1799        1        3
1323        1799        1        3
1296        1799        1        3
1270        1799        1        3
1244        1826        1        3
1217        1826        1        3
1191        1826        1        3
1191        1852        1        3
1217        1879        1        3
1244        1879        1        3
1270        1879        1        3
1296        1852        1        3
1323        1852        1        3
1349        1852        1        3
1376        1852        1        3
1402        1826        1        3
1429        1799        1        3
1402        1773        1        3
PEN_UP                  0
END_CHARACTER: NM
