CHARACTER_NAME: OI
STROKE_COUNT: 2
  X           Y   STYLUS_STATE STROKE
PEN_DOWN
1799        1614        1        1
1773        1614        1        1
1799        1614        1        1
1799        1640        1        1
1799        1667        1        1
1773        1667        1        1
1773        1640        1        1
1799        1640        1        1
1799        1667        1        1
1773        1667        1        1
1746        1640        1        1
1746        1614        1        1
1746        1588        1        1
1773        1588        1        1
1773        1561        1        1
1799        1535        1        1
1799        1508        1        1
1826        1508        1        1
1852        1482        1        1
1879        1455        1        1
1905        1455        1        1
1905        1429        1        1
1931        1429        1        1
1958        1429        1        1
1984        1429        1        1
2011        1429        1        1
2037        1429        1        1
2037        1455        1        1
2064        1455        1        1
2090        1455        1        1
2117        1455        1        1
2117        1482        1        1
2143        1482        1        1
2143        1508        1        1
2170        1508        1        1
2196        1508        1        1
2196        1535        1        1
2223        1535        1        1
2223        1561        1        1
2249        1588        1        1
2249        1614        1        1
2249        1640        1        1
2275        1667        1        1
2249        1667        1        1
2275        1693        1        1
2275        1720        1        1
2249        1746        1        1
2275        1746        1        1
2275        1773        1        1
2249        1773        1        1
2249        1799        1        1
2249        1826        1        1
2223        1852        1        1
2223        1879        1        1
2223        1905        1        1
2196        1905        1        1
2196        1931        1        1
2170        1958        1        1
2170        1984        1        1
2170        2011        1        1
2143        2037        1        1
2143        2064        1        1
2143        2090        1        1
2143        2117        1        1
2143        2143        1        1
2117        2143        1        1
2117        2170        1        1
2117        2196        1        1
2117        2223        1        1
2117        2249        1        1
2117        2275        1        1
2117        2302        1        1
2117        2328        1        1
2117        2355        1        1
2117        2381        1        1
2090        2381        1        1
2117        2408        1        1
2117        2434        1        1
2117        2461        1        1
2090        2487        1        1
2090        2514        1        1
2090        2540        1        1
2090        2566        1        1
2117        2566        1        1
2117        2593        1        1
2117        2619        1        1
2117        2646        1        1
2117        2672        1        1
2117        2699        1        1
2117        2725        1        1
2117        2752        1        1
2117        2778        1        1
2117        2805        1        1
2117        2831        1        1
2143        2831        1        1
2143        2858        1        1
2143        2884        1        1
2143        2910        1        1
2143        2937        1        1
2143        2963        1        1
2143        2990        1        1
2143        3016        1        1
2143        3043        1        1
2143        3069        1        1
2143        3043        1        1
2143        3016        1        1
2143        2990        1        1
2117        2990        1        1
2117        2963        1        1
2117        2937        1        1
2117        2910        1        1
2090        2910        1        1
2090        2884        1        1
2064        2858        1        1
2064        2831        1        1
2037        2831        1        1
2011        2805        1        1
1984        2805        1        1
1958        2805        1        1
1931        2831        1        1
1905        2831        1        1
1879        2831        1        1
1852        2831        1        1
1826        2831        1        1
1799        2858        1        1
1773        2858        1        1
1746        2884        1        1
1720        2884        1        1
1693        2910        1        1
1667        2910        1        1
1667        2937        1        1
1640        2937        1        1
1614        2937        1        1
1588        2963        1        1
1561        2963        1        1
1535        2990        1        1
1508        2990        1        1
1482        2990        1        1
1455        3016        1        1
1429        3016        1        1
1402        3016        1        1
1376        3016        1        1
1349        3016        1        1
1323        3016        1        1
1296        3016        1        1
1270        3016        1        1
1244        3016        1        1
1217        3016        1        1
1191        2990        1        1
1164        2990        1        1
1138        2990        1        1
1111        2990        1        1
1085        2963        1        1
1058        2963        1        1
1032        2937        1        1
1005        2910        1        1
 979        2884        1        1
 979        2858        1        1
 953        2858        1        1
 926        2831        1        1
 926        2805        1        1
 900        2778        1        1
 900        2752        1        1
 873        2725        1        1
 873        2699        1        1
 873        2672        1        1
 847        2646        1        1
 847        2619        1        1
 847        2593        1        1
 873        2566        1        1
PEN_UP                  0
PEN_DOWN
2223        2514        1        2
2223        2487        1        2
2223        2461        1        2
2223        2434        1        2
2223        2408        1        2
2249        2408        1        2
2249        2381        1        2
2275        2381        1        2
2275        2355        1        2
2275        2328        1        2
2302        2328        1        2
2302        2302        1        2
2328        2302        1        2
2355        2275        1        2
2381        2249        1        2
2408        2249        1        2
2408        2223        1        2
2434        2223        1        2
2461        2223        1        2
2461        2196        1        2
2487        2196        1        2
2514        2196        1        2
2540        2170        1        2
2566        2143        1        2
2593        2143        1        2
2619        2143        1        2
2646        2143        1        2
2646        2117        1        2
2672        2117        1        2
2699        2117        1        2
2699        2090        1        2
2725        2090        1        2
2752        2090        1        2
2778        2064        1        2
2805        2064        1        2
2831        2037        1        2
2858        2011        1        2
2884        2011        1        2
2910        1984        1        2
2937        1984        1        2
2963        1958        1        2
2990        1958        1        2
2990        1931        1        2
3016        1931        1        2
3043        1905        1        2
3069        1879        1        2
3096        1852        1        2
3096        1826        1        2
3096        1799        1        2
3096        1773        1        2
3122        1746        1        2
3122        1720        1        2
3122        1693        1        2
3122        1667        1        2
3122        1640        1        2
3122        1614        1        2
3122        1588        1        2
3096        1561        1        2
3096        1535        1        2
3096        1508        1        2
3069        1482        1        2
3069        1455        1        2
3043        1429        1        2
3043        1402        1        2
3016        1376        1        2
2990        1349        1        2
2963        1323        1        2
2937        1296        1        2
2910        1270        1        2
2884        1270        1        2
2858        1244        1        2
2831        1244        1        2
2805        1217        1        2
2778        1191        1        2
2725        1191        1        2
2699        1164        1        2
2672        1164        1        2
2646        1138        1        2
2619        1138        1        2
2566        1111        1        2
2540        1111        1        2
2514        1085        1        2
2487        1058        1        2
2461        1058        1        2
2434        1032        1        2
2408        1032        1        2
2408        1005        1        2
2381        1005        1        2
2355         979        1        2
2355         953        1        2
2328         926        1        2
2302         926        1        2
2302         900        1        2
2275         873        1        2
2275         847        1        2
2249         820        1        2
2249         794        1        2
2223         794        1        2
2223         767        1        2
2223         741        1        2
2223         767        1        2
2196         767        1        2
PEN_UP                  0
END_CHARACTER: OI
