CHARACTER_NAME: DB
STROKE_COUNT: 2
  X           Y   STYLUS_STATE STROKE
PEN_DOWN
1931        1455        1        1
1931        1429        1        1
1931        1455        1        1
1931        1482        1        1
1931        1508        1        1
1931        1535        1        1
1931        1561        1        1
1931        1588        1        1
1931        1614        1        1
1931        1640        1        1
1931        1667        1        1
1931        1720        1        1
1931        1746        1        1
1905        1773        1        1
1905        1826        1        1
1905        1852        1        1
1905        1905        1        1
1905        1931        1        1
1905        1984        1        1
1905        2037        1        1
1905        2090        1        1
1905        2143        1        1
1905        2196        1        1
1905        2249        1        1
1905        2302        1        1
1905        2328        1        1
1905        2381        1        1
1879        2434        1        1
1879        2461        1        1
1879        2487        1        1
1879        2514        1        1
1879        2540        1        1
1879        2566        1        1
1879        2593        1        1
1879        2619        1        1
1879        2593        1        1
1905        2566        1        1
1905        2540        1        1
1905        2514        1        1
1931        2487        1        1
1958        2461        1        1
1958        2434        1        1
1984        2381        1        1
2011        2355        1        1
2037        2328        1        1
2037        2275        1        1
2064        2249        1        1
2090        2223        1        1
2117        2170        1        1
2143        2143        1        1
2143        2117        1        1
2170        2090        1        1
2196        2064        1        1
2223        2037        1        1
2249        2011        1        1
2275        1984        1        1
2328        1958        1        1
2355        1931        1        1
2408        1905        1        1
2461        1879        1        1
2514        1852        1        1
2566        1826        1        1
2593        1799        1        1
2646        1799        1        1
2672        1799        1        1
2699        1773        1        1
2725        1773        1        1
2752        1746        1        1
2778        1746        1        1
2805        1746        1        1
2778        1746        1        1
2778        1773        1        1
2752        1799        1        1
2752        1826        1        1
2725        1826        1        1
2725        1852        1        1
2725        1879        1        1
2699        1905        1        1
2699        1931        1        1
2699        1958        1        1
2672        1984        1        1
2672        2011        1        1
2672        2037        1        1
2672        2090        1        1
2672        2117        1        1
2672        2170        1        1
2672        2196        1        1
2672        2249        1        1
2672        2302        1        1
2646        2355        1        1
2646        2408        1        1
2646        2461        1        1
2646        2514        1        1
2646        2566        1        1
2646        2619        1        1
2672        2672        1        1
2672        2725        1        1
2672        2778        1        1
2672        2831        1        1
2672        2884        1        1
2672        2937        1        1
2672        2990        1        1
2699        3043        1        1
2699        3096        1        1
2699        3149        1        1
2699        3175        1        1
2725        3228        1        1
2725        3254        1        1
2725        3281        1        1
2725        3307        1        1
2725        3334        1        1
2725        3307        1        1
2725        3281        1        1
2725        3254        1        1
2725        3228        1        1
2725        3201        1        1
2725        3175        1        1
2725        3149        1        1
2725        3122        1        1
2725        3096        1        1
2725        3069        1        1
2725        3016        1        1
2725        2990        1        1
2725        2963        1        1
2725        2937        1        1
2725        2910        1        1
2725        2884        1        1
2725        2858        1        1
2725        2831        1        1
2725        2805        1        1
2725        2778        1        1
2725        2752        1        1
2725        2725        1        1
2699        2699        1        1
2699        2672        1        1
2699        2646        1        1
2699        2619        1        1
2699        2593        1        1
2699        2566        1        1
2672        2540        1        1
2672        2514        1        1
2672        2487        1        1
2672        2461        1        1
2672        2434        1        1
2672        2408        1        1
2646        2381        1        1
2646        2355        1        1
2646        2328        1        1
2646        2302        1        1
2646        2275        1        1
2672        2249        1        1
2672        2223        1        1
2672        2196        1        1
2646        2196        1        1
2646        2223        1        1
2619        2223        1        1
2619        2249        1        1
2593        2275        1        1
2593        2302        1        1
2566        2328        1        1
2540        2381        1        1
2514        2408        1        1
2487        2434        1        1
2434        2487        1        1
2408        2514        1        1
2381        2566        1        1
2355        2593        1        1
2302        2619        1        1
2275        2646        1        1
2249        2699        1        1
2223        2699        1        1
2196        2725        1        1
2196        2752        1        1
2170        2778        1        1
2143        2778        1        1
2143        2805        1        1
2170        2805        1        1
2196        2805        1        1
2223        2831        1        1
2249        2831        1        1
2275        2831        1        1
2302        2831        1        1
2355        2858        1        1
2381        2884        1        1
2434        2884        1        1
2461        2910        1        1
2514        2937        1        1
2540        2963        1        1
2566        3016        1        1
2619        3043        1        1
2646        3096        1        1
2672        3122        1        1
2699        3175        1        1
2699        3228        1        1
2725        3254        1        1
2752        3307        1        1
2778        3334        1        1
2778        3360        1        1
2805        3387        1        1
2805        3413        1        1
2831        3413        1        1
2831        3440        1        1
2858        3466        1        1
2831        3440        1        1
2831        3413        1        1
2831        3387        1        1
2805        3387        1        1
2805        3360        1        1
2778        3360        1        1
2778        3334        1        1
PEN_UP                  0
PEN_DOWN
1561        1376        1        2
1588        1349        1        2
1614        1349        1        2
1640        1349        1        2
1693        1349        1        2
1746        1349        1        2
1799        1323        1        2
1879        1323        1        2
1958        1323        1        2
2037        1296        1        2
2143        1296        1        2
2223        1296        1        2
2328        1296        1        2
2434        1270        1        2
2514        1270        1        2
2593        1270        1        2
2672        1270        1        2
2725        1270        1        2
2778        1270        1        2
2805        1270        1        2
2831        1270        1        2
2858        1270        1        2
2858        1244        1        2
PEN_UP                  0
END_CHARACTER: DB
