CHARACTER_NAME: QJ
STROKE_COUNT: 4
  X           Y   STYLUS_STATE STROKE
PEN_DOWN
1905        1270        1        1
1905        1296        1        1
1879        1296        1        1
1879        1323        1        1
1852        1323        1        1
1852        1349        1        1
1852        1323        1        1
1852        1296        1        1
1879        1296        1        1
1879        1270        1        1
1879        1244        1        1
1905        1217        1        1
1931        1217        1        1
1958        1217        1        1
1958        1244        1        1
1984        1244        1        1
1958        1270        1        1
1958        1296        1        1
1931        1323        1        1
1931        1349        1        1
1905        1349        1        1
1905        1376        1        1
1905        1349        1        1
1879        1349        1        1
1879        1323        1        1
1905        1296        1        1
1905        1270        1        1
1905        1244        1        1
1931        1244        1        1
1931        1217        1        1
1958        1217        1        1
1984        1217        1        1
1984        1244        1        1
2011        1270        1        1
1984        1296        1        1
1984        1323        1        1
1984        1296        1        1
1958        1296        1        1
1931        1270        1        1
1931        1244        1        1
1905        1244        1        1
1931        1244        1        1
1931        1217        1        1
1931        1191        1        1
1958        1191        1        1
1958        1164        1        1
1984        1138        1        1
2011        1111        1        1
2037        1111        1        1
2064        1085        1        1
2090        1085        1        1
2090        1058        1        1
2117        1058        1        1
2143        1058        1        1
2143        1032        1        1
2170        1032        1        1
2196        1032        1        1
2223        1032        1        1
2223        1005        1        1
2249        1005        1        1
2275        1005        1        1
2302        1005        1        1
2328        1005        1        1
2355        1005        1        1
2381        1005        1        1
2408        1005        1        1
2434        1005        1        1
2461        1005        1        1
2461        1032        1        1
2487        1032        1        1
2514        1032        1        1
2514        1058        1        1
2540        1058        1        1
2540        1085        1        1
2566        1085        1        1
2566        1111        1        1
2593        1111        1        1
2593        1138        1        1
2593        1164        1        1
2593        1191        1        1
2619        1191        1        1
2619        1217        1        1
2619        1244        1        1
2646        1270        1        1
2646        1296        1        1
2646        1323        1        1
2646        1349        1        1
2672        1376        1        1
2672        1402        1        1
2672        1429        1        1
2672        1455        1        1
2672        1482        1        1
2672        1508        1        1
2672        1535        1        1
2672        1561        1        1
2646        1588        1        1
2646        1614        1        1
2646        1640        1        1
2646        1667        1        1
2646        1693        1        1
2646        1720        1        1
2646        1746        1        1
2646        1773        1        1
2646        1799        1        1
2646        1826        1        1
2646        1852        1        1
2646        1879        1        1
2646        1905        1        1
2646        1931        1        1
2646        1958        1        1
2646        1984        1        1
2619        2011        1        1
2619        2037        1        1
2619        2064        1        1
2619        2090        1        1
2619        2117        1        1
2619        2143        1        1
2619        2170        1        1
2619        2196        1        1
2619        2223        1        1
2619        2249        1        1
2619        2275        1        1
2619        2302        1        1
2619        2275        1        1
2619        2249        1        1
2619        2223        1        1
2619        2196        1        1
2619        2170        1        1
2619        2143        1        1
2619        2117        1        1
2646        2117        1        1
2619        2090        1        1
2646        2090        1        1
2646        2064        1        1
2619        2037        1        1
2593        2011        1        1
2566        1984        1        1
2540        1984        1        1
2514        1984        1        1
2487        1958        1        1
2461        1958        1        1
2434        1958        1        1
2408        1984        1        1
2381        1984        1        1
2355        1984        1        1
2328        1984        1        1
2328        2011        1        1
2302        2011        1        1
2302        2037        1        1
2275        2037        1        1
2275        2064        1        1
2249        2064        1        1
2223        2064        1        1
2223        2090        1        1
2196        2090        1        1
2196        2117        1        1
2170        2143        1        1
2143        2143        1        1
2143        2170        1        1
2117        2170        1        1
2090        2196        1        1
2064        2196        1        1
2037        2196        1        1
2011        2196        1        1
1984        2196        1        1
1958        2196        1        1
1931        2196        1        1
1905        2196        1        1
1879        2196        1        1
1852        2196        1        1
1826        2170        1        1
1799        2170        1        1
1746        2143        1        1
1720        2143        1        1
1693        2117        1        1
1640        2090        1        1
1614        2064        1        1
1588        2037        1        1
1561        2011        1        1
1535        1984        1        1
1508        1958        1        1
1482        1931        1        1
1455        1905        1        1
1455        1879        1        1
1429        1879        1        1
1429        1852        1        1
1402        1852        1        1
1402        1826        1        1
1376        1826        1        1
1376        1799        1        1
1402        1799        1        1
1429        1799        1        1
PEN_UP                  0
PEN_DOWN
3122        1535        1        2
3122        1508        1        2
3096        1508        1        2
3069        1508        1        2
3043        1535        1        2
3043        1508        1        2
3043        1535        1        2
3016        1535        1        2
2990        1535        1        2
2963        1535        1        2
2937        1535        1        2
2937        1561        1        2
2910        1561        1        2
2884        1561        1        2
2910        1561        1        2
2910        1535        1        2
2910        1508        1        2
2937        1508        1        2
2937        1482        1        2
2963        1482        1        2
2963        1455        1        2
2990        1455        1        2
2990        1429        1        2
3016        1402        1        2
3043        1402        1        2
3043        1376        1        2
3069        1376        1        2
3096        1376        1        2
3122        1349        1        2
3149        1349        1        2
3175        1349        1        2
3201        1349        1        2
3201        1376        1        2
3228        1376        1        2
3228        1402        1        2
3228        1429        1        2
3228        1455        1        2
3228        1482        1        2
3201        1482        1        2
3201        1508        1        2
3201        1535        1        2
3175        1535        1        2
3175        1561        1        2
3149        1588        1        2
3122        1588        1        2
3122        1614        1        2
3122        1588        1        2
3149        1588        1        2
3149        1561        1        2
3175        1561        1        2
3201        1535        1        2
3228        1535        1        2
3254        1535        1        2
3281        1535        1        2
3307        1535        1        2
3307        1561        1        2
3334        1561        1        2
3334        1588        1        2
3360        1588        1        2
3360        1614        1        2
3360        1640        1        2
3360        1667        1        2
3334        1693        1        2
3307        1720        1        2
3281        1746        1        2
3254        1746        1        2
3254        1773        1        2
3228        1773        1        2
3228        1799        1        2
3201        1799        1        2
3175        1799        1        2
3175        1826        1        2
3149        1826        1        2
3122        1826        1        2
3096        1826        1        2
3069        1826        1        2
3043        1826        1        2
3016        1826        1        2
2990        1826        1        2
2963        1826        1        2
2937        1799        1        2
2910        1799        1        2
2884        1799        1        2
2884        1773        1        2
2858        1773        1        2
2831        1773        1        2
2805        1746        1        2
2778        1746        1        2
2752        1746        1        2
2725        1746        1        2
2699        1720        1        2
2672        1693        1        2
2646        1693        1        2
2619        1693        1        2
2619        1667        1        2
2593        1667        1        2
2619        1667        1        2
PEN_UP                  0
PEN_DOWN
2566        2223        1        3
2593        2196        1        3
2619        2196        1        3
2593        2196        1        3
2566        2196        1        3
2566        2223        1        3
2540        2223        1        3
2540        2249        1        3
2514        2249        1        3
2514        2275        1        3
2487        2275        1        3
2461        2302        1        3
2434        2328        1        3
2408        2328        1        3
2381        2355        1        3
2355        2381        1        3
2328        2408        1        3
2302        2408        1        3
2275        2434        1        3
2249        2461        1        3
2223        2487        1        3
2196        2487        1        3
2170        2514        1        3
2143        2540        1        3
2117        2540        1        3
2117        2566        1        3
2143        2566        1        3
2170        2593        1        3
2196        2593        1        3
2223        2619        1        3
2249        2619        1        3
2275        2646        1        3
2302        2672        1        3
2328        2672        1        3
2355        2699        1        3
2381        2725        1        3
2408        2752        1        3
2434        2778        1        3
2461        2831        1        3
2487        2858        1        3
2514        2884        1        3
2514        2910        1        3
2540        2963        1        3
2566        2990        1        3
2593        3016        1        3
2619        3069        1        3
2619        3096        1        3
2646        3149        1        3
2646        3175        1        3
2672        3201        1        3
2672        3228        1        3
2699        3254        1        3
2699        3281        1        3
2725        3281        1        3
2699        3254        1        3
2699        3228        1        3
2699        3201        1        3
2699        3175        1        3
2699        3149        1        3
2672        3122        1        3
2672        3096        1        3
2672        3043        1        3
2646        3016        1        3
2646        2990        1        3
2646        2963        1        3
2646        2937        1        3
2619        2884        1        3
2619        2858        1        3
2619        2831        1        3
2619        2805        1        3
2619        2778        1        3
2593        2752        1        3
2593        2725        1        3
2593        2699        1        3
2593        2672        1        3
2593        2646        1        3
2593        2619        1        3
2593        2593        1        3
2566        2566        1        3
2566        2540        1        3
2566        2514        1        3
2566        2487        1        3
2566        2461        1        3
2566        2434        1        3
2566        2408        1        3
2566        2381        1        3
2540        2355        1        3
2540        2328        1        3
2540        2302        1        3
2540        2275        1        3
2540        2249        1        3
PEN_UP                  0
PEN_DOWN
2699        2752        1        4
2725        2752        1        4
2752        2752        1        4
2778        2752        1        4
2778        2778        1        4
2805        2778        1        4
2831        2778        1        4
2858        2805        1        4
2884        2831        1        4
2910        2831        1        4
2937        2858        1        4
2963        2884        1        4
2990        2910        1        4
3016        2937        1        4
3043        2963        1        4
3043        2990        1        4
3069        3043        1        4
3096        3069        1        4
3096        3096        1        4
3122        3122        1        4
3122        3149        1        4
3149        3175        1        4
3149        3201        1        4
3149        3228        1        4
3175        3254        1        4
3175        3281        1        4
3175        3254        1        4
3149        3254        1        4
3149        3228        1        4
3149        3201        1        4
3149        3175        1        4
3149        3149        1        4
3122        3096        1        4
3122        3069        1        4
3122        3043        1        4
3122        2990        1        4
3122        2963        1        4
3122        2910        1        4
3096        2884        1        4
3096        2858        1        4
3096        2805        1        4
3096        2778        1        4
3096        2752        1        4
3096        2699        1        4
3096        2672        1        4
3096        2646        1        4
3096        2619        1        4
3096        2593        1        4
3096        2540        1        4
3096        2514        1        4
3096        2487        1        4
3096        2461        1        4
3096        2434        1        4
3096        2381        1        4
3096        2355        1        4
3096        2328        1        4
3096        2302        1        4
3096        2275        1        4
3096        2249        1        4
3096        2223        1        4
3096        2196        1        4
3122        2170        1        4
3122        2143        1        4
3122        2117        1        4
PEN_UP                  0
END_CHARACTER: QJ
