CHARACTER_NAME: PTT
STROKE_COUNT: 4
  X           Y   STYLUS_STATE STROKE
PEN_DOWN
1217        1535        1        1
1217        1508        1        1
1244        1508        1        1
1244        1482        1        1
1270        1482        1        1
1270        1455        1        1
1296        1455        1        1
1323        1455        1        1
1323        1429        1        1
1349        1429        1        1
1376        1429        1        1
1402        1429        1        1
1429        1429        1        1
1455        1429        1        1
1482        1429        1        1
1508        1429        1        1
1535        1429        1        1
1561        1429        1        1
1588        1455        1        1
1614        1482        1        1
1614        1508        1        1
1588        1508        1        1
1588        1535        1        1
1588        1561        1        1
1561        1588        1        1
1561        1614        1        1
1535        1614        1        1
1535        1640        1        1
1508        1640        1        1
1508        1667        1        1
1482        1667        1        1
1482        1693        1        1
1455        1693        1        1
1429        1693        1        1
1429        1720        1        1
1402        1746        1        1
1376        1773        1        1
1349        1773        1        1
1349        1799        1        1
1323        1799        1        1
1349        1799        1        1
1349        1773        1        1
1376        1773        1        1
1376        1746        1        1
1402        1746        1        1
1429        1720        1        1
1455        1720        1        1
1455        1693        1        1
1482        1693        1        1
1508        1693        1        1
1508        1667        1        1
1535        1667        1        1
1561        1667        1        1
1561        1640        1        1
1588        1640        1        1
1614        1640        1        1
1640        1614        1        1
1667        1614        1        1
1693        1614        1        1
1720        1588        1        1
1746        1588        1        1
1773        1588        1        1
1799        1588        1        1
1826        1588        1        1
1852        1588        1        1
1852        1561        1        1
1879        1561        1        1
1905        1561        1        1
1931        1561        1        1
1931        1588        1        1
1958        1588        1        1
1984        1588        1        1
2011        1588        1        1
2037        1614        1        1
2011        1614        1        1
2011        1588        1        1
1984        1588        1        1
1984        1561        1        1
PEN_UP                  0
PEN_DOWN
1217        1429        1        2
1244        1429        1        2
1270        1429        1        2
1296        1429        1        2
1323        1429        1        2
1349        1429        1        2
1376        1429        1        2
1402        1429        1        2
1429        1429        1        2
1455        1429        1        2
1482        1429        1        2
1508        1429        1        2
1535        1429        1        2
1561        1429        1        2
1588        1429        1        2
1614        1429        1        2
1640        1429        1        2
1667        1429        1        2
1693        1455        1        2
1720        1455        1        2
1746        1455        1        2
1773        1455        1        2
1773        1482        1        2
1799        1482        1        2
1826        1482        1        2
1826        1508        1        2
1852        1508        1        2
1879        1508        1        2
1879        1535        1        2
1905        1535        1        2
1931        1561        1        2
1958        1588        1        2
1984        1588        1        2
1984        1614        1        2
2011        1640        1        2
2011        1667        1        2
2037        1667        1        2
2037        1693        1        2
2037        1720        1        2
2037        1746        1        2
2064        1773        1        2
2064        1799        1        2
2064        1826        1        2
2064        1852        1        2
2064        1879        1        2
2064        1905        1        2
2064        1931        1        2
2064        1958        1        2
2064        1984        1        2
2064        2011        1        2
2064        2037        1        2
2037        2064        1        2
2037        2090        1        2
2037        2117        1        2
2037        2143        1        2
2037        2170        1        2
2037        2196        1        2
2037        2223        1        2
2037        2249        1        2
2037        2275        1        2
2037        2302        1        2
2037        2275        1        2
2037        2249        1        2
2037        2223        1        2
2037        2196        1        2
2037        2170        1        2
2037        2143        1        2
2037        2117        1        2
2037        2090        1        2
2037        2064        1        2
2064        2037        1        2
2064        2011        1        2
2064        1984        1        2
2037        1984        1        2
2064        1958        1        2
2064        1931        1        2
2064        1905        1        2
2064        1879        1        2
2064        1852        1        2
2064        1826        1        2
2064        1799        1        2
2064        1773        1        2
2064        1746        1        2
2037        1720        1        2
2037        1693        1        2
2037        1667        1        2
2037        1640        1        2
2037        1614        1        2
2037        1588        1        2
2037        1561        1        2
2037        1535        1        2
2037        1508        1        2
2037        1482        1        2
2037        1455        1        2
2037        1429        1        2
2037        1402        1        2
2037        1376        1        2
2037        1349        1        2
2037        1323        1        2
2037        1296        1        2
2037        1270        1        2
2037        1244        1        2
2037        1217        1        2
2037        1191        1        2
2011        1217        1        2
PEN_UP                  0
PEN_DOWN
1984        2196        1        3
2011        2196        1        3
2011        2170        1        3
2011        2196        1        3
2037        2196        1        3
2037        2223        1        3
2064        2223        1        3
2064        2249        1        3
2064        2275        1        3
2064        2302        1        3
2037        2328        1        3
2037        2355        1        3
2011        2355        1        3
1984        2381        1        3
1958        2381        1        3
1958        2355        1        3
1958        2328        1        3
1958        2302        1        3
1984        2302        1        3
1984        2275        1        3
2011        2275        1        3
2011        2249        1        3
2037        2249        1        3
2037        2275        1        3
2064        2275        1        3
2064        2302        1        3
2064        2328        1        3
2037        2328        1        3
2037        2355        1        3
2011        2355        1        3
2011        2328        1        3
2011        2302        1        3
2011        2275        1        3
2037        2249        1        3
2037        2275        1        3
2064        2302        1        3
2037        2328        1        3
2037        2355        1        3
2011        2328        1        3
1984        2328        1        3
1984        2302        1        3
1984        2275        1        3
1984        2249        1        3
1958        2249        1        3
1984        2249        1        3
1984        2223        1        3
1984        2196        1        3
2011        2170        1        3
2011        2143        1        3
2037        2143        1        3
2037        2117        1        3
2064        2117        1        3
2064        2090        1        3
2090        2090        1        3
2117        2064        1        3
2143        2064        1        3
2170        2064        1        3
2196        2064        1        3
2223        2090        1        3
2249        2090        1        3
2275        2117        1        3
2302        2117        1        3
2302        2143        1        3
2328        2143        1        3
2355        2170        1        3
2355        2196        1        3
2381        2196        1        3
2381        2223        1        3
2408        2249        1        3
2408        2275        1        3
2408        2302        1        3
2434        2302        1        3
2434        2328        1        3
2434        2355        1        3
2434        2381        1        3
2434        2408        1        3
2434        2434        1        3
2408        2461        1        3
2408        2487        1        3
2408        2514        1        3
2408        2540        1        3
2381        2540        1        3
2381        2566        1        3
2381        2593        1        3
2355        2593        1        3
2355        2619        1        3
2355        2646        1        3
2328        2646        1        3
2302        2672        1        3
2302        2699        1        3
2275        2699        1        3
2249        2725        1        3
2223        2725        1        3
2223        2752        1        3
2196        2752        1        3
2170        2752        1        3
2170        2778        1        3
2143        2778        1        3
2117        2778        1        3
2090        2778        1        3
2064        2778        1        3
2037        2778        1        3
2011        2778        1        3
1984        2778        1        3
1958        2752        1        3
1931        2752        1        3
1905        2752        1        3
1879        2752        1        3
1852        2725        1        3
1826        2725        1        3
1799        2725        1        3
1773        2699        1        3
1746        2699        1        3
1720        2672        1        3
1693        2646        1        3
1667        2646        1        3
1640        2619        1        3
1614        2619        1        3
1588        2593        1        3
1561        2566        1        3
1535        2566        1        3
1508        2540        1        3
1482        2540        1        3
1455        2514        1        3
1429        2487        1        3
1402        2461        1        3
1376        2434        1        3
1349        2408        1        3
1323        2408        1        3
1323        2381        1        3
1296        2381        1        3
1296        2355        1        3
1270        2355        1        3
1270        2328        1        3
1244        2328        1        3
1244        2302        1        3
1217        2302        1        3
1217        2275        1        3
1191        2249        1        3
1191        2223        1        3
1217        2223        1        3
1244        2196        1        3
PEN_UP                  0
PEN_DOWN
1746        1217        1        4
1773        1217        1        4
1799        1217        1        4
1826        1217        1        4
1852        1217        1        4
1879        1217        1        4
1905        1191        1        4
1958        1191        1        4
1984        1191        1        4
2037        1191        1        4
2090        1164        1        4
2143        1164        1        4
2223        1164        1        4
2275        1164        1        4
2355        1138        1        4
2408        1138        1        4
2487        1138        1        4
2514        1138        1        4
2566        1111        1        4
2593        1111        1        4
2646        1111        1        4
2672        1111        1        4
2699        1111        1        4
2672        1138        1        4
PEN_UP                  0
END_CHARACTER: PTT
