CHARACTER_NAME: PL
STROKE_COUNT: 4
  X           Y   STYLUS_STATE STROKE
PEN_DOWN
1270        1429        1        1
1270        1402        1        1
1296        1402        1        1
1323        1402        1        1
1349        1402        1        1
1376        1402        1        1
1376        1429        1        1
1376        1402        1        1
1402        1402        1        1
1429        1402        1        1
1429        1429        1        1
1455        1429        1        1
1482        1429        1        1
1508        1429        1        1
1535        1429        1        1
1535        1455        1        1
1561        1455        1        1
1588        1455        1        1
1588        1482        1        1
1614        1482        1        1
1614        1508        1        1
1640        1508        1        1
1640        1535        1        1
1667        1535        1        1
1667        1561        1        1
1667        1588        1        1
1640        1588        1        1
1640        1614        1        1
1614        1640        1        1
1588        1667        1        1
1561        1693        1        1
1535        1720        1        1
1508        1746        1        1
1482        1773        1        1
1455        1773        1        1
1455        1799        1        1
1482        1773        1        1
1508        1773        1        1
1508        1746        1        1
1535        1746        1        1
1535        1720        1        1
1561        1720        1        1
1561        1693        1        1
1588        1693        1        1
1614        1667        1        1
1640        1667        1        1
1640        1640        1        1
1667        1640        1        1
1693        1614        1        1
1720        1614        1        1
1720        1588        1        1
1746        1588        1        1
1773        1588        1        1
1799        1588        1        1
1799        1561        1        1
1826        1561        1        1
1852        1561        1        1
1879        1535        1        1
1905        1535        1        1
1931        1535        1        1
1958        1535        1        1
1984        1508        1        1
2011        1508        1        1
2037        1508        1        1
2064        1508        1        1
2090        1508        1        1
2117        1508        1        1
2143        1508        1        1
2170        1508        1        1
2196        1508        1        1
2223        1508        1        1
2249        1508        1        1
2275        1508        1        1
2302        1508        1        1
2328        1508        1        1
2355        1535        1        1
2381        1535        1        1
2408        1535        1        1
2434        1561        1        1
2461        1561        1        1
2487        1588        1        1
2487        1561        1        1
2461        1535        1        1
2434        1535        1        1
2408        1535        1        1
PEN_UP                  0
PEN_DOWN
1429        1376        1        2
1455        1376        1        2
1482        1376        1        2
1508        1402        1        2
1535        1402        1        2
1561        1402        1        2
1588        1402        1        2
1614        1402        1        2
1640        1402        1        2
1667        1402        1        2
1693        1402        1        2
1693        1429        1        2
1720        1429        1        2
1746        1429        1        2
1773        1429        1        2
1799        1429        1        2
1799        1455        1        2
1826        1455        1        2
1852        1455        1        2
1879        1482        1        2
1905        1482        1        2
1931        1482        1        2
1958        1508        1        2
1984        1508        1        2
2011        1508        1        2
2011        1535        1        2
2037        1535        1        2
2064        1535        1        2
2064        1561        1        2
2090        1561        1        2
2090        1588        1        2
2117        1588        1        2
2090        1588        1        2
2090        1561        1        2
2064        1561        1        2
PEN_UP                  0
PEN_DOWN
2461        1111        1        3
2434        1111        1        3
2434        1085        1        3
2434        1111        1        3
2434        1138        1        3
2434        1164        1        3
2434        1191        1        3
2434        1217        1        3
2434        1244        1        3
2434        1270        1        3
2434        1296        1        3
2434        1323        1        3
2434        1349        1        3
2434        1376        1        3
2434        1402        1        3
2434        1429        1        3
2434        1455        1        3
2434        1482        1        3
2434        1535        1        3
2434        1561        1        3
2434        1588        1        3
2434        1640        1        3
2434        1667        1        3
2434        1693        1        3
2461        1746        1        3
2461        1799        1        3
2461        1826        1        3
2461        1879        1        3
2461        1931        1        3
2461        1958        1        3
2461        2011        1        3
2487        2064        1        3
2487        2117        1        3
2487        2170        1        3
2487        2223        1        3
2487        2275        1        3
2487        2302        1        3
2487        2355        1        3
2487        2408        1        3
2487        2434        1        3
2514        2487        1        3
2514        2540        1        3
2514        2566        1        3
2514        2619        1        3
2514        2646        1        3
2514        2699        1        3
2514        2725        1        3
2514        2752        1        3
2540        2805        1        3
2540        2831        1        3
2540        2858        1        3
2540        2910        1        3
2540        2937        1        3
2566        2937        1        3
2566        2963        1        3
2566        2990        1        3
2566        3016        1        3
2566        2990        1        3
2566        2963        1        3
2566        2937        1        3
2566        2910        1        3
2566        2884        1        3
2593        2884        1        3
2593        2858        1        3
2593        2831        1        3
2593        2805        1        3
2593        2778        1        3
2593        2752        1        3
2593        2725        1        3
2593        2699        1        3
2593        2672        1        3
2593        2646        1        3
2593        2619        1        3
2593        2593        1        3
2566        2593        1        3
2566        2566        1        3
2566        2540        1        3
2566        2514        1        3
2566        2487        1        3
2566        2461        1        3
2540        2434        1        3
2540        2408        1        3
2540        2381        1        3
2514        2355        1        3
2514        2328        1        3
2487        2302        1        3
2487        2275        1        3
2461        2249        1        3
2461        2223        1        3
2434        2223        1        3
2434        2196        1        3
2408        2170        1        3
2381        2143        1        3
2381        2117        1        3
2355        2090        1        3
2328        2064        1        3
2302        2037        1        3
2275        2037        1        3
2249        2037        1        3
2223        2037        1        3
2196        2037        1        3
2170        2037        1        3
2143        2037        1        3
2143        2064        1        3
2117        2064        1        3
2090        2064        1        3
2064        2090        1        3
2037        2090        1        3
2011        2117        1        3
2011        2143        1        3
1984        2170        1        3
1984        2196        1        3
1984        2223        1        3
1984        2249        1        3
1984        2275        1        3
1984        2302        1        3
1984        2328        1        3
1984        2355        1        3
1984        2381        1        3
2011        2408        1        3
2011        2434        1        3
2011        2461        1        3
2037        2487        1        3
2037        2461        1        3
2037        2434        1        3
2037        2408        1        3
2037        2381        1        3
2011        2355        1        3
2011        2328        1        3
2011        2302        1        3
1984        2275        1        3
1984        2223        1        3
1984        2196        1        3
1958        2196        1        3
1958        2170        1        3
1931        2143        1        3
1905        2117        1        3
1879        2090        1        3
1852        2090        1        3
1826        2090        1        3
1799        2090        1        3
1773        2090        1        3
1746        2117        1        3
1720        2117        1        3
1693        2117        1        3
1667        2143        1        3
1640        2143        1        3
1614        2143        1        3
1588        2170        1        3
1561        2170        1        3
1535        2196        1        3
1508        2196        1        3
1455        2223        1        3
1429        2223        1        3
1402        2249        1        3
1376        2249        1        3
1376        2275        1        3
1349        2302        1        3
1323        2328        1        3
1296        2328        1        3
1296        2355        1        3
1270        2381        1        3
1270        2408        1        3
1270        2434        1        3
1244        2461        1        3
1244        2487        1        3
1244        2514        1        3
1244        2540        1        3
1244        2593        1        3
1270        2619        1        3
1270        2646        1        3
1270        2672        1        3
1296        2699        1        3
1323        2699        1        3
1323        2725        1        3
1349        2752        1        3
1376        2752        1        3
1376        2778        1        3
1402        2778        1        3
1402        2805        1        3
1429        2805        1        3
1455        2805        1        3
1482        2805        1        3
1482        2831        1        3
1482        2805        1        3
1455        2805        1        3
1455        2778        1        3
1429        2778        1        3
1429        2752        1        3
PEN_UP                  0
PEN_DOWN
2249        1058        1        4
2249        1085        1        4
2275        1085        1        4
2302        1085        1        4
2328        1085        1        4
2381        1085        1        4
2408        1085        1        4
2461        1085        1        4
2487        1085        1        4
2540        1058        1        4
2593        1058        1        4
2646        1058        1        4
2699        1058        1        4
2752        1058        1        4
2805        1058        1        4
2831        1058        1        4
2884        1058        1        4
2910        1058        1        4
2937        1058        1        4
2963        1058        1        4
PEN_UP                  0
END_CHARACTER: PL
