CHARACTER_NAME: DV
STROKE_COUNT: 2
  X           Y   STYLUS_STATE STROKE
PEN_DOWN
1693        1138        1        1
1693        1164        1        1
1693        1191        1        1
1693        1217        1        1
1693        1244        1        1
1667        1270        1        1
1667        1296        1        1
1667        1349        1        1
1667        1376        1        1
1667        1402        1        1
1667        1455        1        1
1667        1482        1        1
1667        1508        1        1
1667        1561        1        1
1667        1588        1        1
1667        1614        1        1
1693        1667        1        1
1693        1693        1        1
1693        1720        1        1
1693        1773        1        1
1693        1799        1        1
1693        1826        1        1
1693        1852        1        1
1693        1879        1        1
1693        1905        1        1
1693        1931        1        1
1693        1958        1        1
1693        1984        1        1
1693        2011        1        1
1693        2037        1        1
1693        2011        1        1
1720        1984        1        1
1720        1958        1        1
1746        1958        1        1
1746        1931        1        1
1746        1905        1        1
1773        1905        1        1
1773        1879        1        1
1799        1852        1        1
1826        1826        1        1
1852        1826        1        1
1852        1799        1        1
1879        1799        1        1
1905        1773        1        1
1905        1746        1        1
1931        1746        1        1
1931        1720        1        1
1958        1720        1        1
1984        1693        1        1
1984        1667        1        1
2011        1667        1        1
2037        1640        1        1
2064        1614        1        1
2090        1588        1        1
2117        1561        1        1
2143        1561        1        1
2170        1535        1        1
2196        1535        1        1
2196        1508        1        1
2223        1508        1        1
2249        1482        1        1
2275        1482        1        1
2275        1455        1        1
2275        1482        1        1
2275        1508        1        1
2275        1535        1        1
2249        1535        1        1
2249        1561        1        1
2249        1588        1        1
2249        1614        1        1
2249        1640        1        1
2249        1667        1        1
2249        1693        1        1
2249        1720        1        1
2249        1746        1        1
2249        1773        1        1
2249        1799        1        1
2223        1826        1        1
2223        1852        1        1
2223        1879        1        1
2223        1905        1        1
2223        1931        1        1
2223        1984        1        1
2223        2011        1        1
2249        2037        1        1
2249        2064        1        1
2249        2090        1        1
2249        2143        1        1
2249        2170        1        1
2249        2196        1        1
2223        2196        1        1
2223        2223        1        1
2223        2249        1        1
2223        2275        1        1
2223        2302        1        1
2223        2275        1        1
2196        2275        1        1
2196        2249        1        1
2196        2223        1        1
2196        2196        1        1
2196        2170        1        1
2223        2143        1        1
2223        2117        1        1
2249        2117        1        1
2275        2143        1        1
2275        2170        1        1
2249        2196        1        1
2249        2223        1        1
2223        2223        1        1
2196        2223        1        1
2196        2196        1        1
2170        2196        1        1
2170        2170        1        1
2170        2143        1        1
2196        2143        1        1
2196        2117        1        1
2223        2090        1        1
2249        2117        1        1
2275        2143        1        1
2275        2170        1        1
2249        2170        1        1
2249        2196        1        1
2249        2223        1        1
2223        2223        1        1
2196        2223        1        1
2196        2196        1        1
2170        2170        1        1
2196        2170        1        1
2196        2143        1        1
2196        2117        1        1
2223        2090        1        1
2249        2090        1        1
2249        2117        1        1
2275        2117        1        1
2275        2143        1        1
2275        2170        1        1
2275        2196        1        1
2249        2196        1        1
2249        2223        1        1
2223        2223        1        1
2223        2196        1        1
2223        2170        1        1
2223        2143        1        1
2223        2117        1        1
2249        2117        1        1
2249        2090        1        1
2249        2117        1        1
2275        2117        1        1
2302        2143        1        1
2302        2170        1        1
2302        2143        1        1
2275        2143        1        1
2275        2117        1        1
2275        2143        1        1
2249        2143        1        1
2223        2143        1        1
2223        2170        1        1
2196        2196        1        1
2196        2223        1        1
2170        2223        1        1
2170        2249        1        1
2170        2275        1        1
2143        2275        1        1
2143        2302        1        1
2143        2328        1        1
2117        2328        1        1
2117        2355        1        1
2117        2381        1        1
2090        2381        1        1
2090        2408        1        1
2090        2434        1        1
2090        2461        1        1
2090        2487        1        1
2090        2514        1        1
2090        2540        1        1
2117        2566        1        1
2117        2593        1        1
2143        2593        1        1
2143        2619        1        1
2170        2619        1        1
2196        2619        1        1
2223        2619        1        1
2249        2619        1        1
2249        2593        1        1
2275        2593        1        1
2302        2566        1        1
2328        2566        1        1
2355        2540        1        1
2381        2540        1        1
2408        2514        1        1
2434        2487        1        1
2461        2461        1        1
2487        2434        1        1
2514        2434        1        1
2540        2408        1        1
2540        2381        1        1
2566        2355        1        1
2593        2328        1        1
2619        2328        1        1
2619        2302        1        1
2646        2275        1        1
2672        2249        1        1
2672        2223        1        1
2699        2196        1        1
2725        2170        1        1
2725        2143        1        1
2752        2143        1        1
2752        2117        1        1
2778        2117        1        1
2778        2090        1        1
2752        2090        1        1
2752        2117        1        1
2752        2143        1        1
2725        2143        1        1
2725        2170        1        1
2725        2196        1        1
2699        2196        1        1
2699        2223        1        1
2699        2249        1        1
2699        2275        1        1
2699        2302        1        1
2725        2328        1        1
2725        2355        1        1
2725        2381        1        1
2725        2408        1        1
2725        2434        1        1
2725        2461        1        1
2725        2487        1        1
2752        2487        1        1
2752        2514        1        1
2752        2540        1        1
2752        2566        1        1
2725        2593        1        1
2725        2619        1        1
2725        2646        1        1
2725        2672        1        1
2699        2699        1        1
2699        2725        1        1
2699        2752        1        1
2672        2778        1        1
2672        2805        1        1
2646        2831        1        1
2646        2858        1        1
2619        2884        1        1
2593        2910        1        1
2593        2937        1        1
2566        2963        1        1
2540        2963        1        1
2540        2990        1        1
2514        3016        1        1
2514        3043        1        1
2487        3043        1        1
2461        3069        1        1
2434        3096        1        1
2408        3122        1        1
2381        3122        1        1
2381        3149        1        1
2355        3149        1        1
2328        3149        1        1
2302        3175        1        1
2275        3175        1        1
2249        3175        1        1
2223        3201        1        1
2170        3201        1        1
2143        3175        1        1
2117        3175        1        1
2090        3175        1        1
2064        3149        1        1
2037        3149        1        1
1984        3122        1        1
1958        3096        1        1
1931        3069        1        1
1905        3069        1        1
1879        3016        1        1
1826        2990        1        1
1799        2963        1        1
1773        2937        1        1
1720        2884        1        1
1693        2831        1        1
1640        2805        1        1
1614        2752        1        1
1588        2725        1        1
1561        2699        1        1
1535        2646        1        1
1508        2619        1        1
1482        2566        1        1
1455        2540        1        1
1455        2514        1        1
1429        2461        1        1
1429        2434        1        1
1402        2408        1        1
1402        2381        1        1
1402        2355        1        1
1376        2355        1        1
1376        2328        1        1
1402        2328        1        1
1402        2302        1        1
PEN_UP                  0
PEN_DOWN
1826        1111        1        2
1799        1111        1        2
1799        1085        1        2
1773        1085        1        2
1773        1058        1        2
1746        1058        1        2
1720        1058        1        2
1693        1058        1        2
1667        1058        1        2
1640        1058        1        2
1640        1032        1        2
1614        1032        1        2
1588        1032        1        2
1588        1058        1        2
1561        1058        1        2
1561        1032        1        2
1588        1032        1        2
1614        1032        1        2
1640        1032        1        2
1667        1032        1        2
1720        1032        1        2
1746        1005        1        2
1799        1005        1        2
1852        1005        1        2
1931        1005        1        2
1984        1005        1        2
2037        1005        1        2
2117        1005        1        2
2170        1005        1        2
2223        1005        1        2
2275        1005        1        2
2328        1005        1        2
2381        1005        1        2
2434        1005        1        2
2461        1005        1        2
2487        1005        1        2
2540        1005        1        2
2566        1005        1        2
2593        1005        1        2
2593        1032        1        2
PEN_UP                  0
END_CHARACTER: DV
