CHARACTER_NAME: BL
STROKE_COUNT: 3
  X           Y   STYLUS_STATE STROKE
PEN_DOWN
2302         820        1        1
2302         794        1        1
2328         794        1        1
2355         794        1        1
2355         767        1        1
2381         767        1        1
2355         767        1        1
2328         794        1        1
2328         820        1        1
2302         820        1        1
2302         847        1        1
2275         847        1        1
2275         873        1        1
2249         900        1        1
2249         926        1        1
2249         953        1        1
2223         953        1        1
2196         979        1        1
2196        1005        1        1
2170        1058        1        1
2143        1085        1        1
2117        1111        1        1
2090        1138        1        1
2037        1191        1        1
2011        1217        1        1
1984        1244        1        1
1958        1270        1        1
1931        1296        1        1
1905        1323        1        1
1879        1349        1        1
1852        1376        1        1
1826        1376        1        1
1852        1402        1        1
1879        1402        1        1
1905        1402        1        1
1931        1402        1        1
1958        1402        1        1
1984        1402        1        1
2011        1429        1        1
2037        1429        1        1
2064        1455        1        1
2090        1455        1        1
2117        1482        1        1
2143        1482        1        1
2143        1508        1        1
2170        1535        1        1
2196        1561        1        1
2196        1588        1        1
2223        1614        1        1
2249        1640        1        1
2249        1667        1        1
2275        1693        1        1
2275        1720        1        1
2302        1773        1        1
2328        1799        1        1
2328        1826        1        1
2355        1852        1        1
2355        1879        1        1
2381        1931        1        1
2381        1958        1        1
2408        1958        1        1
2408        1984        1        1
2408        2011        1        1
2434        2011        1        1
2434        2037        1        1
2434        2011        1        1
2434        1984        1        1
2434        1958        1        1
2434        1931        1        1
2434        1905        1        1
2434        1879        1        1
2408        1852        1        1
2434        1826        1        1
2408        1799        1        1
2408        1773        1        1
2434        1746        1        1
2408        1693        1        1
2434        1667        1        1
2434        1640        1        1
2434        1614        1        1
2434        1588        1        1
2434        1561        1        1
2434        1535        1        1
2434        1508        1        1
2434        1482        1        1
2434        1455        1        1
2434        1429        1        1
2434        1402        1        1
2408        1402        1        1
2408        1376        1        1
2408        1349        1        1
2408        1323        1        1
2408        1296        1        1
2408        1270        1        1
2408        1244        1        1
2408        1217        1        1
2408        1191        1        1
2408        1164        1        1
2408        1138        1        1
2408        1111        1        1
2408        1085        1        1
2408        1058        1        1
2408        1032        1        1
2408        1005        1        1
2408         979        1        1
2408         953        1        1
2408         926        1        1
2408         900        1        1
2381         900        1        1
PEN_UP                  0
PEN_DOWN
2434        2037        1        2
2434        2011        1        2
2434        1984        1        2
2408        1958        1        2
2408        1984        1        2
2434        1984        1        2
2434        2011        1        2
2434        2037        1        2
2434        2064        1        2
2434        2090        1        2
2434        2117        1        2
2434        2143        1        2
2434        2196        1        2
2461        2223        1        2
2461        2249        1        2
2461        2275        1        2
2461        2302        1        2
2461        2328        1        2
2461        2381        1        2
2461        2408        1        2
2487        2434        1        2
2487        2461        1        2
2487        2487        1        2
2487        2514        1        2
2487        2566        1        2
2514        2593        1        2
2514        2619        1        2
2514        2646        1        2
2514        2672        1        2
2514        2699        1        2
2514        2725        1        2
2514        2752        1        2
2540        2778        1        2
2540        2805        1        2
2540        2778        1        2
2540        2752        1        2
2540        2725        1        2
2540        2699        1        2
2540        2672        1        2
2540        2646        1        2
2540        2619        1        2
2540        2593        1        2
2514        2566        1        2
2514        2540        1        2
2514        2514        1        2
2514        2487        1        2
2514        2461        1        2
2487        2434        1        2
2487        2408        1        2
2487        2381        1        2
2487        2355        1        2
2487        2328        1        2
2461        2302        1        2
2461        2275        1        2
2461        2249        1        2
2461        2223        1        2
2434        2196        1        2
2434        2170        1        2
2434        2143        1        2
2408        2117        1        2
2408        2090        1        2
2408        2064        1        2
2408        2037        1        2
2381        2011        1        2
2381        1984        1        2
2355        1984        1        2
2355        1958        1        2
2328        1931        1        2
2328        1905        1        2
2302        1905        1        2
2275        1879        1        2
2249        1879        1        2
2249        1852        1        2
2223        1852        1        2
2196        1852        1        2
2170        1852        1        2
2143        1879        1        2
2117        1879        1        2
2117        1905        1        2
2090        1905        1        2
2090        1931        1        2
2064        1931        1        2
2064        1958        1        2
2037        1984        1        2
2037        2011        1        2
2037        2037        1        2
2037        2064        1        2
2037        2090        1        2
2064        2117        1        2
2064        2143        1        2
2064        2170        1        2
2064        2196        1        2
2090        2196        1        2
2090        2223        1        2
2090        2249        1        2
2117        2249        1        2
2117        2275        1        2
2117        2249        1        2
2117        2223        1        2
2090        2196        1        2
2090        2170        1        2
2090        2143        1        2
2064        2117        1        2
2064        2090        1        2
2064        2064        1        2
2037        2037        1        2
2037        2011        1        2
2037        1984        1        2
2011        1984        1        2
2011        1958        1        2
2011        1931        1        2
1984        1931        1        2
1984        1905        1        2
1958        1905        1        2
1931        1879        1        2
1905        1879        1        2
1879        1879        1        2
1852        1879        1        2
1826        1879        1        2
1799        1879        1        2
1773        1879        1        2
1746        1879        1        2
1720        1879        1        2
1720        1905        1        2
1693        1905        1        2
1667        1905        1        2
1640        1905        1        2
1640        1931        1        2
1614        1931        1        2
1588        1958        1        2
1561        1984        1        2
1561        2011        1        2
1535        2011        1        2
1535        2037        1        2
1535        2064        1        2
1535        2090        1        2
1535        2117        1        2
1535        2143        1        2
1535        2170        1        2
1535        2196        1        2
1561        2223        1        2
1561        2249        1        2
1588        2275        1        2
1614        2302        1        2
1614        2328        1        2
1640        2328        1        2
1667        2355        1        2
1693        2381        1        2
1720        2381        1        2
1746        2408        1        2
1773        2408        1        2
1799        2408        1        2
1799        2434        1        2
1826        2434        1        2
1852        2461        1        2
1826        2434        1        2
1826        2408        1        2
1799        2381        1        2
PEN_UP                  0
PEN_DOWN
2143         741        1        3
2117         741        1        3
2090         741        1        3
2064         741        1        3
2037         741        1        3
2064         741        1        3
2090         741        1        3
2117         741        1        3
2143         741        1        3
2196         741        1        3
2223         741        1        3
2249         741        1        3
2302         714        1        3
2355         714        1        3
2408         714        1        3
2461         714        1        3
2540         714        1        3
2593         714        1        3
2672         714        1        3
2725         714        1        3
2805         714        1        3
2858         714        1        3
2910         714        1        3
2963         714        1        3
2990         714        1        3
3016         714        1        3
3043         714        1        3
3069         714        1        3
3096         714        1        3
PEN_UP                  0
END_CHARACTER: BL
