CHARACTER_NAME: BD
STROKE_COUNT: 2
  X           Y   STYLUS_STATE STROKE
PEN_DOWN
2064        1349        1        1
2090        1323        1        1
2064        1349        1        1
2037        1376        1        1
2037        1402        1        1
2011        1402        1        1
2011        1429        1        1
1984        1455        1        1
1984        1482        1        1
1958        1508        1        1
1958        1535        1        1
1931        1561        1        1
1905        1588        1        1
1905        1614        1        1
1879        1667        1        1
1852        1693        1        1
1826        1746        1        1
1799        1773        1        1
1773        1799        1        1
1746        1852        1        1
1720        1879        1        1
1693        1931        1        1
1693        1958        1        1
1667        2011        1        1
1640        2037        1        1
1614        2064        1        1
1614        2090        1        1
1588        2117        1        1
1588        2143        1        1
1561        2170        1        1
1561        2196        1        1
1588        2170        1        1
1614        2170        1        1
1640        2143        1        1
1667        2143        1        1
1693        2143        1        1
1720        2143        1        1
1746        2143        1        1
1773        2143        1        1
1799        2143        1        1
1826        2170        1        1
1852        2196        1        1
1879        2196        1        1
1905        2223        1        1
1931        2249        1        1
1958        2275        1        1
1984        2302        1        1
2011        2355        1        1
2037        2381        1        1
2064        2408        1        1
2064        2461        1        1
2090        2487        1        1
2090        2514        1        1
2117        2540        1        1
2117        2566        1        1
2143        2593        1        1
2143        2619        1        1
2143        2646        1        1
2143        2672        1        1
2170        2672        1        1
2170        2699        1        1
2170        2672        1        1
2170        2646        1        1
2143        2619        1        1
2143        2593        1        1
2143        2566        1        1
2143        2540        1        1
2143        2514        1        1
2143        2487        1        1
2143        2461        1        1
2143        2434        1        1
2143        2381        1        1
2143        2355        1        1
2143        2328        1        1
2143        2275        1        1
2143        2249        1        1
2143        2196        1        1
2143        2170        1        1
2143        2117        1        1
2117        2090        1        1
2117        2037        1        1
2117        2011        1        1
2117        1984        1        1
2117        1958        1        1
2117        1931        1        1
2117        1905        1        1
2117        1879        1        1
2117        1852        1        1
2117        1826        1        1
2117        1799        1        1
2117        1773        1        1
2117        1746        1        1
2117        1720        1        1
2117        1693        1        1
2117        1667        1        1
2143        1640        1        1
2143        1614        1        1
2143        1588        1        1
2117        1561        1        1
2143        1535        1        1
2143        1508        1        1
2117        1482        1        1
2117        1455        1        1
2117        1429        1        1
2143        1402        1        1
2117        1402        1        1
2117        1429        1        1
2117        1455        1        1
2117        1482        1        1
2117        1508        1        1
2143        1508        1        1
2143        1535        1        1
2117        1535        1        1
2117        1561        1        1
2117        1588        1        1
2143        1614        1        1
2117        1614        1        1
2143        1614        1        1
2117        1640        1        1
2143        1667        1        1
2143        1693        1        1
2143        1720        1        1
2143        1746        1        1
2117        1746        1        1
2117        1773        1        1
2117        1799        1        1
2117        1826        1        1
2117        1852        1        1
2117        1879        1        1
2117        1905        1        1
2117        1931        1        1
2117        1958        1        1
2117        1984        1        1
2117        2011        1        1
2117        2037        1        1
2117        2064        1        1
2117        2090        1        1
2117        2117        1        1
2117        2143        1        1
2117        2170        1        1
2117        2196        1        1
2117        2223        1        1
2117        2249        1        1
2117        2275        1        1
2117        2302        1        1
2117        2328        1        1
2117        2355        1        1
2117        2381        1        1
2117        2408        1        1
2117        2434        1        1
2117        2461        1        1
2090        2487        1        1
2090        2514        1        1
2090        2540        1        1
2090        2566        1        1
2090        2593        1        1
2090        2619        1        1
2090        2646        1        1
2090        2672        1        1
2090        2699        1        1
2117        2699        1        1
2117        2672        1        1
2117        2646        1        1
2143        2646        1        1
2143        2619        1        1
2143        2593        1        1
2170        2593        1        1
2170        2566        1        1
2196        2566        1        1
2196        2540        1        1
2223        2514        1        1
2249        2487        1        1
2249        2461        1        1
2275        2461        1        1
2275        2434        1        1
2275        2408        1        1
2302        2408        1        1
2302        2381        1        1
2328        2355        1        1
2355        2328        1        1
2381        2302        1        1
2408        2275        1        1
2408        2249        1        1
2434        2223        1        1
2461        2196        1        1
2487        2143        1        1
2514        2143        1        1
2540        2090        1        1
2566        2090        1        1
2593        2064        1        1
2619        2037        1        1
2646        2011        1        1
2672        1984        1        1
2699        1984        1        1
2699        1958        1        1
2725        1958        1        1
2752        1931        1        1
2778        1905        1        1
2805        1905        1        1
2831        1879        1        1
2831        1905        1        1
2805        1905        1        1
2778        1931        1        1
2778        1958        1        1
2752        1984        1        1
2752        2011        1        1
2725        2037        1        1
2699        2064        1        1
2699        2090        1        1
2672        2117        1        1
2672        2143        1        1
2646        2170        1        1
2646        2196        1        1
2619        2223        1        1
2619        2275        1        1
2593        2302        1        1
2593        2328        1        1
2593        2381        1        1
2566        2408        1        1
2566        2434        1        1
2566        2487        1        1
2566        2540        1        1
2566        2566        1        1
2566        2619        1        1
2566        2646        1        1
2540        2699        1        1
2540        2752        1        1
2540        2778        1        1
2540        2831        1        1
2566        2858        1        1
2566        2910        1        1
2566        2937        1        1
2566        2990        1        1
2566        3043        1        1
2566        3069        1        1
2593        3122        1        1
2593        3175        1        1
2593        3201        1        1
2619        3254        1        1
2619        3307        1        1
2619        3334        1        1
2646        3387        1        1
2672        3413        1        1
2672        3440        1        1
2699        3466        1        1
2725        3493        1        1
2752        3519        1        1
2778        3545        1        1
2805        3572        1        1
2778        3545        1        1
2778        3519        1        1
2752        3493        1        1
2752        3466        1        1
PEN_UP                  0
PEN_DOWN
1746        1111        1        2
1720        1111        1        2
1746        1111        1        2
1773        1111        1        2
1799        1111        1        2
1826        1111        1        2
1879        1111        1        2
1905        1111        1        2
1958        1111        1        2
2037        1111        1        2
2090        1111        1        2
2170        1111        1        2
2249        1111        1        2
2328        1111        1        2
2408        1138        1        2
2487        1111        1        2
2566        1111        1        2
2619        1111        1        2
2699        1111        1        2
2725        1111        1        2
2778        1111        1        2
2805        1111        1        2
2831        1111        1        2
2858        1111        1        2
2884        1111        1        2
2884        1138        1        2
PEN_UP                  0
END_CHARACTER: BD
