CHARACTER_NAME: TB
STROKE_COUNT: 3
  X           Y   STYLUS_STATE STROKE
PEN_DOWN
2196        1508        1        1
2196        1482        1        1
2196        1455        1        1
2223        1455        1        1
2223        1429        1        1
2249        1455        1        1
2275        1455        1        1
2275        1482        1        1
2302        1482        1        1
2302        1508        1        1
2275        1535        1        1
2275        1561        1        1
2249        1588        1        1
2223        1614        1        1
2196        1614        1        1
2196        1588        1        1
2170        1588        1        1
2170        1561        1        1
2196        1535        1        1
2196        1508        1        1
2196        1482        1        1
2223        1455        1        1
2249        1455        1        1
2249        1482        1        1
2249        1508        1        1
2249        1535        1        1
2249        1561        1        1
2223        1561        1        1
2223        1588        1        1
2223        1561        1        1
2223        1535        1        1
2223        1508        1        1
2249        1508        1        1
2249        1482        1        1
2249        1508        1        1
2249        1535        1        1
2223        1561        1        1
2223        1588        1        1
2196        1588        1        1
2170        1588        1        1
2170        1561        1        1
2170        1535        1        1
2170        1508        1        1
2170        1482        1        1
2196        1482        1        1
2196        1455        1        1
2223        1455        1        1
2249        1455        1        1
2275        1455        1        1
2302        1429        1        1
2328        1455        1        1
2355        1455        1        1
2381        1455        1        1
2408        1455        1        1
2408        1482        1        1
2434        1482        1        1
2461        1482        1        1
2487        1508        1        1
2514        1508        1        1
2540        1508        1        1
2540        1535        1        1
2566        1561        1        1
2593        1561        1        1
2593        1588        1        1
2619        1588        1        1
2619        1614        1        1
2646        1640        1        1
2646        1667        1        1
2646        1693        1        1
2672        1693        1        1
2672        1720        1        1
2672        1746        1        1
2672        1773        1        1
2672        1799        1        1
2672        1826        1        1
2672        1852        1        1
2672        1879        1        1
2646        1905        1        1
2646        1931        1        1
2646        1958        1        1
2619        1984        1        1
2619        2011        1        1
2619        2037        1        1
2593        2064        1        1
2593        2090        1        1
2593        2117        1        1
2566        2143        1        1
2540        2170        1        1
2514        2196        1        1
2487        2223        1        1
2461        2223        1        1
2461        2249        1        1
2434        2249        1        1
2408        2249        1        1
2381        2249        1        1
2355        2249        1        1
2328        2249        1        1
2302        2223        1        1
2249        2223        1        1
2223        2223        1        1
2196        2196        1        1
2170        2196        1        1
2143        2196        1        1
2117        2170        1        1
2090        2143        1        1
2064        2143        1        1
2037        2117        1        1
2011        2090        1        1
1984        2064        1        1
1958        2037        1        1
1931        2011        1        1
1905        1984        1        1
1879        1984        1        1
1852        1958        1        1
1826        1931        1        1
1799        1905        1        1
1773        1879        1        1
1746        1852        1        1
1720        1852        1        1
1693        1826        1        1
1693        1799        1        1
1667        1799        1        1
1640        1773        1        1
1614        1746        1        1
1588        1720        1        1
1561        1720        1        1
1535        1693        1        1
1508        1667        1        1
1508        1640        1        1
1482        1640        1        1
1455        1614        1        1
1429        1588        1        1
1402        1588        1        1
1402        1561        1        1
1376        1561        1        1
1376        1535        1        1
1349        1535        1        1
1349        1508        1        1
1323        1508        1        1
1323        1482        1        1
1296        1482        1        1
1323        1482        1        1
1349        1482        1        1
1376        1508        1        1
PEN_UP                  0
PEN_DOWN
2487        2223        1        2
2487        2196        1        2
2461        2223        1        2
2434        2249        1        2
2434        2275        1        2
2408        2275        1        2
2381        2302        1        2
2355        2328        1        2
2328        2355        1        2
2302        2381        1        2
2275        2408        1        2
2249        2408        1        2
2223        2434        1        2
2196        2461        1        2
2143        2487        1        2
2117        2514        1        2
2064        2540        1        2
2037        2540        1        2
1984        2566        1        2
1958        2593        1        2
1931        2619        1        2
1905        2619        1        2
1879        2646        1        2
1852        2646        1        2
1852        2672        1        2
1826        2672        1        2
1826        2699        1        2
1852        2699        1        2
1879        2699        1        2
1905        2699        1        2
1931        2672        1        2
1958        2672        1        2
1984        2672        1        2
2011        2672        1        2
2037        2672        1        2
2064        2672        1        2
2090        2672        1        2
2117        2699        1        2
2143        2699        1        2
2170        2725        1        2
2196        2752        1        2
2223        2752        1        2
2249        2778        1        2
2275        2805        1        2
2302        2831        1        2
2328        2858        1        2
2328        2910        1        2
2355        2937        1        2
2381        2963        1        2
2408        3016        1        2
2408        3043        1        2
2434        3069        1        2
2461        3122        1        2
2461        3149        1        2
2461        3175        1        2
2487        3201        1        2
2487        3228        1        2
2487        3254        1        2
2514        3254        1        2
2514        3281        1        2
2514        3307        1        2
2514        3281        1        2
2514        3254        1        2
2514        3228        1        2
2514        3201        1        2
2514        3175        1        2
2487        3149        1        2
2487        3122        1        2
2487        3069        1        2
2487        3043        1        2
2487        3016        1        2
2487        2963        1        2
2487        2937        1        2
2487        2910        1        2
2487        2884        1        2
2487        2831        1        2
2487        2805        1        2
2487        2778        1        2
2487        2752        1        2
2487        2725        1        2
2487        2699        1        2
2487        2672        1        2
2487        2646        1        2
2487        2619        1        2
2487        2593        1        2
2487        2566        1        2
2487        2540        1        2
2487        2514        1        2
2461        2487        1        2
2461        2461        1        2
2461        2434        1        2
2487        2434        1        2
2461        2408        1        2
2487        2381        1        2
2487        2355        1        2
2487        2328        1        2
2487        2302        1        2
2487        2275        1        2
2487        2249        1        2
2487        2223        1        2
2487        2196        1        2
2487        2170        1        2
PEN_UP                  0
PEN_DOWN
2064        1191        1        3
2037        1217        1        3
2037        1191        1        3
2064        1191        1        3
2090        1191        1        3
2117        1191        1        3
2143        1191        1        3
2196        1191        1        3
2249        1191        1        3
2302        1191        1        3
2355        1191        1        3
2434        1191        1        3
2514        1191        1        3
2593        1191        1        3
2699        1191        1        3
2778        1191        1        3
2858        1191        1        3
2937        1164        1        3
2990        1164        1        3
3069        1164        1        3
3096        1164        1        3
3149        1164        1        3
3175        1164        1        3
3201        1164        1        3
3228        1164        1        3
PEN_UP                  0
END_CHARACTER: TB
