CHARACTER_NAME: MM
STROKE_COUNT: 4
  X           Y   STYLUS_STATE STROKE
PEN_DOWN
1879        1376        1        1
1879        1349        1        1
1852        1349        1        1
1852        1323        1        1
1879        1323        1        1
1879        1349        1        1
1879        1376        1        1
1879        1402        1        1
1852        1402        1        1
1852        1429        1        1
1852        1455        1        1
1852        1482        1        1
1852        1508        1        1
1852        1535        1        1
1852        1561        1        1
1852        1588        1        1
1852        1614        1        1
1852        1640        1        1
1852        1667        1        1
1826        1693        1        1
1826        1720        1        1
1826        1746        1        1
1799        1746        1        1
1799        1773        1        1
1799        1799        1        1
1773        1799        1        1
1773        1826        1        1
1746        1852        1        1
1720        1852        1        1
1720        1879        1        1
1693        1905        1        1
1667        1931        1        1
1640        1931        1        1
1640        1958        1        1
1614        1958        1        1
1588        1958        1        1
1588        1984        1        1
1561        1984        1        1
1535        2011        1        1
1508        2011        1        1
1482        2011        1        1
1482        1984        1        1
1455        1984        1        1
1429        1984        1        1
1429        1958        1        1
1402        1931        1        1
1402        1905        1        1
1429        1905        1        1
1429        1879        1        1
1429        1852        1        1
1455        1852        1        1
1455        1826        1        1
1482        1826        1        1
1482        1799        1        1
1508        1799        1        1
1535        1799        1        1
1535        1773        1        1
1561        1773        1        1
1588        1773        1        1
1614        1773        1        1
1640        1773        1        1
1667        1773        1        1
1693        1773        1        1
1693        1799        1        1
1720        1799        1        1
1746        1799        1        1
1773        1826        1        1
1799        1826        1        1
1826        1852        1        1
1826        1879        1        1
1852        1879        1        1
1852        1905        1        1
1879        1905        1        1
1879        1931        1        1
1905        1931        1        1
1905        1958        1        1
1931        1984        1        1
1931        2011        1        1
1958        2011        1        1
1958        2037        1        1
1984        2064        1        1
1984        2090        1        1
2011        2117        1        1
2011        2143        1        1
2037        2170        1        1
2037        2196        1        1
2037        2223        1        1
2064        2249        1        1
2064        2275        1        1
2064        2302        1        1
2090        2328        1        1
2090        2381        1        1
2090        2408        1        1
2117        2434        1        1
2117        2461        1        1
2117        2487        1        1
2143        2514        1        1
2143        2540        1        1
2143        2566        1        1
2170        2593        1        1
2170        2619        1        1
2170        2646        1        1
2196        2646        1        1
2196        2672        1        1
2196        2699        1        1
2196        2672        1        1
2196        2646        1        1
2196        2619        1        1
2196        2593        1        1
2196        2566        1        1
2196        2540        1        1
2196        2514        1        1
2196        2487        1        1
2196        2461        1        1
2196        2434        1        1
2196        2381        1        1
2196        2355        1        1
2196        2328        1        1
2196        2302        1        1
2196        2275        1        1
2196        2249        1        1
2196        2223        1        1
2196        2196        1        1
2196        2170        1        1
2196        2143        1        1
2196        2117        1        1
2196        2090        1        1
2196        2064        1        1
2196        2037        1        1
2196        2011        1        1
2196        1984        1        1
2196        1958        1        1
2196        1931        1        1
2196        1905        1        1
2196        1879        1        1
2196        1852        1        1
2196        1826        1        1
2196        1799        1        1
2196        1773        1        1
2196        1746        1        1
2196        1720        1        1
2196        1693        1        1
2196        1667        1        1
2196        1640        1        1
2196        1614        1        1
2196        1588        1        1
2196        1561        1        1
2196        1535        1        1
2196        1508        1        1
2196        1482        1        1
2196        1455        1        1
2170        1455        1        1
2170        1482        1        1
PEN_UP                  0
PEN_DOWN
2090        2434        1        2
2090        2408        1        2
2090        2381        1        2
2117        2381        1        2
2090        2381        1        2
2117        2381        1        2
2117        2408        1        2
2117        2434        1        2
2117        2461        1        2
2117        2487        1        2
2143        2487        1        2
2143        2514        1        2
2143        2540        1        2
2143        2566        1        2
2143        2593        1        2
2143        2619        1        2
2143        2646        1        2
2170        2672        1        2
2143        2672        1        2
2143        2699        1        2
2143        2725        1        2
2143        2752        1        2
2143        2778        1        2
2143        2805        1        2
2143        2831        1        2
2117        2858        1        2
2117        2884        1        2
2090        2910        1        2
2090        2937        1        2
2064        2963        1        2
2064        2990        1        2
2037        2990        1        2
2037        3016        1        2
2011        3043        1        2
1984        3069        1        2
1958        3096        1        2
1931        3096        1        2
1931        3122        1        2
1905        3122        1        2
1879        3149        1        2
1852        3149        1        2
1826        3175        1        2
1799        3175        1        2
1773        3149        1        2
1773        3122        1        2
1746        3122        1        2
1746        3096        1        2
1746        3069        1        2
1746        3043        1        2
1773        3016        1        2
1773        2990        1        2
1773        2963        1        2
1799        2937        1        2
1799        2910        1        2
1826        2910        1        2
1826        2884        1        2
1852        2884        1        2
1879        2858        1        2
1905        2858        1        2
1931        2831        1        2
1958        2831        1        2
1984        2831        1        2
2011        2831        1        2
2037        2831        1        2
2064        2831        1        2
2090        2858        1        2
2117        2858        1        2
2143        2858        1        2
2170        2884        1        2
2196        2884        1        2
2223        2910        1        2
2249        2910        1        2
2275        2937        1        2
2275        2963        1        2
2302        2990        1        2
2328        3016        1        2
2355        3043        1        2
2381        3069        1        2
2408        3096        1        2
2408        3149        1        2
2434        3175        1        2
2461        3201        1        2
2487        3254        1        2
2487        3281        1        2
2514        3334        1        2
2540        3360        1        2
2566        3387        1        2
2566        3413        1        2
2593        3440        1        2
2593        3466        1        2
2619        3519        1        2
2646        3519        1        2
2646        3545        1        2
2672        3572        1        2
2672        3598        1        2
2699        3598        1        2
2699        3572        1        2
2699        3545        1        2
2699        3519        1        2
2699        3493        1        2
2699        3440        1        2
2672        3413        1        2
2672        3360        1        2
2672        3307        1        2
2672        3254        1        2
2672        3201        1        2
2646        3149        1        2
2646        3096        1        2
2646        3043        1        2
2646        2990        1        2
2646        2937        1        2
2646        2884        1        2
2646        2858        1        2
2646        2805        1        2
2672        2778        1        2
2672        2725        1        2
2672        2672        1        2
2672        2646        1        2
2672        2593        1        2
2672        2566        1        2
2672        2540        1        2
2672        2487        1        2
2672        2461        1        2
2672        2434        1        2
2672        2408        1        2
2699        2355        1        2
2699        2328        1        2
2699        2302        1        2
2699        2249        1        2
2699        2223        1        2
2699        2196        1        2
2699        2143        1        2
2699        2117        1        2
2725        2090        1        2
2725        2064        1        2
2725        2037        1        2
2725        2011        1        2
2725        1984        1        2
2725        1958        1        2
2725        1931        1        2
2752        1905        1        2
2752        1879        1        2
2752        1852        1        2
2752        1826        1        2
2778        1799        1        2
2778        1773        1        2
2778        1746        1        2
2778        1720        1        2
PEN_UP                  0
PEN_DOWN
1561        1508        1        3
1561        1535        1        3
1535        1535        1        3
PEN_UP                  0
PEN_DOWN
1535        1535        1        4
1561        1535        1        4
1561        1561        1        4
1588        1561        1        4
1614        1561        1        4
1640        1561        1        4
1667        1561        1        4
1693        1561        1        4
1746        1561        1        4
1773        1561        1        4
1826        1561        1        4
1905        1561        1        4
1958        1561        1        4
2037        1561        1        4
2117        1535        1        4
2196        1535        1        4
2275        1535        1        4
2355        1535        1        4
2461        1535        1        4
2566        1535        1        4
2646        1535        1        4
2752        1535        1        4
2831        1535        1        4
2910        1535        1        4
2963        1535        1        4
3043        1535        1        4
3096        1535        1        4
3149        1535        1        4
3201        1508        1        4
3254        1508        1        4
3307        1508        1        4
3334        1508        1        4
3360        1508        1        4
3413        1508        1        4
3440        1508        1        4
3466        1508        1        4
3519        1508        1        4
3545        1508        1        4
3572        1482        1        4
3625        1482        1        4
3651        1482        1        4
3678        1455        1        4
3731        1455        1        4
3757        1455        1        4
3784        1455        1        4
3810        1455        1        4
3784        1429        1        4
PEN_UP                  0
END_CHARACTER: MM
