CHARACTER_NAME: MV
STROKE_COUNT: 3
  X           Y   STYLUS_STATE STROKE
PEN_DOWN
1773        1455        1        1
1746        1482        1        1
1746        1508        1        1
1720        1508        1        1
1720        1535        1        1
1720        1561        1        1
1720        1588        1        1
1693        1588        1        1
1693        1614        1        1
1693        1640        1        1
1693        1667        1        1
1667        1667        1        1
1667        1693        1        1
1667        1720        1        1
1667        1746        1        1
1667        1773        1        1
1640        1773        1        1
1640        1799        1        1
1640        1826        1        1
1640        1852        1        1
1614        1852        1        1
1614        1879        1        1
1614        1905        1        1
1614        1931        1        1
1588        1931        1        1
1588        1958        1        1
1588        1984        1        1
1561        1984        1        1
1561        2011        1        1
1535        2011        1        1
1508        2011        1        1
1482        2011        1        1
1482        1984        1        1
1455        1984        1        1
1455        1958        1        1
1429        1958        1        1
1429        1931        1        1
1429        1905        1        1
1429        1879        1        1
1402        1879        1        1
1429        1852        1        1
1429        1826        1        1
1455        1826        1        1
1455        1799        1        1
1482        1799        1        1
1508        1799        1        1
1535        1799        1        1
1535        1773        1        1
1535        1799        1        1
1561        1799        1        1
1588        1799        1        1
1614        1799        1        1
1640        1799        1        1
1667        1826        1        1
1693        1826        1        1
1720        1826        1        1
1720        1852        1        1
1746        1852        1        1
1746        1879        1        1
1773        1879        1        1
1799        1879        1        1
1799        1905        1        1
1826        1905        1        1
1852        1931        1        1
1852        1958        1        1
1879        1958        1        1
1879        1984        1        1
1905        1984        1        1
1905        2011        1        1
1931        2011        1        1
1931        2037        1        1
1958        2064        1        1
1958        2090        1        1
1984        2117        1        1
1984        2143        1        1
2011        2143        1        1
2011        2170        1        1
2011        2196        1        1
2037        2223        1        1
2037        2249        1        1
2064        2249        1        1
2064        2275        1        1
2064        2302        1        1
2090        2328        1        1
2090        2355        1        1
2117        2381        1        1
2117        2408        1        1
2143        2434        1        1
2143        2461        1        1
2170        2487        1        1
2143        2461        1        1
2143        2434        1        1
2143        2408        1        1
2143        2381        1        1
2117        2355        1        1
2117        2328        1        1
2117        2302        1        1
2117        2275        1        1
2117        2249        1        1
2117        2223        1        1
2117        2196        1        1
2090        2170        1        1
2090        2143        1        1
2090        2117        1        1
2090        2090        1        1
2090        2064        1        1
2090        2037        1        1
2090        2011        1        1
2090        1984        1        1
2090        1958        1        1
2090        1931        1        1
2090        1905        1        1
2090        1879        1        1
2090        1852        1        1
2090        1826        1        1
2090        1799        1        1
2064        1773        1        1
2064        1746        1        1
2064        1720        1        1
2064        1693        1        1
2064        1667        1        1
2064        1640        1        1
2037        1614        1        1
2037        1588        1        1
2011        1561        1        1
PEN_UP                  0
PEN_DOWN
1455        1508        1        2
1429        1508        1        2
1455        1508        1        2
1482        1508        1        2
1482        1535        1        2
1508        1535        1        2
1508        1508        1        2
1535        1508        1        2
1561        1508        1        2
1588        1508        1        2
1614        1508        1        2
1640        1508        1        2
1667        1508        1        2
1693        1508        1        2
1720        1508        1        2
1746        1508        1        2
1773        1508        1        2
1773        1482        1        2
1799        1482        1        2
1826        1482        1        2
1852        1482        1        2
1879        1482        1        2
1905        1482        1        2
1931        1482        1        2
1958        1482        1        2
1984        1482        1        2
2011        1482        1        2
2037        1482        1        2
2064        1482        1        2
2090        1482        1        2
2117        1455        1        2
2143        1455        1        2
2170        1455        1        2
2196        1455        1        2
2223        1455        1        2
2249        1455        1        2
2275        1455        1        2
2302        1455        1        2
2328        1455        1        2
2355        1455        1        2
2381        1455        1        2
2408        1455        1        2
2434        1455        1        2
2461        1455        1        2
2461        1429        1        2
PEN_UP                  0
PEN_DOWN
1852        2196        1        3
1826        2196        1        3
1826        2223        1        3
1826        2249        1        3
1826        2275        1        3
1799        2302        1        3
1799        2275        1        3
1799        2249        1        3
1799        2223        1        3
1826        2223        1        3
1826        2196        1        3
1852        2196        1        3
1852        2223        1        3
1852        2249        1        3
1852        2275        1        3
1826        2275        1        3
1826        2249        1        3
1826        2223        1        3
1852        2223        1        3
1852        2196        1        3
1879        2196        1        3
1879        2223        1        3
1905        2223        1        3
1905        2249        1        3
1879        2249        1        3
1879        2275        1        3
1879        2249        1        3
1852        2249        1        3
1852        2223        1        3
1879        2196        1        3
1879        2170        1        3
1905        2143        1        3
1905        2170        1        3
1931        2196        1        3
1931        2223        1        3
1905        2249        1        3
1879        2249        1        3
1879        2223        1        3
1879        2196        1        3
1905        2196        1        3
1905        2170        1        3
1905        2143        1        3
1931        2143        1        3
1905        2143        1        3
1905        2170        1        3
1905        2196        1        3
1879        2196        1        3
1879        2223        1        3
1879        2249        1        3
1879        2275        1        3
1879        2302        1        3
1879        2328        1        3
1879        2355        1        3
1879        2381        1        3
1905        2381        1        3
1905        2408        1        3
1905        2434        1        3
1931        2434        1        3
1931        2461        1        3
1931        2487        1        3
1958        2487        1        3
1958        2514        1        3
1984        2514        1        3
1984        2540        1        3
2011        2540        1        3
2037        2540        1        3
2037        2566        1        3
2064        2566        1        3
2090        2566        1        3
2117        2540        1        3
2143        2540        1        3
2170        2540        1        3
2170        2514        1        3
2196        2514        1        3
2196        2487        1        3
2223        2487        1        3
2223        2461        1        3
2223        2434        1        3
2249        2434        1        3
2249        2408        1        3
2249        2381        1        3
2249        2355        1        3
2249        2328        1        3
2249        2302        1        3
2275        2275        1        3
2275        2249        1        3
2275        2223        1        3
2275        2196        1        3
2275        2170        1        3
2275        2143        1        3
2275        2170        1        3
2275        2196        1        3
2275        2223        1        3
2249        2223        1        3
2275        2223        1        3
2275        2249        1        3
2275        2275        1        3
2302        2275        1        3
2302        2302        1        3
2328        2328        1        3
2355        2328        1        3
2355        2355        1        3
2381        2355        1        3
2381        2381        1        3
2408        2408        1        3
2408        2434        1        3
2408        2461        1        3
2434        2461        1        3
2434        2487        1        3
2434        2514        1        3
2434        2540        1        3
2434        2566        1        3
2434        2593        1        3
2434        2619        1        3
2434        2646        1        3
2434        2672        1        3
2434        2699        1        3
2434        2725        1        3
2434        2752        1        3
2434        2778        1        3
2434        2805        1        3
2408        2831        1        3
2408        2858        1        3
2408        2884        1        3
2381        2884        1        3
2381        2910        1        3
2381        2937        1        3
2355        2937        1        3
2355        2963        1        3
2328        2990        1        3
2302        3016        1        3
2275        3043        1        3
2249        3069        1        3
2249        3096        1        3
2223        3096        1        3
2223        3122        1        3
2196        3122        1        3
2196        3149        1        3
2170        3149        1        3
2143        3175        1        3
2117        3175        1        3
2090        3175        1        3
2064        3175        1        3
2037        3175        1        3
2011        3149        1        3
1984        3149        1        3
1958        3149        1        3
1931        3149        1        3
1905        3122        1        3
1879        3122        1        3
1852        3096        1        3
1826        3069        1        3
1799        3043        1        3
1773        3016        1        3
1746        2990        1        3
1746        2963        1        3
1720        2937        1        3
1693        2884        1        3
1693        2858        1        3
1667        2831        1        3
1667        2805        1        3
1640        2752        1        3
1640        2725        1        3
1640        2699        1        3
1614        2672        1        3
1614        2646        1        3
1614        2619        1        3
1588        2593        1        3
1588        2566        1        3
1561        2566        1        3
1561        2540        1        3
1561        2514        1        3
1535        2487        1        3
1535        2461        1        3
1508        2461        1        3
1508        2434        1        3
1508        2408        1        3
1482        2381        1        3
PEN_UP                  0
END_CHARACTER: MV
